0.000000000000000000e+00
0.000000000000000000e+00
0.000000000000000000e+00
0.000000000000000000e+00
0.000000000000000000e+00
0.000000000000000000e+00
0.000000000000000000e+00
0.000000000000000000e+00
0.000000000000000000e+00
0.000000000000000000e+00
0.000000000000000000e+00
0.000000000000000000e+00
0.000000000000000000e+00
0.000000000000000000e+00
0.000000000000000000e+00
0.000000000000000000e+00
0.000000000000000000e+00
0.000000000000000000e+00
0.000000000000000000e+00
0.000000000000000000e+00
0.000000000000000000e+00
0.000000000000000000e+00
0.000000000000000000e+00
0.000000000000000000e+00
0.000000000000000000e+00
0.000000000000000000e+00
0.000000000000000000e+00
0.000000000000000000e+00
0.000000000000000000e+00
0.000000000000000000e+00
0.000000000000000000e+00
0.000000000000000000e+00
0.000000000000000000e+00
0.000000000000000000e+00
0.000000000000000000e+00
0.000000000000000000e+00
0.000000000000000000e+00
0.000000000000000000e+00
0.000000000000000000e+00
0.000000000000000000e+00
0.000000000000000000e+00
0.000000000000000000e+00
0.000000000000000000e+00
0.000000000000000000e+00
0.000000000000000000e+00
0.000000000000000000e+00
0.000000000000000000e+00
0.000000000000000000e+00
0.000000000000000000e+00
0.000000000000000000e+00
0.000000000000000000e+00
0.000000000000000000e+00
5.605193857299268284e-45
2.802596928649634142e-44
1.233142648605839022e-43
4.498168070482662798e-43
1.460152999826459388e-42
4.485556384303739444e-42
1.378737559049187516e-41
4.171945787987845384e-41
1.197493615673415676e-40
3.320110464509432334e-40
9.238676697385659460e-40
2.534623820719870724e-39
6.651879732242047147e-39
1.691128745441426121e-38
4.305889462219718753e-38
1.081971018689986341e-37
2.616749327454985267e-37
6.147840746103564957e-37
1.443544137804018780e-36
3.348926654025930727e-36
7.513612236197395231e-36
1.641700690899435818e-35
3.577804171551053938e-35
7.712598662906238398e-35
1.613807495651369147e-34
3.295578539000680876e-34
6.700034946358872182e-34
1.348718137095336851e-33
2.643267474123867218e-33
5.064900631187976973e-33
9.645277919330361578e-33
1.820160138194597245e-32
3.352305352528120895e-32
6.045162488475166375e-32
1.081638414974102949e-31
1.918894493148129380e-31
3.329330550540169450e-31
5.661905838475723825e-31
9.538923187148753800e-31
1.593837179714960712e-30
2.608926956847769235e-30
4.188717449268143940e-30
6.651821980907706765e-30
1.047502312933003497e-29
1.618201999070782109e-29
2.452591286324000549e-29
3.670251616329493007e-29
5.442992792013614310e-29
7.925623620181917864e-29
1.131868185722027841e-28
1.592512109820566913e-28
2.217083848177434524e-28
3.031127009645038583e-28
4.058851135477434267e-28
5.337004654202231374e-28
6.921286182034837910e-28
8.800786288805272378e-28
1.091948256132622667e-27
1.321773520849234734e-27
1.565130754541100398e-27
1.803863541547000651e-27
2.003220979729395525e-27
2.125551042379017339e-27
2.133358184594579877e-27
1.983518523805319663e-27
1.600981747862874355e-27
9.124679557202595767e-28
-1.566324518143004522e-28
-1.627298328698462081e-27
-3.545369323354631380e-27
-5.943599305049826733e-27
-8.867010738093988553e-27
-1.219731647197675271e-26
-1.577691611860495619e-26
-1.947550125794135861e-26
-2.322281704710262462e-26
-2.675377386631142856e-26
-2.965415656982456333e-26
-3.172326168702150180e-26
-3.289421784874520814e-26
-3.312671303014372423e-26
-3.215638022035485850e-26
-3.015341924116795525e-26
-2.739135220402884524e-26
-2.451347822896175297e-26
-2.194773894960952227e-26
-2.033807905771373625e-26
-2.022674489948859892e-26
-2.252970721574072414e-26
-2.794451934339970263e-26
-3.653038899118786453e-26
-4.826871629807429568e-26
-6.325472540348532307e-26
-8.118466479956801388e-26
-1.005647277546732297e-25
-1.206061704601205773e-25
-1.411148283626367133e-25
-1.610425148603608622e-25
-1.788578413950810909e-25
-1.946623121785863841e-25
-2.105994348536852481e-25
-2.272222132408892563e-25
-2.452113973235492095e-25
-2.664363655799093124e-25
-2.952139127947586704e-25
-3.331268390706166675e-25
-3.803186184846203751e-25
-4.370653770055004357e-25
-5.050719909608591845e-25
-5.835238135546361981e-25
-6.719513739406118217e-25
-7.740215441252861997e-25
-8.957653629443002728e-25
-1.042037529712190724e-24
-1.222153604251099328e-24
-1.439872015736338445e-24
-1.676709654550966614e-24
-1.888525710135728968e-24
-2.023586585718618399e-24
-2.017021488050142834e-24
-1.800974377000227583e-24
-1.369536487173540964e-24
-9.070086029959627435e-25
-7.894419998853202332e-25
-1.520514209241074750e-24
-3.728123111486029899e-24
-7.996008520151432706e-24
-1.419940163066958598e-23
-2.090393835275201752e-23
-2.518375804362205640e-23
-2.252823135559466878e-23
-7.782651622003547411e-24
2.297841376382076448e-23
6.977096053445343333e-23
1.235195881040163578e-22
1.629061635460276071e-22
1.551003407126550029e-22
5.842146091885769229e-23
-1.649919748883043800e-22
-5.197357946120019275e-22
-9.508521920653747754e-22
-1.324586266671344982e-21
-1.405300192087053939e-21
-8.971376559086918822e-22
4.740956600279268051e-22
2.866533626336604697e-21
6.091685187235109056e-21
9.387539485925764940e-21
1.134981627067398400e-20
9.943734437336713634e-21
2.832151104849885172e-21
-1.154148306589047031e-20
-3.289355437885859382e-20
-5.817541861039836926e-20
-7.985316644016510513e-20
-8.601380084730691699e-20
-6.207805027807501826e-20
7.198216163315944814e-21
1.306496105363590863e-19
3.000103431620107457e-19
4.834778656529300235e-19
6.209962288995645980e-19
6.214008236166795976e-19
3.840111547522301208e-19
-1.743503507040568780e-19
-1.095177618443164282e-18
-2.309249215051025443e-18
-3.578057834333358105e-18
-4.485387285159098844e-18
-4.433171922581995248e-18
-2.722536773223344873e-18
1.175293679684104932e-18
7.397975007971095972e-18
1.551091530659627588e-17
2.406163349978963272e-17
3.047475982582958096e-17
3.127556661173196790e-17
2.223157911257731429e-17
-5.241093909318410194e-19
-3.834927441187308873e-17
-8.885093051800362443e-17
-1.448405825725662265e-16
-1.922527091646438532e-16
-2.114714235167008982e-16
-1.799053246040607052e-16
-7.333979187264195922e-17
1.249389214370058001e-16
4.110408165146171985e-16
7.553179667310584103e-16
1.097136153831840787e-15
1.337524739537321664e-15
1.355550341808722022e-15
1.025608350721832988e-15
2.246638954957376217e-16
-1.110833523621890077e-15
-2.916240416739410840e-15
-4.981726023454285945e-15
-6.925880936738560562e-15
-8.171155741506890002e-15
-8.052518612848558188e-15
-5.900085074098029153e-15
-1.054788953392098855e-15
6.840751584440661615e-15
1.751051052474670439e-14
3.000746691601309524e-14
4.260079363382039686e-14
5.265637576033592449e-14
5.713958901301316451e-14
5.294315062309012943e-14
3.684726474135514851e-14
6.781012468253183947e-15
-3.665486967771580673e-14
-9.007214191083384724e-14
-1.467661441597462035e-13
-1.957449366441973981e-13
-2.232029800786419771e-13
-2.132072052544661811e-13
-1.463039487736156330e-13
-3.401881039575269973e-15
2.280782984351303888e-13
5.551244685285394720e-13
9.797358237195741282e-13
1.493539341680671928e-12
2.078262692148391544e-12
2.709167959413782967e-12
3.350905707424911562e-12
3.963634108428149005e-12
4.518709191547731763e-12
4.995953737513270099e-12
5.375273143259917674e-12
5.652112024939759394e-12
5.847353417437473055e-12
5.994448860902057419e-12
6.137966437197439618e-12
6.333510538941711232e-12
6.629552375819747212e-12
7.064699953512887376e-12
7.679825525519490270e-12
8.498534341538910297e-12
9.508797395307855282e-12
1.068272640486478409e-11
1.198434233795619974e-11
1.336413011504555826e-11
1.477656191850584833e-11
1.618908652967210315e-11
1.756748392589546626e-11
1.889482841022083193e-11
2.019478854975442772e-11
2.150733237338275927e-11
2.287230127517858591e-11
2.433848435290375534e-11
2.595284924467033960e-11
2.774571544739146134e-11
2.973813209572462313e-11
3.193145400870456285e-11
3.429474759730766209e-11
3.678417639929598693e-11
3.935196613014113609e-11
4.194607508556380537e-11
4.452694116197086771e-11
4.707292888816994036e-11
4.956627816521397278e-11
5.200478936373542638e-11
5.441266534567112956e-11
5.681721065853295727e-11
5.923819074160618925e-11
6.168913990745039655e-11
6.416606829207083251e-11
6.664489793362093906e-11
6.909244010255832791e-11
7.146247482658907302e-11
7.369382881705632826e-11
7.572709820324874386e-11
7.751094904806521413e-11
7.900335941002367690e-11
8.017590757969372817e-11
8.101028875495686066e-11
8.149667052315123783e-11
8.162957809698667688e-11
8.139387774885875615e-11
8.076195961992382877e-11
7.970983595395608745e-11
7.820534497771092219e-11
7.618869424241836441e-11
7.359407527829375795e-11
7.037684324195936370e-11
6.649983341766585454e-11
6.191603479921425901e-11
5.658787327611491946e-11
5.051094958963275872e-11
4.369266753956324578e-11
3.612091528659711059e-11
2.778033358907805450e-11
1.868639618041179062e-11
8.855507473148893638e-12
-1.734074689396791769e-12
-1.310754282890513878e-11
-2.524885509003205186e-11
-3.813249715989286415e-11
-5.175899639442427258e-11
-6.611788200272528115e-11
-8.114908744971671695e-11
-9.677800921759072139e-11
-1.129538407251828858e-10
-1.296206336709460061e-10
-1.466831517360489556e-10
-1.640424462934220173e-10
-1.816296973933262393e-10
-1.993737397398831490e-10
-2.171731822153688540e-10
-2.349222760766878082e-10
-2.525263886887785247e-10
-2.698785639410061776e-10
-2.868543735878859025e-10
-3.033249207362587185e-10
-3.191535924429445004e-10
-3.341957821589858213e-10
-3.483201505005695253e-10
-3.614034627119622201e-10
-3.733026110452897228e-10
-3.838719897508724443e-10
-3.930111791561330392e-10
-4.006326104200041982e-10
-4.065998093771838739e-10
-4.107697515465247307e-10
-4.130750463904320213e-10
-4.134635689378995949e-10
-4.118070329184320144e-10
-4.079760140829336024e-10
-4.019530264187665125e-10
-3.937450643309858833e-10
-3.832670292247541965e-10
-3.704394013759326754e-10
-3.553208005602215280e-10
-3.379954649496141883e-10
-3.184367491915196524e-10
-2.966227818923528048e-10
-2.726803227659502227e-10
-2.467577253639774426e-10
-2.188856595974897346e-10
-1.891038575729808713e-10
-1.575994196256758073e-10
-1.245794856163939812e-10
-9.014561319631297920e-11
-5.441228370650641466e-11
-1.761907633679449248e-11
1.998339341224841803e-11
5.823001802962579632e-11
9.694559044426398486e-11
1.358731460676665392e-10
1.747571115595647484e-10
2.133924009717347303e-10
2.515638808375797453e-10
2.890298278490632811e-10
3.255593294948511129e-10
3.609221532752115991e-10
3.948791571506404807e-10
4.272309450659150798e-10
4.578002144040027588e-10
4.863595082227334387e-10
5.126780111552875496e-10
5.366332933576245523e-10
5.581343165417251839e-10
5.769881794570608236e-10
5.930015922750442314e-10
6.061476875984794788e-10
6.164338484104803229e-10
6.237190763869193688e-10
6.278649267166258596e-10
6.289422871397221115e-10
6.270566288435475144e-10
6.221354542645940455e-10
6.141134822890137457e-10
6.031555810359634506e-10
5.894569277131722629e-10
5.730225738354022269e-10
5.538658975901000758e-10
5.322238205707208181e-10
5.083533594074651774e-10
4.823292321098904267e-10
4.542340115154530622e-10
4.243438100903773602e-10
3.929436498406602141e-10
3.601659526175637893e-10
3.261515502117617871e-10
2.911828556051432315e-10
2.555396449999136621e-10
2.193939058203753234e-10
1.829236762063146671e-10
1.463822535407999226e-10
1.100086896577145978e-10
7.398889140253217533e-11
3.851272079025136463e-11
3.774817264323715449e-12
-3.005214133100508889e-11
-6.278921826918804072e-11
-9.425527025541668991e-11
-1.243306985143632915e-10
-1.529224802343520651e-10
-1.798770854488651594e-10
-2.050412756249286872e-10
-2.283782746248519402e-10
-2.498789786198329921e-10
-2.694300060834819988e-10
-2.869196824573094773e-10
-3.023895300824364085e-10
-3.159055517176767580e-10
-3.273995519137429255e-10
-3.368057777120014862e-10
-3.442283125210110484e-10
-3.497901690519000795e-10
-3.534681713990295293e-10
-3.552421967700780669e-10
-3.552590444044767537e-10
-3.536778925283812214e-10
-3.505155332650389255e-10
-3.457917285842881938e-10
-3.396730396953984155e-10
-3.323305797220399427e-10
-3.238109225200958008e-10
-3.141627791247714185e-10
-3.035499074321990065e-10
-2.921342889816713750e-10
-2.799810661091584052e-10
-2.671571297518937627e-10
-2.538066978807762553e-10
-2.400670495728007836e-10
-2.260113485252901455e-10
-2.117135494694721842e-10
-1.972861735088926594e-10
-1.828314583063317400e-10
-1.684204581353654362e-10
-1.541243660474478361e-10
-1.400181082189533299e-10
-1.261651755291026689e-10
-1.126276294449723991e-10
-9.946746898359393185e-11
-8.672271234466677470e-11
-7.442033794768931898e-11
-6.260940377256218881e-11
-5.133853411831701408e-11
-4.061325928339520885e-11
-3.042956164822641085e-11
-2.082132903591382700e-11
-1.182198696575431640e-11
-3.411929376181954687e-12
4.435533971364202799e-12
1.170097612551712629e-11
1.836528151777372386e-11
2.446416680346175099e-11
3.003786802624475172e-11
3.507960588677860869e-11
3.958287517202840888e-11
4.359131805520277680e-11
4.715070348049188453e-11
5.026458416157453257e-11
5.293657873162160854e-11
5.521101284489127181e-11
5.713218786951301809e-11
5.871096664389341413e-11
5.995809404524266029e-11
6.091292054088981445e-11
6.161326310261117101e-11
6.207484526399298375e-11
6.231323790295562048e-11
6.235939542520441137e-11
6.224176729574537603e-11
6.197897750581660148e-11
6.158937249090001842e-11
6.109363015482927040e-11
6.050935447143857004e-11
5.985641843286870767e-11
5.915436890324698993e-11
5.841307298970477291e-11
5.763925794988189466e-11
5.685309861780396545e-11
5.607443329114225605e-11
5.530297053635280236e-11
5.453545948164162382e-11
5.379179393583122248e-11
5.309149647692024132e-11
5.242525510928963683e-11
5.178121473270458353e-11
5.117853016378681730e-11
5.063591906884212790e-11
5.013655809960049226e-11
4.966164285358232178e-11
4.922937058005061317e-11
4.885743892790728182e-11
4.852329996141158119e-11
4.820310470221578214e-11
4.791374935697589876e-11
4.767147093742707398e-11
4.744973858272771849e-11
4.722150448444040194e-11
4.700184338957136276e-11
4.680506329735045767e-11
4.660260025102225256e-11
4.636627540244298018e-11
4.610871753851775168e-11
4.584167073717893004e-11
4.553664736950402414e-11
4.516650595198790086e-11
4.474058623582521932e-11
4.426718019923114866e-11
4.372019066223309380e-11
4.307589354657359593e-11
4.233923975305309284e-11
4.151412894004558041e-11
4.057941482837890135e-11
3.951736507468162074e-11
3.832740722020666624e-11
3.700801470829517825e-11
3.554579894315956778e-11
3.393176017940646716e-11
3.215859523120201402e-11
3.021832437055671505e-11
2.810821714271938276e-11
2.583076287587804387e-11
2.337085039383346441e-11
2.071317943552752894e-11
1.786857987962076066e-11
1.485361139641483419e-11
1.164447965135151364e-11
8.217876899807574631e-12
4.600662732723304060e-12
8.255449275573756296e-13
-3.140515625332795935e-12
-7.329133827616018948e-12
-1.169555771673991273e-11
-1.618955490501061689e-11
-2.085335376600383483e-11
-2.572660660893344442e-11
-3.074577745176831911e-11
-3.584282176616326865e-11
-4.106845766238542694e-11
-4.646960247156606272e-11
-5.196448132904762929e-11
-5.746843279030855456e-11
-6.303938621110560803e-11
-6.873031310750121747e-11
-7.444356242558569647e-11
-8.008077534427116007e-11
-8.570521375927953045e-11
-9.137412354531804226e-11
-9.697808528441598241e-11
-1.024096779600469631e-10
-1.077346614697383131e-10
-1.130118776337951658e-10
-1.181258285631869853e-10
-1.229658597168281631e-10
-1.275962391300566878e-10
-1.320739212440358301e-10
-1.362844143093511207e-10
-1.401210675266995054e-10
-1.436425284273568082e-10
-1.469005472820583691e-10
-1.497905410818844985e-10
-1.522183767921347908e-10
-1.542333344373147952e-10
-1.558789763933532413e-10
-1.570700652875345327e-10
-1.577339509006847607e-10
-1.579065489476505491e-10
-1.576197228292386399e-10
-1.568163099374686453e-10
-1.554529421854411453e-10
-1.535478133529721845e-10
-1.511174657631286777e-10
-1.481402639447182423e-10
-1.446082836809026162e-10
-1.405188465586348912e-10
-1.358707313325879795e-10
-1.306834501724196684e-10
-1.249889913790269702e-10
-1.187620696230240469e-10
-1.119822914952273152e-10
-1.047131131803880066e-10
-9.702791348153994022e-11
-8.887827279702165129e-11
-8.022389003103924665e-11
-7.117129108280551009e-11
-6.183342032839433955e-11
-5.213964676675786336e-11
-4.203059775220729932e-11
-3.165145576189409837e-11
-2.114939300079665685e-11
-1.043443196430127173e-11
5.698005543959550057e-13
1.168757278457999149e-11
2.274596830331709896e-11
3.385015878709651815e-11
4.509034812194556707e-11
5.627153604192969283e-11
6.720622669487141820e-11
7.800935591939506253e-11
8.878067031536929221e-11
9.931917788197353048e-11
1.094354815101006295e-10
1.192474174960267419e-10
1.288586182202067221e-10
1.380760367153399670e-10
1.467213850414594845e-10
1.549080724805307341e-10
1.627376566837313021e-10
1.700389551384517972e-10
1.766573415329375507e-10
1.826949841410296926e-10
1.882455996637943940e-10
1.931721310688416793e-10
1.973544522249071065e-10
2.008774119266476532e-10
2.038215846100754902e-10
2.060934478631537559e-10
2.076152860741586892e-10
2.084494660214986084e-10
2.086584932614599097e-10
2.081979172396941635e-10
2.070365684447850185e-10
2.052107789252133330e-10
2.027613493771340814e-10
1.996940945936387379e-10
1.960244189191939768e-10
1.917608849488772194e-10
1.869204929727530384e-10
1.815563671625497477e-10
1.757272244384822102e-10
1.694144546871001467e-10
1.626111467700752655e-10
1.554113920887445488e-10
1.479104477786208349e-10
1.400652371863486678e-10
1.318461589905339792e-10
1.233787100263228353e-10
1.147854242211643339e-10
1.060025955901267025e-10
9.698074981967508279e-11
8.786522204262681157e-11
7.879496360940763111e-11
6.969089194619471073e-11
6.048779532807913029e-11
5.133889147135306530e-11
4.238853365534644979e-11
3.354836547453388107e-11
2.474236440730415154e-11
1.612015729235416472e-11
7.821015536590980588e-12
-2.467167095621114470e-13
-8.164642573138536363e-12
-1.579670595719395720e-11
-2.301758089684469155e-11
-2.991640962735075959e-11
-3.657503466758527111e-11
-4.287850977058305091e-11
-4.872207498562985961e-11
-5.418733517448259818e-11
-5.935156532910212945e-11
-6.412585046300378622e-11
-6.843010880164257514e-11
-7.233459664579555692e-11
-7.590812700630777954e-11
-7.908987353921759222e-11
-8.182599736672457880e-11
-8.417282842954065814e-11
-8.618782076919018209e-11
-8.783765381714658815e-11
-8.909387810840385669e-11
-8.999764128381215755e-11
-9.059320654758451496e-11
-9.087209457137035429e-11
-9.082854607322943252e-11
-9.048847782189284317e-11
-8.988237931717435458e-11
-8.902242831787532396e-11
-8.792155198333873045e-11
-8.659146316647436947e-11
-8.504929399633098797e-11
-8.332280004852421484e-11
-8.143884178135607499e-11
-7.939670448875446596e-11
-7.720136335764848923e-11
-7.489085046552546032e-11
-7.250113703838323431e-11
-7.002139840173171592e-11
-6.744625691279537705e-11
-6.481908065847363787e-11
-6.218038584027141269e-11
-5.951171500040430828e-11
-5.679957199022922509e-11
-5.408841430298849673e-11
-5.141954223519817901e-11
-4.876938089481974714e-11
-4.611853954283873236e-11
-4.350930032925859337e-11
-4.098078820735651107e-11
-3.850660415527507041e-11
-3.606369022857158768e-11
-3.368990850183273267e-11
-3.142023446978114976e-11
-2.922744338218485893e-11
-2.708676165308343542e-11
-2.503034758627453726e-11
-2.308791352545469522e-11
-2.123297024314574344e-11
-1.944065047831955440e-11
-1.773699763452096789e-11
-1.614616773615296097e-11
-1.464359536407222606e-11
-1.320560761436384567e-11
-1.185237324952126414e-11
-1.060272442759968570e-11
-9.434753325820999237e-12
-8.326837483418891850e-12
-7.293912002159785857e-12
-6.350108373159857322e-12
-5.476609617194316826e-12
-4.654435257350764132e-12
-3.894203102344784284e-12
-3.206175125738952580e-12
-2.574768957069872855e-12
-1.983901974991764128e-12
-1.440824131011819720e-12
-9.527825577115844879e-13
-5.073468771835121238e-13
-9.137852421351594367e-14
2.903291485261555449e-13
6.327388699794989080e-13
9.453476413137651413e-13
1.238464625991086976e-12
1.508988680537504123e-12
1.753438648617600126e-12
1.978686745701674354e-12
2.192432867198501611e-12
2.392686309499181263e-12
2.577023230226904715e-12
2.750022215156078254e-12
2.917029682039662397e-12
3.076752828207185431e-12
3.227496611982183516e-12
3.371881116334685125e-12
3.513193859092100801e-12
3.650636650615046719e-12
3.783090594261517836e-12
3.911565515934967152e-12
4.037610957380310950e-12
4.160838774219799419e-12
4.280653522620303519e-12
4.396793259336950754e-12
4.509418879972137972e-12
4.618570716846681634e-12
4.724197161937171430e-12
4.825138118919047869e-12
4.920551813225593207e-12
5.010952590367434567e-12
5.096868673643006886e-12
5.176582253130224132e-12
5.248591491979759383e-12
5.313909468701583094e-12
5.373643804235106458e-12
5.425781785667327384e-12
5.468414783493802389e-12
5.503030323095181586e-12
5.531273356007559983e-12
5.550956395927730824e-12
5.559866803062085694e-12
5.559901931212474224e-12
5.553163397870042317e-12
5.537326673576981051e-12
5.509946665593901116e-12
5.473286320695214258e-12
5.429835834430685182e-12
5.377169629700029319e-12
5.312706004290124184e-12
5.239008879498463500e-12
5.158857282333562111e-12
5.069846018695978174e-12
4.969464076354235260e-12
4.860518671573332838e-12
4.745979217263274208e-12
4.623690319505158186e-12
4.491470563527943938e-12
4.352241223665176406e-12
4.208991662146832624e-12
4.059972844028258976e-12
3.903465224663893451e-12
3.742282525531770432e-12
3.579218518789950565e-12
3.412949827266698044e-12
3.242199043962390448e-12
3.069462869639827396e-12
2.897147799441057714e-12
2.724261788378257165e-12
2.549856810071804425e-12
2.375957286818164427e-12
2.204451681961372422e-12
2.034584523427640512e-12
1.865688810040455614e-12
1.699282208000862937e-12
1.536714657433824183e-12
1.377553995353386629e-12
1.221560829919865476e-12
1.069794643496213560e-12
9.231088116123942200e-13
7.815929977880720081e-13
6.456292206587221916e-13
5.158266934250643754e-13
3.925394894115780131e-13
2.765276614462297555e-13
1.688889642286611759e-13
6.972109792714037413e-14
-2.116816989164611862e-14
-1.023592899351312424e-13
-1.721307829345014584e-13
-2.309959135863431934e-13
-2.797732206495651130e-13
-3.165701208118765209e-13
-3.392659146238957701e-13
-3.490478576746031125e-13
-3.473797855271798518e-13
-3.320883607167701701e-13
-3.008383201840575394e-13
-2.554182722529912963e-13
-1.978276754650148961e-13
-1.257483429450284573e-13
-3.678552620389567707e-14
6.682585799826223916e-14
1.827420999895787435e-13
3.132395601582182998e-13
4.605242511120100080e-13
6.221103818725148837e-13
7.955346993139544853e-13
9.826799747189585155e-13
1.185138575818256435e-12
1.400373523738340786e-12
1.626026895594490096e-12
1.863085206943448924e-12
2.112010002650044349e-12
2.370454310271497000e-12
2.636411488426970706e-12
2.909488622249156720e-12
3.188592185426886161e-12
3.471867758564339823e-12
3.757960088945910826e-12
4.044815263976042630e-12
4.329595276048037178e-12
4.611329981057954441e-12
4.889690215226227821e-12
5.160915965418677587e-12
5.420450546744781661e-12
5.668598403174573974e-12
5.906414680262317418e-12
6.128537781424636677e-12
6.328856709536534453e-12
6.509262746867694460e-12
6.672435173826762878e-12
6.811652804306067566e-12
6.919590334747427463e-12
6.999866832002599182e-12
7.056812599548489828e-12
7.082812201325561219e-12
7.069935348963385380e-12
7.023448662935027897e-12
6.949123134564194615e-12
6.839211488807173112e-12
6.686063161454036674e-12
6.496261861776986279e-12
6.276581684949711359e-12
6.020092410685684570e-12
5.720418062848953156e-12
5.384896521742899012e-12
5.020680919620712501e-12
4.622593540587471850e-12
4.186412067702649509e-12
3.719487825376566192e-12
3.228609870772891632e-12
2.711082877290826865e-12
2.165473095977477058e-12
1.598315121746629597e-12
1.015215906133293267e-12
4.164248156371397336e-13
-1.963457201730259283e-13
-8.182329596859161391e-13
-1.445609148879867245e-12
-2.075085979783009016e-12
-2.701745728181381700e-12
-3.323162925394917977e-12
-3.938347477999704083e-12
-4.540908014188937969e-12
-5.123043482491151934e-12
-5.685314632269955482e-12
-6.229738513247040643e-12
-6.747458061034938837e-12
-7.228543284776289823e-12
-7.676722972582705751e-12
-8.097005704810200655e-12
-8.479003089922887426e-12
-8.811756012361282586e-12
-9.101929279720089028e-12
-9.357105368312801374e-12
-9.566509043268389689e-12
-9.719347722481064267e-12
-9.824566507554699513e-12
-9.891554589303019895e-12
-9.910257510459263841e-12
-9.871142098161200806e-12
-9.784493527897897280e-12
-9.660516310516786831e-12
-9.490852548310613201e-12
-9.268148748464710707e-12
-9.002929478307830635e-12
-8.705112151952132393e-12
-8.368820393622744547e-12
-7.989576882028170957e-12
-7.577006730374868937e-12
-7.139654752824631245e-12
-6.674671232387296982e-12
-6.180855306736621202e-12
-5.665877489402504352e-12
-5.135973677600214060e-12
-4.591512500068395397e-12
-4.034543532593914961e-12
-3.469954358570337405e-12
-2.901030110580293808e-12
-2.331110348155474021e-12
-1.765034299272549845e-12
-1.204450927015654482e-12
-6.494533643514044385e-13
-1.057677843962004371e-13
4.197129839858537714e-13
9.285678779710759834e-13
1.423703819766752865e-12
1.897754306132148905e-12
2.342603975385992854e-12
2.762663145125521247e-12
3.163314011775386625e-12
3.536358272188122598e-12
3.873307490714905654e-12
4.180719138935362622e-12
4.465679562248858758e-12
4.719960099847098078e-12
4.935521609461535064e-12
5.120204173841846895e-12
5.281901652165466032e-12
5.413151264038740251e-12
5.507124270498486851e-12
5.572009000032185355e-12
5.615592192642626657e-12
5.631829204377769571e-12
5.615640331219085013e-12
5.574641876587849154e-12
5.515682095086349435e-12
5.434536935050582329e-12
5.328125093906344034e-12
5.202750123084465272e-12
5.063719409059697085e-12
4.908762632482854826e-12
4.736776509223217246e-12
4.552271753999193038e-12
4.358678348803657343e-12
4.155589500981493600e-12
3.943676114837035840e-12
3.725467850879127241e-12
3.502463943871880758e-12
3.275910575792351231e-12
3.047959887952922386e-12
2.819230526113214452e-12
2.589460980709223925e-12
2.361223412974955416e-12
2.137735084437042410e-12
1.917951041041643379e-12
1.700174723229253004e-12
1.487854978110547677e-12
1.284774912325981067e-12
1.088621922641641593e-12
8.967084887123721870e-13
7.128579410792257320e-13
5.409197937657206356e-13
3.777916293603439390e-13
2.202710399062252078e-13
7.209838059690429346e-14
-6.320717739352957332e-14
-1.890445943232912929e-13
-3.086781318831915977e-13
-4.187699449362258797e-13
-5.163716134369555899e-13
-6.047525761415650791e-13
-6.868811075477765371e-13
-7.600382996575394401e-13
-8.220034353710603536e-13
-8.756294300749090098e-13
-9.233698874955287295e-13
-9.632706958473402636e-13
-9.939164291941637863e-13
-1.017561035432379413e-12
-1.036015565870906929e-12
-1.048128597802566730e-12
-1.053261861408416600e-12
-1.052979426742484126e-12
-1.048422308171093054e-12
-1.039185989863689041e-12
-1.025292372704156296e-12
-1.007626707766329233e-12
-9.867163509869047999e-13
-9.627480019799850020e-13
-9.362106359253608012e-13
-9.073961742579739198e-13
-8.763334567556124721e-13
-8.436113136181533356e-13
-8.100006125902337040e-13
-7.753436564658655605e-13
-7.393171361572137279e-13
-7.027524178901400909e-13
-6.665629419949636869e-13
-6.302939940805440955e-13
-5.934118214173667027e-13
-5.568627156615768570e-13
-5.215914505862784267e-13
-4.869792178015253103e-13
-4.523988334555889557e-13
-4.187979986674389421e-13
-3.870529385278237422e-13
-3.564871108811124012e-13
-3.264718953076978236e-13
-2.978526984515755816e-13
-2.713542010448349862e-13
-2.463288362349047578e-13
-2.222123581061691278e-13
-1.996714154694351206e-13
-1.792256528734478827e-13
-1.602996435676878884e-13
-1.424091286518144872e-13
-1.259891171424831757e-13
-1.113291249010654738e-13
-9.793591447797983518e-14
-8.540613556000734019e-14
-7.397161090041612375e-14
-6.375967326810103031e-14
-5.440445186369324837e-14
-4.563289714631588168e-14
-3.759727514669915227e-14
-3.039719355130837686e-14
-2.385381829398975501e-14
-1.787281870353936430e-14
-1.263033528133873651e-14
-8.266500311148675811e-15
-4.762263174952485745e-15
-2.149712233649237782e-15
-5.805346238892648576e-16
-1.401628034166849503e-16
-8.232891843746638089e-16
-2.630581096376739814e-15
-5.541247612806743730e-15
-9.455304276356508303e-15
-1.426239328191063888e-14
-1.984730501963186816e-14
-2.601752499423529152e-14
-3.256028191750241774e-14
-3.934151927300309770e-14
-4.625119731649363075e-14
-5.314116659736745074e-14
-5.990700150575525851e-14
-6.654948131196852801e-14
-7.310779314827903219e-14
-7.960336356012051584e-14
-8.607783946344357839e-14
-9.264390334528735393e-14
-9.942673989899245002e-14
-1.064821787601782921e-13
-1.138246533702660934e-13
-1.215233019465425390e-13
-1.296390159935198461e-13
-1.381152543679028954e-13
-1.468470798519222464e-13
-1.558164540319331715e-13
-1.650100141161597866e-13
-1.742997835906673343e-13
-1.835428375040679128e-13
-1.927336328727546899e-13
-2.018979059457970404e-13
-2.109240110044832694e-13
-2.196837817994984343e-13
-2.282440458422491103e-13
-2.367009312078532934e-13
-2.449175302669803767e-13
-2.527250869514829912e-13
-2.602244049583479768e-13
-2.675346381063314904e-13
-2.744721767575231119e-13
-2.808524897021658084e-13
-2.868162521721395741e-13
-2.925156590474070617e-13
-2.977898418306257344e-13
-3.024988571263820258e-13
-3.068266127281837896e-13
-3.109500233255263479e-13
-3.146958605163008293e-13
-3.178935250886666397e-13
-3.206985187392125125e-13
-3.232343592004388588e-13
-3.252224878291798404e-13
-3.264128062892973636e-13
-3.269103195611966495e-13
-3.267797003044664583e-13
-3.257371586004587094e-13
-3.236234793601439064e-13
-3.205934324436443550e-13
-3.167539743952757503e-13
-3.120258500362294019e-13
-3.065086162309937912e-13
-3.004309041126917990e-13
-2.939312205088584484e-13
-2.871235150678219661e-13
-2.802715741781480752e-13
-2.735089444424326777e-13
-2.668205283454239130e-13
-2.603444532438964343e-13
-2.543584375243324036e-13
-2.487507270478028776e-13
-2.432384805725607002e-13
-2.379682280222172874e-13
-2.332662600405821518e-13
-2.288098909560692951e-13
-2.241263408588392569e-13
-2.194936669485531011e-13
-2.153790112837533632e-13
-2.113487201005001537e-13
-2.068500129211517380e-13
-2.023181562603795780e-13
-1.983160543336109916e-13
-1.943116891348073416e-13
-1.896791914073742147e-13
-1.849065741016744924e-13
-1.805237681345647771e-13
-1.758801708873908298e-13
-1.702813915262571531e-13
-1.641780515791030348e-13
-1.579745720087927241e-13
-1.509638497109583311e-13
-1.424804691547640334e-13
-1.328904027835323132e-13
-1.224149769182489300e-13
-1.104244191744985226e-13
-9.643258007440216883e-14
-8.067229881076470877e-14
-6.312549631235994663e-14
-4.336902202379394611e-14
-2.120843275576090453e-14
3.325185170816708467e-15
3.054612227222641696e-14
6.058790757513046743e-14
9.328786522563511929e-14
1.288582549040587222e-13
1.679087370445170313e-13
2.102063911390422701e-13
2.551731612468466359e-13
3.032258417880878687e-13
3.551836288192417035e-13
4.103841832331367456e-13
4.678064576338347713e-13
5.280017959310989717e-13
5.919025035730496320e-13
6.584328893742552591e-13
7.261967177769890203e-13
7.958503647764736399e-13
8.683792617272811931e-13
9.424117302508916438e-13
1.016336212238122538e-12
1.090875328436935465e-12
1.166964962162619912e-12
1.243077038873274809e-12
1.317551645042824848e-12
1.391053396603003645e-12
1.464302095376124324e-12
1.535759475319864453e-12
1.603888137753639587e-12
1.669170227383554028e-12
1.731989660198884895e-12
1.790994327670325514e-12
1.844978380141637508e-12
1.894177740005553723e-12
1.938583408384042528e-12
1.977225674854032889e-12
2.009407614259051122e-12
2.035061355543099637e-12
2.053744110538935352e-12
2.065001815376721339e-12
2.068752721212652190e-12
2.064614972041578511e-12
2.051758936361114394e-12
2.030343775050180710e-12
2.000956475164961113e-12
1.962964946838896552e-12
1.915255931281278912e-12
1.858614174024553201e-12
1.794261028816024339e-12
1.721362744185050975e-12
1.638602448172932213e-12
1.547315227334866705e-12
1.449238840912914217e-12
1.343399675356182765e-12
1.228403121410204246e-12
1.106018597020475003e-12
9.783443586514062318e-13
8.444006127997227829e-13
7.029025798910293332e-13
5.559010825446908388e-13
4.056651932773935876e-13
2.513580977473589551e-13
9.196952959400137018e-14
-7.036951858892248612e-14
-2.334360461007933818e-13
-3.978189576803875527e-13
-5.641493674123088109e-13
-7.304290093775034354e-13
-8.946957757993700966e-13
-1.057226788753196089e-12
-1.218213355712316481e-12
-1.375979300118068682e-12
-1.529000992657458813e-12
-1.677213381200137743e-12
-1.820356148804491703e-12
-1.957228866825144742e-12
-2.086881665738782310e-12
-2.208924449603744122e-12
-2.322690000403082600e-12
-2.427565310228474438e-12
-2.523256993972045059e-12
-2.609097616776412387e-12
-2.684085375834199816e-12
-2.748243473071898535e-12
-2.801953547654223442e-12
-2.844340431587544238e-12
-2.874178542736083308e-12
-2.892121871850283910e-12
-2.899182846918813006e-12
-2.894400647976413943e-12
-2.876493097533905363e-12
-2.846685777727064881e-12
-2.806529531343415762e-12
-2.755117098005022136e-12
-2.691264312099095335e-12
-2.616643230216042504e-12
-2.533187201669839794e-12
-2.440133164971491908e-12
-2.336496014027078516e-12
-2.224217338087086659e-12
-2.105418703962635973e-12
-1.979538061247509972e-12
-1.845860270188737218e-12
-1.706404874173006458e-12
-1.563276634877763804e-12
-1.416145087480835674e-12
-1.264604957210146985e-12
-1.110559669399713290e-12
-9.559023494629115270e-13
-8.005437133508375158e-13
-6.443975127806700343e-13
-4.890786668883262411e-13
-3.361025921553434381e-13
-1.856026725539916544e-13
-3.778406624035945960e-14
1.061662896809610623e-13
2.452321115273270458e-13
3.791029718879651567e-13
5.073468229734034995e-13
6.292916491720812466e-13
7.444827631979122895e-13
8.525050240390519285e-13
9.527899302863573894e-13
1.045205480325328562e-12
1.129854564942134321e-12
1.206282144484982499e-12
1.273858622752310765e-12
1.332946990631467266e-12
1.384137487785153109e-12
1.426978001907441840e-12
1.460837961014815889e-12
1.486482703420832774e-12
1.504874783814225125e-12
1.515600253805537978e-12
1.518082317839009043e-12
1.513365929968479850e-12
1.502644796785856940e-12
1.485571865175727702e-12
1.461665749373508572e-12
1.432106711864167270e-12
1.398165546014074057e-12
1.359573044423800781e-12
1.315963722541002578e-12
1.268512963940870986e-12
1.218431497189420565e-12
1.165535333177980526e-12
1.109582803242303850e-12
1.051633172904908875e-12
9.927290109748576619e-13
9.327577772666462153e-13
8.715819407346947489e-13
8.100555816403787190e-13
7.489781364555803123e-13
6.882862335633177508e-13
6.279263675863788752e-13
5.685078059355919144e-13
5.105611571541712745e-13
4.540670411282837771e-13
3.990435911392642421e-13
3.458493257404993138e-13
2.947515007675066689e-13
2.457665689882537752e-13
1.989671855008243173e-13
1.544831157527376542e-13
1.123549292340354777e-13
7.263121853083587265e-14
3.542441879655737480e-14
6.804154784800710721e-16
-3.173311019879533623e-14
-6.174828172649665659e-14
-8.923607295804880657e-14
-1.143836138002909952e-13
-1.374405146983836978e-13
-1.583317624145180735e-13
-1.769261549332962202e-13
-1.934905008568396645e-13
-2.083362508117220235e-13
-2.213806801721826534e-13
-2.324895647092678486e-13
-2.419586070129958744e-13
-2.501123223461187983e-13
-2.568518585755602546e-13
-2.620356731077022605e-13
-2.659549284359657984e-13
-2.689172669267936300e-13
-2.708115578575059912e-13
-2.714969904709513271e-13
-2.712419590149284243e-13
-2.703205497986416184e-13
-2.686160484582228447e-13
-2.659934718231976580e-13
-2.626866551971168695e-13
-2.589282141560872441e-13
-2.546030335344451334e-13
-2.495869992884952593e-13
-2.440792793573232089e-13
-2.382746777662703153e-13
-2.320611693258645136e-13
-2.253206844195221326e-13
-2.182183470381127144e-13
-2.109131012201226341e-13
-2.032901299554856767e-13
-1.952333965066915811e-13
-1.868818278296172086e-13
-1.783696888107977330e-13
-1.695891555441794707e-13
-1.604388957842164953e-13
-1.510449209284059346e-13
-1.415263847955039456e-13
-1.317932037375041388e-13
-1.217665969140482862e-13
-1.115579999796771637e-13
-1.012686503122466053e-13
-9.083163230892352114e-14
-8.019609011155476308e-14
-6.945773844318006707e-14
-5.870081981260155679e-14
-4.789057876392749380e-14
-3.701080647467921980e-14
-2.614021432851328791e-14
-1.534335131820815934e-14
-4.616397748688190819e-15
6.026068519507897514e-15
1.653058319026588785e-14
2.686072427037031890e-14
3.699209382280847780e-14
4.687991938005439674e-14
5.650073643540323709e-14
6.584998117533519268e-14
7.487252191937937562e-14
8.349152939108803184e-14
9.171731028736335167e-14
9.958086601407484251e-14
1.069973713037526697e-13
1.138611503258973867e-13
1.202198334371989974e-13
1.261412849173915163e-13
1.315155124560762889e-13
1.362140652008680952e-13
1.403198981704892323e-13
1.439339370346709446e-13
1.469276496258650755e-13
1.491590596695846482e-13
1.507438379851067101e-13
1.518131730353020070e-13
1.522336537428461978e-13
1.518638865919200165e-13
1.508478400785023821e-13
1.493395386737220165e-13
1.472067774751714686e-13
1.443133671374594029e-13
1.408170455241553043e-13
1.368790063932534551e-13
1.323767755568444615e-13
1.271937064136960394e-13
1.214936354645979044e-13
1.154381630433590211e-13
1.089338444752382951e-13
1.018999338034398683e-13
9.449283396760835285e-14
8.685774674369386994e-14
7.893331984126089607e-14
7.067369828467687243e-14
6.220914218870235435e-14
5.365481076471424748e-14
4.498211834480861371e-14
3.617867791916480613e-14
2.734153066441796093e-14
1.855033155892787250e-14
9.799510514033396569e-15
1.094234430712784367e-15
-7.509660279150960627e-15
-1.597252061516507560e-14
-2.429415514788348107e-14
-3.246728447615747359e-14
-4.047272499779763777e-14
-4.830409008438167617e-14
-5.596218949940716392e-14
-6.344137861531359834e-14
-7.075043946969811204e-14
-7.790930444187549320e-14
-8.491729590548793838e-14
-9.176166093248158684e-14
-9.846824419214306179e-14
-1.050729056713273213e-13
-1.115510000994010542e-13
-1.178572213780815225e-13
-1.240240278099075111e-13
-1.300952889252832145e-13
-1.360042178703835258e-13
-1.416640242613009804e-13
-1.471195805154493219e-13
-1.524279563246827562e-13
-1.574910042873370331e-13
-1.622043970493647347e-13
-1.666348808070095000e-13
-1.708546769774860197e-13
-1.747761955777846210e-13
-1.783329343571504744e-13
-1.816135946058200501e-13
-1.846985292573016801e-13
-1.875784277254391452e-13
-1.902937036462118425e-13
-1.929381811651212364e-13
-1.955790537118071160e-13
-1.983349465564665515e-13
-2.013839941160389113e-13
-2.047837268683017076e-13
-2.085509906045099338e-13
-2.129236321762525974e-13
-2.181833679655229008e-13
-2.243066301275964403e-13
-2.312278244310378428e-13
-2.392385606026642408e-13
-2.486406263171869746e-13
-2.593052996716777026e-13
-2.710727963709663735e-13
-2.841943260584178788e-13
-2.988980861862861049e-13
-3.149615713637227143e-13
-3.321520304893493813e-13
-3.506152887553654063e-13
-3.704594682234219061e-13
-3.914212703959307760e-13
-4.132501090457763038e-13
-4.359727368615645693e-13
-4.595740021179350876e-13
-4.838116669445002849e-13
-5.084749353338746669e-13
-5.334756074393265379e-13
-5.586749053827777534e-13
-5.839017420614101006e-13
-6.090360962947294343e-13
-6.338564113687883417e-13
-6.580607369785496097e-13
-6.815801720759517845e-13
-7.044197582010969239e-13
-7.261468986871633113e-13
-7.461987841864137216e-13
-7.646349916082262332e-13
-7.816216749355342497e-13
-7.964099757278020331e-13
-8.080726842871199800e-13
-8.168468614185020460e-13
-8.231101347386249323e-13
-8.257179662241043161e-13
-8.233241020373649466e-13
-8.164095484722300178e-13
-8.056216284357820001e-13
-7.894234853485226910e-13
-7.660957914053245776e-13
-7.364407477936096846e-13
-7.014370638144806769e-13
-6.592692429301105772e-13
-6.079949369484916044e-13
-5.487946251950259757e-13
-4.830090862863178902e-13
-4.087220470926078431e-13
-3.239619401733395687e-13
-2.302725067918065527e-13
-1.293089712996881024e-13
-1.923541858293072865e-14
1.017589129821173943e-13
2.318753370735004982e-13
3.692858464767606597e-13
5.155597086400898199e-13
6.721317838236096076e-13
8.371217673046327246e-13
1.008727064551184771e-12
1.187982546536903161e-12
1.375625091268317668e-12
1.569870427230168897e-12
1.769131716122807063e-12
1.973510114008925065e-12
2.182618235452293831e-12
2.394947304709682534e-12
2.609316191934385465e-12
2.824507121246266905e-12
3.038684104686439902e-12
3.250883286523564841e-12
3.460609836886119339e-12
3.665211363579334858e-12
3.861415961287084642e-12
4.049204548051132946e-12
4.229146546852469157e-12
4.397387835808341805e-12
4.549536528758446607e-12
4.686881091564565338e-12
4.811341429433735328e-12
4.918187818808705813e-12
5.002227798645009216e-12
5.066136312542601772e-12
5.113157293401560111e-12
5.137897052254203345e-12
5.134588067223777585e-12
5.107084893873903297e-12
5.059683141211968049e-12
4.986595771722113213e-12
4.881858806093930525e-12
4.750250540141998101e-12
4.596822488628360404e-12
4.415989275641241107e-12
4.202322517743439789e-12
3.961296568544270258e-12
3.698448231698181488e-12
3.409226677006382822e-12
3.089591082972020786e-12
2.745335642845292412e-12
2.382026433739303783e-12
1.996835639547778207e-12
1.587703384563210474e-12
1.160077025760819502e-12
7.188543922446999357e-13
2.632946757754467404e-13
-2.064081463257552707e-13
-6.859095539810122766e-13
-1.171676904804241914e-12
-1.662217780952490731e-12
-2.155020085992109813e-12
-2.647433487712458344e-12
-3.137779966411180510e-12
-3.622387979851371398e-12
-4.096597193414819316e-12
-4.559838617801403871e-12
-5.012582363073114777e-12
-5.449298130788537975e-12
-5.863601704875209819e-12
-6.257206124765657407e-12
-6.632830569508474383e-12
-6.983561732371024178e-12
-7.301813667592860213e-12
-7.591510753357511021e-12
-7.857439525416065607e-12
-8.091804136467484199e-12
-8.286382864597374720e-12
-8.446976625109403614e-12
-8.580009966396850984e-12
-8.677464129192014042e-12
-8.731262240990744772e-12
-8.748636363964390483e-12
-8.737139484127354194e-12
-8.689427649644088092e-12
-8.598506455459453690e-12
-8.472477060206262678e-12
-8.319411999579973127e-12
-8.133421887379643778e-12
-7.909262654537396742e-12
-7.655093572922488931e-12
-7.378661050216894779e-12
-7.075868536932095054e-12
-6.743422660548947789e-12
-6.388577600963118996e-12
-6.017844642741687622e-12
-5.628977752664132694e-12
-5.220656806165235864e-12
-4.798496235774996066e-12
-4.367157677154231976e-12
-3.926346660992896531e-12
-3.476801962651321354e-12
-3.022137661651269624e-12
-2.564915510885890093e-12
-2.106858307607262226e-12
-1.650711685396988315e-12
-1.197916982623170590e-12
-7.488419064526075086e-13
-3.070050453007205915e-13
1.231993565324607243e-13
5.425935308694951331e-13
9.530067707208544903e-13
1.349575507771094696e-12
1.726787332914647699e-12
2.087602443343050673e-12
2.435799608888067347e-12
2.765674841920251481e-12
3.071156393433249754e-12
3.356924547365247591e-12
3.628188244633734350e-12
3.878935367351843411e-12
4.103108477981898261e-12
4.306502637135833922e-12
4.495111314423150262e-12
4.663153977541023565e-12
4.805111170069764626e-12
4.927237871182876816e-12
5.035668930453152115e-12
5.125312934478598592e-12
5.191593249048720438e-12
5.240588345223340383e-12
5.277970768768902587e-12
5.299651342771660723e-12
5.302248223815198003e-12
5.291073135182955411e-12
5.270792916706179554e-12
5.238523590606058988e-12
5.192215581095727117e-12
5.135952427237633344e-12
5.073014491124849812e-12
5.001852231012460237e-12
4.921806018298724439e-12
4.835460590962847860e-12
4.744544600948641389e-12
4.648867228673747576e-12
4.549065551334718904e-12
4.446157417931084765e-12
4.340357500492997289e-12
4.232667168146964087e-12
4.124735275556901115e-12
4.016101687320805524e-12
3.905645772073196298e-12
3.795216311358595718e-12
3.687059772078393749e-12
3.579488918811768450e-12
3.470368957481095862e-12
3.362023767022881415e-12
3.256920991581702118e-12
3.152553955734771485e-12
3.046219526625648655e-12
2.940402912474104902e-12
2.837494345389601769e-12
2.734638253690246934e-12
2.629025903227999450e-12
2.523026926271043635e-12
2.418695452255370526e-12
2.313255489938548237e-12
2.204190822918672410e-12
2.093508959938317204e-12
1.982729301922003806e-12
1.869518428954108913e-12
1.751969120993013274e-12
1.631569337100235995e-12
1.509216579834160576e-12
1.383297664782345837e-12
1.252725679266875058e-12
1.118403546856994168e-12
9.806174969262393404e-13
8.386189962947265819e-13
6.922083349222840631e-13
5.417369569431229603e-13
3.869971292209950509e-13
2.281148360483431503e-13
6.571439491740230232e-14
-1.002562697574246875e-13
-2.702796753767389148e-13
-4.434609146911072663e-13
-6.185130532743166043e-13
-7.956883849719043056e-13
-9.755199035718642442e-13
-1.156552284498069127e-12
-1.337078451429940529e-12
-1.517396126284042968e-12
-1.697942242535888102e-12
-1.876983377752106108e-12
-2.052687663942065477e-12
-2.225293734003930268e-12
-2.395028403032184450e-12
-2.560163452763886127e-12
-2.719025091885152179e-12
-2.871681625132849192e-12
-3.018041762684053886e-12
-3.156637277956786392e-12
-3.286191631313162276e-12
-3.406526146235155927e-12
-3.517190878821185862e-12
-3.617202240860373230e-12
-3.705877184984052164e-12
-3.782794823908863791e-12
-3.847198601358847725e-12
-3.898750246256188490e-12
-3.937477080495632720e-12
-3.962781058158837411e-12
-3.973707213972277330e-12
-3.970628947164156486e-12
-3.954303464531738754e-12
-3.924060295451559099e-12
-3.878885494051909077e-12
-3.819835940610527558e-12
-3.748328470526418599e-12
-3.663730777092588653e-12
-3.565107410674617228e-12
-3.454081855605584117e-12
-3.332575751816002629e-12
-3.200073669593073156e-12
-3.055807126436937970e-12
-2.901778426919743303e-12
-2.740200861356401063e-12
-2.570714691466080559e-12
-2.392782803492532473e-12
-2.208563193439871952e-12
-2.020317073359034765e-12
-1.827883113966755069e-12
-1.631017369774223624e-12
-1.431803894197392069e-12
-1.232315790210269935e-12
-1.032613773134516411e-12
-8.327645214037393551e-13
-6.345529570545016540e-13
-4.396476672302584987e-13
-2.483061499469751965e-13
-6.086509741305354271e-14
1.213708360160367650e-13
2.972956082702982172e-13
4.665111070882577149e-13
6.284810454178224592e-13
7.824895787746088960e-13
9.280717470569466165e-13
1.064747573963076288e-12
1.191854557755500643e-12
1.309292951834351015e-12
1.417235252765269848e-12
1.515169066601540493e-12
1.602371447334549615e-12
1.679313047127373171e-12
1.746727870850783848e-12
1.804098103547202570e-12
1.850685837218035701e-12
1.887425328875314001e-12
1.915478409567072937e-12
1.934341792644844737e-12
1.943310529856079327e-12
1.943642295720859892e-12
1.936767152904694811e-12
1.922226050207753723e-12
1.899399040827809415e-12
1.869709031696031865e-12
1.834683229992584153e-12
1.793931106094937000e-12
1.746946337588539677e-12
1.695157794516510830e-12
1.640031426636268108e-12
1.581241973296065861e-12
1.518392182819905400e-12
1.452779736788034626e-12
1.385682801141596698e-12
1.316827940092690774e-12
1.245915371740624611e-12
1.174023443566152292e-12
1.102168378265544479e-12
1.030125854409313924e-12
9.576879220207779042e-13
8.856684374607126653e-13
8.147883409637124430e-13
7.448747564933744236e-13
6.758091265421373173e-13
6.081317090525506508e-13
5.422760764733913774e-13
4.781340796379540681e-13
4.156793453283930129e-13
3.552014910500334022e-13
2.968802233129647083e-13
2.406782184573991179e-13
1.866509740820407326e-13
1.348720126467112257e-13
8.531241983472312440e-14
3.800052720409619056e-14
-6.940329624752824417e-15
-4.960632192562222653e-14
-9.018177507926286585e-14
-1.285706160676983179e-13
-1.645818626782452609e-13
-1.984289062272395765e-13
-2.303980302983260620e-13
-2.603156676762169441e-13
-2.879191839371547657e-13
-3.134997686796148209e-13
-3.374091912984600317e-13
-3.593983834496161656e-13
-3.791426807925324383e-13
-3.969885672364809048e-13
-4.133293642245849941e-13
-4.278521710098653896e-13
-4.401856212431914939e-13
-4.507114896145497651e-13
-4.598447274004047181e-13
-4.672277105141620090e-13
-4.724650575285704868e-13
-4.759607963832068744e-13
-4.781403680105544840e-13
-4.786303731824093077e-13
-4.770386017628747144e-13
-4.737825257984662475e-13
-4.692893209451431957e-13
-4.631936110707779441e-13
-4.551278516388979067e-13
-4.455087557544978871e-13
-4.347503260171414752e-13
-4.225186823678117598e-13
-4.084963433053506732e-13
-3.930850870498270311e-13
-3.766715400959491644e-13
-3.589879045071131536e-13
-3.398035704812313318e-13
-3.194906904140093484e-13
-2.983924685031474899e-13
-2.763424255050606071e-13
-2.532262865107687277e-13
-2.293633219550145208e-13
-2.050308436484654662e-13
-1.801815126137654155e-13
-1.548262928453836285e-13
-1.292046032880592166e-13
-1.035047766354164900e-13
-7.779601209111433602e-14
-5.220355872299735356e-14
-2.686386845667052686e-14
-1.858441320011007016e-15
2.264562066242158805e-14
4.643176441205751348e-14
6.947759289546370787e-14
9.181440059190942860e-14
1.131993872011301250e-13
1.333478683376854157e-13
1.523488637761999387e-13
1.703391795020506305e-13
1.870221100382096768e-13
2.020688710758708484e-13
2.156669347231840450e-13
2.280431160746332342e-13
2.388728592098848802e-13
2.478119163866476793e-13
2.551287631678833545e-13
2.611196849022778821e-13
2.654591769925968014e-13
2.678134135899318258e-13
2.685044298445654620e-13
2.678690331613803322e-13
2.656001232750199170e-13
2.613924430638209229e-13
2.555935335341735781e-13
2.485541611939312556e-13
2.400049289082856196e-13
2.296887723421403571e-13
2.179547503849271761e-13
2.051433296238608373e-13
1.910404072349297655e-13
1.754564511258563386e-13
1.587178197030858495e-13
1.411297294307001238e-13
1.225581458151256409e-13
1.029091024093257978e-13
8.246512197065958283e-14
6.147578783923315915e-14
3.991370358140053365e-14
1.780048717204153058e-14
-4.648230940911901934e-15
-2.725892631733582705e-14
-4.995055950351816321e-14
-7.259948528849993754e-14
-9.508188778418330545e-14
-1.173173293537652095e-13
-1.391564679242493496e-13
-1.604316587347151546e-13
-1.811260559939076309e-13
-2.012563564152830553e-13
-2.206783746624280118e-13
-2.392609764825803786e-13
-2.570828749534626034e-13
-2.742360104193014569e-13
-2.906547344385529419e-13
-3.063121587973394178e-13
-3.213414506274964166e-13
-3.358665884474476560e-13
-3.499436255095106363e-13
-3.636752086543654228e-13
-3.771904121506464147e-13
-3.905908257419155039e-13
-4.040441212941475735e-13
-4.177516080457188696e-13
-4.317797746948570659e-13
-4.461609846764108545e-13
-4.611184481126406887e-13
-4.768845908442731485e-13
-4.934311965097692987e-13
-5.107015071253995231e-13
-5.289041773992586570e-13
-5.482330626797871087e-13
-5.685682502067079813e-13
-5.897752447005244480e-13
-6.119937456111612661e-13
-6.353346668208637027e-13
-6.596215544260597419e-13
-6.846814781802379457e-13
-7.105640403327895260e-13
-7.372814923682635690e-13
-7.646514714812480129e-13
-7.925147625827133613e-13
-8.208119513936074085e-13
-8.494256730287585988e-13
-8.782086928331434006e-13
-9.070589331722223037e-13
-9.357512594648786930e-13
-9.639607905301272872e-13
-9.916121743169803437e-13
-1.018709313953258810e-12
-1.044757271147223054e-12
-1.069100320424953843e-12
-1.091786058261823289e-12
-1.112984487558477120e-12
-1.131793552107407397e-12
-1.147088392154660408e-12
-1.159111652146438409e-12
-1.168275220488068644e-12
-1.173164538605109275e-12
-1.172114488801057064e-12
-1.165665762699330532e-12
-1.154564941915903198e-12
-1.136895265430037938e-12
-1.110519228658679580e-12
-1.076385616922970190e-12
-1.035657562313552216e-12
-9.860683233484102139e-13
-9.252141153909265725e-13
-8.545161106487952907e-13
-7.755764346722981983e-13
-6.860370019463879476e-13
-5.835224881414746712e-13
-4.698976667841248123e-13
-3.471342950502748215e-13
-2.130925915323073072e-13
-6.575163048576360136e-14
9.271029039956135698e-14
2.601166081573486055e-13
4.380738122516242283e-13
6.279263675863788752e-13
8.274022742990605472e-13
1.034365843845252986e-12
1.249587347658398517e-12
1.473427174540631324e-12
1.703801271075999768e-12
1.938913222684912618e-12
2.178406543693056641e-12
2.421366709567940312e-12
2.666212953542079767e-12
2.911804478089585757e-12
3.156401789244922540e-12
3.397587333003881938e-12
3.634606070973545044e-12
3.867278025593279267e-12
4.092334977834344301e-12
4.305782726893303547e-12
4.507999876168788944e-12
4.700025958703779594e-12
4.877134286707107691e-12
5.033938543785865249e-12
5.172189933289050856e-12
5.294314032316949081e-12
5.394475664777242940e-12
5.466368677153887745e-12
5.513223991920890299e-12
5.538856699682792595e-12
5.536931590305327333e-12
5.500934777136201603e-12
5.435474986770216788e-12
5.345558197478172957e-12
5.225113310775020281e-12
5.068227088012022818e-12
4.880545620422616082e-12
4.667841200373112898e-12
4.425080094017097565e-12
4.147717325847510850e-12
3.841878204458026858e-12
3.513502206189955679e-12
3.159258878809856341e-12
2.776594926201525482e-12
2.371423587013699041e-12
1.949149609076217260e-12
1.508638591656008554e-12
1.049747853747173831e-12
5.774467275870831529e-13
9.591208849270976833e-14
-3.935277667968528625e-13
-8.884359719261991639e-13
-1.385453383961898766e-12
-1.882220941606949083e-12
-2.374950713521228884e-12
-2.858763789928553400e-12
-3.332425047714027144e-12
-3.795792239552620018e-12
-4.242948440508209629e-12
-4.667054936957626410e-12
-5.069287437736713642e-12
-5.451868123618197615e-12
-5.807407506275286124e-12
-6.127907209441119107e-12
-6.416944232923160740e-12
-6.678959035139042655e-12
-6.905990102695769295e-12
-7.089863852255406940e-12
-7.236232446583557021e-12
-7.351307063085954496e-12
-7.427526475811685458e-12
-7.457523314158276406e-12
-7.448396066589424436e-12
-7.407432306427708113e-12
-7.328328915923165710e-12
-7.205320541603388307e-12
-7.046122366127782755e-12
-6.858256584169053482e-12
-6.637290109884341760e-12
-6.379577421888882327e-12
-6.092550075553759825e-12
-5.783104897738589045e-12
-5.449007998287180854e-12
-5.088953130422124715e-12
-4.709265963298570057e-12
-4.315478096400537922e-12
-3.907611647452347015e-12
-3.486643482611406775e-12
-3.057156524460813429e-12
-2.622791957576642297e-12
-2.185631016449196551e-12
-1.748626200434588718e-12
-1.314234636916322696e-12
-8.839480254534126669e-13
-4.614800295371646044e-13
-5.122619789834671755e-14
3.465853363852910984e-13
7.325956247888898432e-13
1.102066788521982588e-12
1.449841332060164412e-12
1.777746895005594130e-12
2.088285707552151038e-12
2.376380559346302768e-12
2.636814377954266320e-12
2.873056176647126314e-12
3.088995855979326244e-12
3.279838640263266214e-12
3.440891885655994464e-12
3.576687774078934901e-12
3.691913962045045849e-12
3.782513365024886554e-12
3.844702334276917099e-12
3.883440877899824173e-12
3.903603568861102602e-12
3.902117778203928466e-12
3.876284709880550849e-12
3.830896971174224674e-12
3.770472649378131536e-12
3.693004669430566267e-12
3.596908795117093049e-12
3.486346628056580244e-12
3.365079482425814561e-12
3.232147839302146330e-12
3.087029330078872036e-12
2.932954660389563983e-12
2.772690280497536186e-12
2.606241177732782077e-12
2.434021300484756622e-12
2.258187126874533490e-12
2.080429795450755570e-12
1.901554434746710598e-12
1.722699023362639359e-12
1.544937463550388745e-12
1.368926890246702222e-12
1.196018761459582969e-12
1.027778123025013812e-12
8.642892174517968762e-13
7.053102676554678929e-13
5.524213356720986123e-13
4.072832837046652665e-13
2.691773128178642782e-13
1.371737603063707955e-13
1.278576667419284787e-14
-1.025041122403209937e-13
-2.099564689857572053e-13
-3.109218882791503491e-13
-4.041581793626930486e-13
-4.885250732590551426e-13
-5.655318878125537019e-13
-6.366727891421453123e-13
-7.010649656288836518e-13
-7.579567399065845201e-13
-8.088382394411119947e-13
-8.551086813461672431e-13
-8.962377823391876053e-13
-9.318238455152672017e-13
-9.631405915866420031e-13
-9.913322333160445865e-13
-1.016152982070972488e-12
-1.037460048425309367e-12
-1.056203735583238768e-12
-1.073199471998687038e-12
-1.088383181323260285e-12
-1.101755080397393005e-12
-1.113920370873766608e-12
-1.125371172118472263e-12
-1.136115940908455357e-12
-1.146185685425848977e-12
-1.155888752768507999e-12
-1.165459113765254795e-12
-1.174880180122850337e-12
-1.184116606850471598e-12
-1.193271609994939197e-12
-1.202420975288109872e-12
-1.211436441612978587e-12
-1.220123719940235940e-12
-1.228488664961613352e-12
-1.236562935380547401e-12
-1.244008910640526100e-12
-1.250365696398025861e-12
-1.255650531467589204e-12
-1.259964897172560772e-12
-1.262642442857730973e-12
-1.262823829881187798e-12
-1.260649896105137113e-12
-1.256408280365939323e-12
-1.248975315532030450e-12
-1.236972655381529673e-12
-1.220783240121758872e-12
-1.200993948388684451e-12
-1.175938903544282432e-12
-1.143671095327203346e-12
-1.104936780092768966e-12
-1.060723340759461841e-12
-1.008848169933851402e-12
-9.468798358239216562e-13
-8.760317232910097562e-13
-7.977618674166742085e-13
-7.095371924552285048e-13
-6.086652991517393918e-13
-4.968738636680625209e-13
-3.760947716452411882e-13
-2.437222786869780444e-13
-9.712079773217807688e-14
6.151502918161355637e-14
2.298723548749964651e-13
4.102921344686927263e-13
6.049884985342979249e-13
8.114555034854920024e-13
1.027199267485123801e-12
1.253926975273988997e-12
1.493035296090683417e-12
1.741962368621841062e-12
1.998326634375380273e-12
2.262803009203673277e-12
2.535547943480209732e-12
2.814276806387128183e-12
3.097081835781723136e-12
3.383198885972826808e-12
3.671143250505437550e-12
3.959298167099944976e-12
4.246624319553804483e-12
4.530592914719910880e-12
4.807812134521860514e-12
5.077749852533397501e-12
5.340616837656853022e-12
5.592004290178032022e-12
5.826608726750004408e-12
6.045368199092404637e-12
6.250062533491584915e-12
6.434581166503416938e-12
6.592013827161347095e-12
6.725037627469676593e-12
6.837175357127245334e-12
6.921064416021138754e-12
6.968735918183588396e-12
6.984678894289553241e-12
6.974128306108662301e-12
6.929091848906221429e-12
6.841235477422769051e-12
6.716688403379800221e-12
6.562131480564170616e-12
6.369656538329770967e-12
6.131332854625304307e-12
5.854529534776720112e-12
5.546883265206137281e-12
5.201350634920220983e-12
4.811242983876473645e-12
4.384578637661729061e-12
3.929287450965546213e-12
3.440024740758440558e-12
2.912210186542529833e-12
2.353772558805200532e-12
1.772148400247530731e-12
1.164486909677187043e-12
5.290726082067542801e-13
-1.270984321477888757e-13
-7.979158783352757744e-13
-1.483157997458905974e-12
-2.181217012564573565e-12
-2.886886259559351409e-12
-3.596168501873719947e-12
-4.305575861118793313e-12
-5.010165025909341097e-12
-5.707269292581917952e-12
-6.395630986616440694e-12
-7.068748364424948250e-12
-7.718766598108217636e-12
-8.346064291064880791e-12
-8.952476780732521178e-12
-9.529081516912452088e-12
-1.006581797080574603e-11
-1.056626747902855712e-11
-1.103537226876394328e-11
-1.146254618999975605e-11
-1.183635394558235632e-11
-1.216337013748569618e-11
-1.245131168309265846e-11
-1.268875803039914985e-11
-1.286378122078435382e-11
-1.298543998023982127e-11
-1.306360054853517028e-11
-1.308689268064711086e-11
-1.304385158912291232e-11
-1.294527939704748221e-11
-1.280237374445825083e-11
-1.260475925024540089e-11
-1.234241962105864232e-11
-1.202700525976263535e-11
-1.167009718028300114e-11
-1.126324120775956672e-11
-1.079877073179025260e-11
-1.028819043846773695e-11
-9.742478525309739013e-12
-9.155838413821282273e-12
-8.523588085340705334e-12
-7.856088175828279674e-12
-7.162775147312450130e-12
-6.440925050255064122e-12
-5.689115845086689660e-12
-4.915671602406801455e-12
-4.127696882211262519e-12
-3.325617125432556165e-12
-2.511227770868318387e-12
-1.690147045756151822e-12
-8.665914123448525963e-13
-4.397621928609908581e-14
7.729266445627436255e-13
1.581596724246903118e-12
2.380981262845027757e-12
3.164977611588848383e-12
3.926219158817412236e-12
4.665391337144164652e-12
5.384598582985899995e-12
6.075505116359680713e-12
6.728707001302236534e-12
7.347960781500795235e-12
7.938279374120060794e-12
8.489761844920895584e-12
8.991762195931229940e-12
9.450751813078195340e-12
9.874181333691112172e-12
1.025146547511956996e-11
1.057168675516750866e-11
1.084345807589315314e-11
1.107601423772086591e-11
1.125906486099115256e-11
1.138241237375048343e-11
1.145605485475265084e-11
1.149020115165377831e-11
1.147574743565193955e-11
1.140405044702808013e-11
1.128560959962054966e-11
1.113073088560012636e-11
1.093217183445460705e-11
1.068343937621341055e-11
1.039462873414498389e-11
1.007528609153762744e-11
9.720474425378711203e-12
9.326219484184772313e-12
8.901403919514550012e-12
8.454063837870506859e-12
7.981819198643602675e-12
7.483376765482496751e-12
6.965750892762301305e-12
6.434905126112555607e-12
5.891051101797328826e-12
5.335508510700970319e-12
4.772965009336438413e-12
4.206967239850367690e-12
3.640099072860225604e-12
3.075941194460862782e-12
2.516623845080778743e-12
1.963164873719502879e-12
1.420020134465516115e-12
8.924114160320517630e-13
3.799362083625745790e-13
-1.187744699685314154e-13
-5.980902622118589029e-13
-1.051907476054547708e-12
-1.482877405936666726e-12
-1.894386340503539934e-12
-2.280362964429683004e-12
-2.634548178573337118e-12
-2.961337338541758513e-12
-3.265585935344206270e-12
-3.541411955354512031e-12
-3.782988245576435204e-12
-3.995820601482291679e-12
-4.185596313988071415e-12
-4.347101671686726121e-12
-4.475377967522176093e-12
-4.576381374549187697e-12
-4.655991737989584323e-12
-4.710017965925406003e-12
-4.734677493817285310e-12
-4.735772104330626675e-12
-4.718810411863394449e-12
-4.680849458038593980e-12
-4.619452823734215841e-12
-4.539762229333055288e-12
-4.446472703922843550e-12
-4.337959245287459353e-12
-4.213118569296181448e-12
-4.076064572672288833e-12
-3.930384229883232550e-12
-3.775652533677398281e-12
-3.611902443800829587e-12
-3.442010348617130511e-12
-3.268326364755380631e-12
-3.091352477821440736e-12
-2.911937618116366977e-12
-2.731690524823693345e-12
-2.551751561788440092e-12
-2.373230518354363383e-12
-2.197470504172738259e-12
-2.024937509337298991e-12
-1.855727160479658799e-12
-1.691279928606181926e-12
-1.533172677356531288e-12
-1.380961642781508569e-12
-1.233941442947694700e-12
-1.093668341653475373e-12
-9.617492349386913553e-13
-8.371021974554193612e-13
-7.184967139479969678e-13
-6.074221529407675124e-13
-5.053351400524652703e-13
-4.107854193521193187e-13
-3.222792312965877537e-13
-2.410761748648099223e-13
-1.683331615374636381e-13
-1.024769868572181220e-13
-4.198030134237515365e-14
1.223730267645032135e-14
5.939547492077659752e-14
1.009793309625188484e-13
1.383681716296894515e-13
1.710017354496565223e-13
1.984545205035645465e-13
2.219699847105099932e-13
2.426581613597378340e-13
2.602549794596120680e-13
2.746029315395248638e-13
2.866226136641336630e-13
2.971016173965862484e-13
3.059798237264182985e-13
3.132746612035525180e-13
3.195751226581916571e-13
3.253522939342806675e-13
3.306775426398234075e-13
3.356794551524766579e-13
3.406547505017953892e-13
3.458067165951206334e-13
3.512881988337185346e-13
3.572862491973971544e-13
3.638693892634575766e-13
3.710428774124363560e-13
3.789826254468192657e-13
3.878651143752326336e-13
3.976007348881205328e-13
4.080730707772123322e-13
4.194030918999031021e-13
4.316752305003751511e-13
4.447187247364620122e-13
4.583717303288659117e-13
4.726332172855229885e-13
4.874433647515663548e-13
5.026292966905931969e-13
5.180547288895220870e-13
5.335748119381089616e-13
5.489851737268403031e-13
5.641803213843332721e-13
5.791050148098997319e-13
5.934979070698620518e-13
6.070512473775602214e-13
6.197706735842911652e-13
6.317160878600847074e-13
6.425522548932083300e-13
6.519076728092598749e-13
6.599119579779599842e-13
6.667450879599412517e-13
6.720235262366869300e-13
6.753323486367868167e-13
6.769127901436189365e-13
6.770498332982211043e-13
6.753264939450553950e-13
6.713030196829616880e-13
6.653123147890016575e-13
6.577183459324786874e-13
6.481001174098166562e-13
6.360342482726599744e-13
6.219191828193970650e-13
6.061663757744861769e-13
5.884018315985284353e-13
5.682739977370954154e-13
5.462120014100568799e-13
5.226360251693595860e-13
4.972685674689558688e-13
4.698736517060042583e-13
4.408660665266433965e-13
4.106336039429170359e-13
3.790210604138338768e-13
3.459208559788290449e-13
3.116909128800943174e-13
2.766482518328644558e-13
2.407585036282716695e-13
2.040361017077371719e-13
1.667468382338457844e-13
1.291070115400083651e-13
9.119556509690901480e-14
5.314367381489132347e-14
1.510599743979445381e-14
-2.281895917881360258e-14
-6.043618025735469912e-14
-9.749355321534217134e-14
-1.339571628535679571e-13
-1.698521016760615177e-13
-2.048678745094137388e-13
-2.386396744276375603e-13
-2.712584659930045161e-13
-3.028729068758895249e-13
-3.330781017749778750e-13
-3.614280099165090299e-13
-3.881368967548204374e-13
-4.134675457914682717e-13
-4.369618545035230950e-13
-4.581389521224332739e-13
-4.773198438064174542e-13
-4.948608254944086848e-13
-5.102942265793053433e-13
-5.231459796611881430e-13
-5.338169684933335990e-13
-5.427282971995350813e-13
-5.494380991843961226e-13
-5.535109588554465443e-13
-5.553934048774245014e-13
-5.555370074551702064e-13
-5.535499901336560225e-13
-5.490588994745693174e-13
-5.425207266936127315e-13
-5.343820546656330439e-13
-5.243274889786542214e-13
-5.120744865465265416e-13
-4.980583003313943102e-13
-4.826898429566295334e-13
-4.657565565863164281e-13
-4.470890888411127584e-13
-4.270698649323084739e-13
-4.060437424659169015e-13
-3.839133600868488427e-13
-3.606286547597897796e-13
-3.364898962764095725e-13
-3.117529834544691125e-13
-2.864306556694951045e-13
-2.605789661738050489e-13
-2.343980315833854577e-13
-2.080414562410232149e-13
-1.816142993372321657e-13
-1.552588488546238765e-13
-1.290684681527765054e-13
-1.030927255997633740e-13
-7.750813608552870049e-14
-5.252115880876803700e-14
-2.812285418375606166e-14
-4.264798183931193393e-15
1.882606788831345940e-14
4.090098485592941202e-14
6.206012537635779980e-14
8.243444582544182109e-14
1.017708121009604227e-13
1.198062916235587139e-13
1.367133809588791382e-13
1.526848309243988844e-13
1.674714376507721592e-13
1.808273176378064062e-13
1.929746510156982175e-13
2.041431802247972715e-13
2.141161190407150916e-13
2.226897323227144954e-13
2.301078706919146288e-13
2.366115658437861757e-13
2.420302456715428541e-13
2.462084626887045546e-13
2.493850124237612098e-13
2.517882549592925789e-13
2.532912302209006095e-13
2.537800698754200113e-13
2.534674943890924403e-13
2.525529427515466052e-13
2.509427398950797583e-13
2.485532125170303308e-13
2.455602995249384080e-13
2.421250862565810236e-13
2.381791324498200302e-13
2.336631864559290950e-13
2.287138577486413915e-13
2.234544065624413656e-13
2.178371957643754353e-13
2.118212018547421804e-13
2.055072556355827529e-13
1.989848579962358310e-13
1.922190298641116013e-13
1.851769741234923772e-13
1.779291639155897164e-13
1.705396213786888882e-13
1.629741263817208186e-13
1.551956127629136595e-13
1.472538047444030274e-13
1.391956482802575445e-13
1.309791440888205538e-13
1.225584981808316987e-13
1.139727282819733012e-13
1.052614077715410823e-13
9.637698760800797460e-14
8.727114625579901475e-14
7.798210861775789482e-14
6.854805893914683868e-14
5.892680142666542609e-14
4.908094126975827420e-14
3.905055329122587848e-14
2.887397420226096856e-14
1.852772086143386621e-14
7.998456734990052469e-15
-2.673378071311473779e-15
-1.345305075971031314e-14
-2.433303904236013698e-14
-3.529072311616275603e-14
-4.629279002233560592e-14
-5.731583962867783932e-14
-6.831271930508170387e-14
-7.921709620738182078e-14
-9.001298512979760691e-14
-1.006999998253051143e-13
-1.111840383215961792e-13
-1.213479322451430087e-13
-1.312042380123557006e-13
-1.407847498519423923e-13
-1.499449978244193904e-13
-1.585172829587574994e-13
-1.665523323641018849e-13
-1.741232077143509138e-13
-1.810418541426869754e-13
-1.871007282482420320e-13
-1.923977063821372124e-13
-1.970522676237804194e-13
-2.008485202155754767e-13
-2.035575077637477581e-13
-2.053256382191642748e-13
-2.063184557010364073e-13
-2.063097414260750551e-13
-2.050661479817070254e-13
-2.027764485186892007e-13
-1.996420606956150756e-13
-1.954412109581027401e-13
-1.899520850941888162e-13
-1.833905206513608555e-13
-1.759773425070998432e-13
-1.675115937887355910e-13
-1.578019263653515636e-13
-1.470745048101282371e-13
-1.355502353157095330e-13
-1.230720440923566139e-13
-1.095047514579512715e-13
-9.506650566586116735e-14
-7.996121126341293461e-14
-6.410150188429497575e-14
-4.743226956495892599e-14
-3.014700373561197966e-14
-1.241562259360513842e-14
5.761640503484629153e-15
2.434740472114556992e-14
4.319386916282891287e-14
6.218400902709142475e-14
8.123015470982639097e-14
1.002083819027187184e-13
1.190375109681035548e-13
1.376732793522891796e-13
1.559509764164843104e-13
1.736710683033701463e-13
1.908348153979722017e-13
2.074829565969216194e-13
2.233841909192457731e-13
2.382732140933374598e-13
2.522384970164714968e-13
2.654082194904899827e-13
2.774899992945278893e-13
2.881585486717852529e-13
2.975841957835595464e-13
3.059720987859393393e-13
3.129780505942147961e-13
3.182336393101753425e-13
3.219800728121446909e-13
3.244864229742794315e-13
3.253848199994552326e-13
3.242984223175704450e-13
3.215291260235536575e-13
3.173962828673104752e-13
3.115498039673453290e-13
3.036480843241623484e-13
2.940367675903499123e-13
2.830672165849562605e-13
2.704443385816851508e-13
2.558939930612236235e-13
2.397788456502680798e-13
2.224523055994673260e-13
2.036974918167427928e-13
1.833292225710339562e-13
1.616918404723222125e-13
1.391065404142063922e-13
1.154529081929048240e-13
9.065392479658956892e-14
6.500444578233163795e-14
3.876193189664665917e-14
1.192414104332325045e-14
-1.545567805140944662e-14
-4.315971679439561948e-14
-7.101896924276845935e-14
-9.890130842115166243e-14
-1.266129128624227107e-13
-1.540373595820473951e-13
-1.811160948864479203e-13
-2.075830826675506557e-13
-2.331123304371435223e-13
-2.577088932878557337e-13
-2.814375522994932988e-13
-3.039194872329897823e-13
-3.247267905959194678e-13
-3.439944726638111128e-13
-3.619138409099997844e-13
-3.780327288184504031e-13
-3.918668503837680062e-13
-4.036778235901733458e-13
-4.137732908041091839e-13
-4.216785612094070546e-13
-4.269067196104037176e-13
-4.298284005197633428e-13
-4.308472253012479714e-13
-4.295172616013143152e-13
-4.253982420227703232e-13
-4.189405170430121617e-13
-4.106091822889817999e-13
-4.000265288288396004e-13
-3.868352578366429650e-13
-3.715191132167006138e-13
-3.545568515433278334e-13
-3.356633005401066239e-13
-3.145860037311737356e-13
-2.917926317236307909e-13
-2.677264334706441762e-13
-2.422164031845586152e-13
-2.151385081368417662e-13
-1.869032679275781095e-13
-1.578818998280995256e-13
-1.280385438515510566e-13
-9.739503311918112916e-14
-6.627310462567481686e-14
-3.494140672871508257e-14
-3.508265201376857892e-15
2.785396865684786755e-14
5.894259012080224625e-14
8.961823389505921278e-14
1.196332665093571834e-13
1.486739876176146335e-13
1.766801494603592593e-13
2.036624991916258232e-13
2.292469870619068262e-13
2.529945925065085754e-13
2.750006440014468589e-13
2.954317021054697623e-13
3.138096878706198023e-13
3.296013906684686079e-13
3.430565022593395907e-13
3.544899020591768535e-13
3.633630397438525339e-13
3.691044865583581469e-13
3.721074284205455607e-13
3.728146534976578552e-13
3.706974506002824743e-13
3.652259701267257519e-13
3.569095431525670659e-13
3.462847955430781166e-13
3.329091017613416970e-13
3.163666431691553038e-13
2.972325348089138730e-13
2.760810243612743520e-13
2.526051470861517823e-13
2.265390972684341864e-13
1.984534227488649050e-13
1.688949544456641583e-13
1.376942315592724619e-13
1.047162980242696828e-13
7.045977841978190437e-14
3.538700365721125785e-14
-5.845374898397518674e-16
-3.752666309208424478e-14
-7.505812377878173791e-14
-1.128304060967789957e-13
-1.509214438534869918e-13
-1.894272363750157395e-13
-2.280890049315836832e-13
-2.666677100492120811e-13
-3.053094073130618868e-13
-3.441929900815932086e-13
-3.831499462321474869e-13
-4.220152059839638037e-13
-4.610249356752638139e-13
-5.004388830415207323e-13
-5.401229593790524142e-13
-5.799384952299979634e-13
-6.201671121086604899e-13
-6.610825168534839591e-13
-7.025359569264033599e-13
-7.443771076962035771e-13
-7.868467162552850169e-13
-8.301423242394745383e-13
-8.740836288274878019e-13
-9.185049639273690225e-13
-9.635264591398295941e-13
-1.009198041974912474e-12
-1.055333554919601902e-12
-1.101782510712356888e-12
-1.148498505500195055e-12
-1.195351651862852638e-12
-1.242200027735951284e-12
-1.288960474812861356e-12
-1.335402383291495187e-12
-1.381196047291199935e-12
-1.426298532405945174e-12
-1.470748761493723133e-12
-1.514097115913604075e-12
-1.555759535955270056e-12
-1.595834358755765514e-12
-1.634535605823939086e-12
-1.671097613585581509e-12
-1.704550780037838997e-12
-1.735178515628599261e-12
-1.763428162174229819e-12
-1.788049959830506630e-12
-1.807502389948589805e-12
-1.822320939981469934e-12
-1.833266394593580095e-12
-1.838424161168528137e-12
-1.835516330941922014e-12
-1.825439972791276233e-12
-1.809378276547424225e-12
-1.784656840711495995e-12
-1.748225045630769081e-12
-1.701483029990791263e-12
-1.646153699463859255e-12
-1.578884267251778883e-12
-1.496017719426756543e-12
-1.399584007716336842e-12
-1.291921864626788263e-12
-1.169287323216083863e-12
-1.027788422945652425e-12
-8.701268329990019534e-13
-6.992358623537919815e-13
-5.114344277939997241e-13
-3.031056308722135384e-13
-7.752662173256957834e-14
1.619383202837096358e-13
4.183736690421824278e-13
6.945591562827757581e-13
9.869034842818757980e-13
1.291927177217433442e-12
1.611580877428075986e-12
1.947262446774788991e-12
2.295468069096751051e-12
2.653042932912463847e-12
3.020304058937162139e-12
3.396773097172345324e-12
3.779528339603599463e-12
4.166249810422240074e-12
4.555188691524048039e-12
4.943587206263089229e-12
5.329638206458264804e-12
5.712375017452586690e-12
6.087677237309740974e-12
6.450270439301020176e-12
6.799976814270136671e-12
7.137648978805533062e-12
7.456718402465423168e-12
7.749452121674771377e-12
8.017739250298916431e-12
8.264596472462582000e-12
8.481295526996390777e-12
8.658110686732278793e-12
8.799280748483795378e-12
8.910126976513499386e-12
8.980477819720000809e-12
8.999519011954060232e-12
8.973860717020887279e-12
8.910983929910631929e-12
8.800370154826708813e-12
8.631372526435310277e-12
8.412644712796346624e-12
8.153337380245595511e-12
7.843899141324328639e-12
7.475233973486261618e-12
7.057321740888689021e-12
6.600155318114975245e-12
6.096435856139947873e-12
5.539870211873632044e-12
4.940734019825976375e-12
4.308764282867638684e-12
3.639959427620409471e-12
2.931766157968085373e-12
2.193532248201401913e-12
1.433541545019234587e-12
6.517433619700196967e-13
-1.501792532563120397e-13
-9.650243928613355671e-13
-1.787088164083294739e-12
-2.612274762822663909e-12
-3.434660542089851276e-12
-4.250222136042980381e-12
-5.056706355727191848e-12
-5.846160361366870006e-12
-6.608926080009513981e-12
-7.344846952861416867e-12
-8.055605661694276165e-12
-8.730169365200879383e-12
-9.356145198868848212e-12
-9.937483995414719828e-12
-1.047981319779456300e-11
-1.097023600432622814e-11
-1.139503248703821470e-11
-1.176199675850808646e-11
-1.208021443294127195e-11
-1.233643482506652234e-11
-1.251723290990325310e-11
-1.263347239321976900e-11
-1.269675684034687890e-11
-1.269504206619087583e-11
-1.261676527142263637e-11
-1.247466279580278226e-11
-1.228157072569180386e-11
-1.202799318478220414e-11
-1.170546038570252634e-11
-1.132712326712415063e-11
-1.090559673816438035e-11
-1.043482748125379445e-11
-9.910144753433325349e-12
-9.343614423840129746e-12
-8.746230302503210652e-12
-8.115734646818584253e-12
-7.451398005564602300e-12
-6.762895365247656443e-12
-6.058462325569946572e-12
-5.339480593780088213e-12
-4.608822871954298961e-12
-3.872855161568544702e-12
-3.136336676479167807e-12
-2.403744521137229917e-12
-1.680847626882309154e-12
-9.702678114079099636e-13
-2.730545011018353785e-13
4.040421968352914117e-13
1.053298290601412113e-12
1.675780174348329155e-12
2.273910009939483778e-12
2.839653642436323899e-12
3.364403807631921595e-12
3.852430527362393775e-12
4.309005843111668455e-12
4.725852088133253304e-12
5.094541975780852994e-12
5.421738578925694441e-12
5.714674827100862942e-12
5.965776483929374763e-12
6.167702199660896056e-12
6.328500223862221219e-12
6.456348042999104919e-12
6.545087822412698486e-12
6.589067833018269482e-12
6.596669824970868845e-12
6.576016640946757974e-12
6.522744150361248217e-12
6.433145249146177136e-12
6.314986294303492897e-12
6.175488072301948961e-12
6.012138269867461915e-12
5.823113258945911141e-12
5.614848429952301601e-12
5.393061431463452848e-12
5.156912223636123116e-12
4.906204782717527024e-12
4.645618958964981005e-12
4.379063951731598792e-12
4.107067116954077335e-12
3.830705284230129237e-12
3.552779381452153551e-12
3.275359150567425104e-12
2.999979171330879879e-12
2.728599247589502674e-12
2.462253925056279158e-12
2.201359537365443764e-12
1.948077983648932587e-12
1.704846225129841297e-12
1.471216919991802374e-12
1.246282157335576457e-12
1.032448757563864117e-12
8.322426406880134575e-13
6.441156202158238031e-13
4.662363160476412638e-13
3.009168164213454899e-13
1.504532853554077509e-13
1.262130506308805841e-14
-1.149201447978726032e-13
-2.301942002898987871e-13
-3.313278199978259009e-13
-4.208155362801085930e-13
-5.011318508600648425e-13
-5.707451113286243771e-13
-6.282662107573444565e-13
-6.761186120522733045e-13
-7.166126416227602824e-13
-7.486591099663264526e-13
-7.713166043366026514e-13
-7.866993189699356126e-13
-7.967551856995214177e-13
-8.007820751984584540e-13
-7.982197802042234613e-13
-7.907463746292808793e-13
-7.798552927561208659e-13
-7.651726474655617949e-13
-7.464575832449860116e-13
-7.249195276178010960e-13
-7.015864126637405551e-13
-6.763599554558685778e-13
-6.492584790109001691e-13
-6.210479179535877137e-13
-5.923355339207403425e-13
-5.632325660552550683e-13
-5.339357970514380103e-13
-5.048291428985662854e-13
-4.761709689743431895e-13
-4.481932945436806204e-13
-4.211747053547987285e-13
-3.951965707807425510e-13
-3.702551774290713249e-13
-3.466124414396032360e-13
-3.245436688489866661e-13
-3.039208153806510770e-13
-2.845666952945580253e-13
-2.667149541588781370e-13
-2.505981262345552407e-13
-2.359699621031635663e-13
-2.225634769797285584e-13
-2.105730683137768677e-13
-2.001918460647553188e-13
-1.911332013883673686e-13
-1.831067713902942429e-13
-1.762836296208269982e-13
-1.708346598948765060e-13
-1.664812358066411480e-13
-1.629522526028909235e-13
-1.604002439767673871e-13
-1.589693003969938623e-13
-1.584119662702276887e-13
-1.584957886506879743e-13
-1.593366551980862633e-13
-1.610294336025150375e-13
-1.633657944165312070e-13
-1.661596207847004791e-13
-1.694661799127653024e-13
-1.733126988277822189e-13
-1.775380108768112586e-13
-1.820053032982119068e-13
-1.867074068051186031e-13
-1.916147768883311175e-13
-1.966201995055177898e-13
-2.016401639843429239e-13
-2.066283748920413887e-13
-2.115265834668964007e-13
-2.162849841716094068e-13
-2.208730838200792523e-13
-2.252324845727904368e-13
-2.292978361437963963e-13
-2.330689081401354779e-13
-2.365619364893406518e-13
-2.397108119639446144e-13
-2.424372551670939124e-13
-2.447774784513495616e-13
-2.467823037935468200e-13
-2.483636126621169282e-13
-2.494155598199709889e-13
-2.500003513667553579e-13
-2.501951553920966909e-13
-2.498809536025103917e-13
-2.489233049286082577e-13
-2.474087558088089445e-13
-2.454354265397223900e-13
-2.428689302620690160e-13
-2.395718172454319728e-13
-2.356541340103185389e-13
-2.312324322902709062e-13
-2.261889406243028366e-13
-2.204153201103287163e-13
-2.140391135814143087e-13
-2.071862511198938051e-13
-1.997788599047284341e-13
-1.917528635875243026e-13
-1.832364148650691971e-13
-1.743512831938603957e-13
-1.650581255875638309e-13
-1.553272755642348679e-13
-1.452708125234541958e-13
-1.349907734421798566e-13
-1.244717084394539319e-13
-1.137050929756952544e-13
-1.027753050849775085e-13
-9.175564361042429229e-14
-8.064824985132626467e-14
-6.946578864431077194e-14
-5.826375758808191585e-14
-4.708336991772130165e-14
-3.595562703909843671e-14
-2.492984829260014995e-14
-1.403190629960032396e-14
-3.270998355598482739e-15
7.281001193940820487e-15
1.753209631237453298e-14
2.748923965789195484e-14
3.717777360924198748e-14
4.648945413202910937e-14
5.530213060492977784e-14
6.366041455920998238e-14
7.162365589941793731e-14
7.907077634794132392e-14
8.587829882986119934e-14
9.212671858022103422e-14
9.790653259910547801e-14
1.031090835000407491e-13
1.076291155808692390e-13
1.115720471740744291e-13
1.150463865883313841e-13
1.179628091171544546e-13
1.202351613454125112e-13
1.219758343808108325e-13
1.232975445917064428e-13
1.241247501917314144e-13
1.243833459623963633e-13
1.241821858018188340e-13
1.236272640248864407e-13
1.226549786216557525e-13
1.212066200444866793e-13
1.193818535780849510e-13
1.172753436246357084e-13
1.148449011671021092e-13
1.120589894747919812e-13
1.090053001746686678e-13
1.057618687180968131e-13
1.023188491940975331e-13
9.868004308653810508e-14
9.491280645538419103e-14
9.107314511910824528e-14
8.718012748341885665e-14
8.326067564351155581e-14
7.935340074925398279e-14
7.548538752616754111e-14
7.168342254417620074e-14
6.797338435388447508e-14
6.436179849711801126e-14
6.084920707496305203e-14
5.744986056972420374e-14
5.417206329241634755e-14
5.100255409521727012e-14
4.792685887912428999e-14
4.494272114836592169e-14
4.204348661210853544e-14
3.921149293933598456e-14
3.643195771105278702e-14
3.369405245806124383e-14
3.098530885537777169e-14
2.829528468082861958e-14
2.561625160580303928e-14
2.293591579410458187e-14
2.024080095154243142e-14
1.752783404258394934e-14
1.479714042810532926e-14
1.203232747947835871e-14
9.213492463541403388e-15
6.343465317371239920e-15
3.428000359295040392e-15
4.441721661393343342e-16
-2.633173864228285227e-15
-5.793913305807965250e-15
-9.023982394120409756e-15
-1.234554501677994839e-14
-1.577819092827420500e-14
-1.930083324338128375e-14
-2.289186838678146374e-14
-2.655783714689344266e-14
-3.029575288554520185e-14
-3.407890695984391871e-14
-3.788447013779519534e-14
-4.169117850429115979e-14
-4.546446633882025856e-14
-4.918306295001104167e-14
-5.283534704582718011e-14
-5.636856202618188705e-14
-5.971626323856074614e-14
-6.287531666105891648e-14
-6.585364035766733126e-14
-6.857333440229290700e-14
-7.094669361544514441e-14
-7.299518520013925649e-14
-7.475204672922550198e-14
-7.612646271823106381e-14
-7.702099049690380728e-14
-7.748397192960942981e-14
-7.757329663609507930e-14
-7.719373778429863830e-14
-7.624482371414859072e-14
-7.479634316423511287e-14
-7.292655520262092406e-14
-7.053825432827912079e-14
-6.752978303501203095e-14
-6.398718631773353538e-14
-6.000175399936691356e-14
-5.548092231943621555e-14
-5.033310329942072836e-14
-4.465544823023873122e-14
-3.854780874384435008e-14
-3.193818703972096940e-14
-2.476284388858770308e-14
-1.712611172668965231e-14
-9.129607402643021008e-15
-7.398226636313434603e-16
8.062721971731183490e-15
1.717701501868784675e-14
2.650887694847624959e-14
3.604724889893703987e-14
4.576775495591413334e-14
5.558702505454107823e-14
6.543342392440268385e-14
7.525984636923624405e-14
8.500824691523231613e-14
9.462682780360040513e-14
1.040762731530607554e-13
1.132833518831255493e-13
1.221646210840948710e-13
1.307022253014405999e-13
1.388917464113098577e-13
1.466361754243195037e-13
1.538264551544446523e-13
1.604776831169371643e-13
1.666179130430101019e-13
1.721285196624663949e-13
1.768789785862659447e-13
1.809168727372537089e-13
1.843044488726575114e-13
1.869087295960220052e-13
1.885863427225631384e-13
1.894196063022268728e-13
1.895041334140992739e-13
1.887041141835493763e-13
1.868768404996237753e-13
1.841355979368200502e-13
1.806050290873925657e-13
1.761582551921062056e-13
1.706647789669751836e-13
1.642616977767102915e-13
1.570930749849805408e-13
1.490529704870069416e-13
1.400364470650200532e-13
1.301945205291199503e-13
1.196824486304065571e-13
1.084263700958792986e-13
9.635682822386332225e-14
8.363035470301122265e-14
7.040285780572641539e-14
5.664012756533519377e-14
4.231559425234808491e-14
2.757791553714000754e-14
1.257066689240235458e-14
-2.700014504645542948e-15
-1.821873679480265351e-14
-3.385960335353620232e-14
-4.950793057846916700e-14
-6.511949996162308407e-14
-8.063826163881224196e-14
-9.597432169741043628e-14
-1.110516233550178089e-13
-1.257919549774166867e-13
-1.401053616656086631e-13
-1.539445112185011677e-13
-1.672782599286895544e-13
-1.800046114767972494e-13
-1.920118659340039335e-13
-2.032996980396578612e-13
-2.138829342584677717e-13
-2.236516229376164788e-13
-2.324894020789419757e-13
-2.404414558079825959e-13
-2.475675643220237587e-13
-2.537638339478870408e-13
-2.589209500015315912e-13
-2.631238868282259613e-13
-2.664686505303437425e-13
-2.688649812770255165e-13
-2.702178758529072411e-13
-2.706393865525152931e-13
-2.702502392877559334e-13
-2.689773046220950148e-13
-2.667432789406343208e-13
-2.636762065199443894e-13
-2.599085768655029494e-13
-2.553877519618358294e-13
-2.500580038172772745e-13
-2.440516050968705164e-13
-2.375034034458184395e-13
-2.303804120130231725e-13
-2.226453342437512140e-13
-2.144254283679980499e-13
-2.058480339309221030e-13
-1.968928899044250502e-13
-1.875334739928624650e-13
-1.778837493970897299e-13
-1.680586279948631523e-13
-1.580398951896849757e-13
-1.478001748766999413e-13
-1.374391458931409349e-13
-1.270577339087392010e-13
-1.166295928107033419e-13
-1.061180901181305036e-13
-9.560963674416778080e-14
-8.519407239133275356e-14
-7.482884890061894390e-14
-6.446074549788446961e-14
-5.416750625516011941e-14
-4.403013801538950556e-14
-3.398595695234402081e-14
-2.396371743076421146e-14
-1.403577131093864533e-14
-4.278813191076463046e-15
5.390168275235624959e-15
1.506027798943345569e-14
2.465963631209655560e-14
3.411341169398326989e-14
4.352138631034604965e-14
5.298478059838178378e-14
6.243044140463380187e-14
7.178352828601450297e-14
8.115288497624606467e-14
9.064250001619700292e-14
