1.001775566797022399e-13
0.000000000000000000e+00
0.000000000000000000e+00
0.000000000000000000e+00
0.000000000000000000e+00
0.000000000000000000e+00
0.000000000000000000e+00
0.000000000000000000e+00
0.000000000000000000e+00
0.000000000000000000e+00
0.000000000000000000e+00
0.000000000000000000e+00
0.000000000000000000e+00
0.000000000000000000e+00
0.000000000000000000e+00
0.000000000000000000e+00
0.000000000000000000e+00
0.000000000000000000e+00
0.000000000000000000e+00
0.000000000000000000e+00
0.000000000000000000e+00
0.000000000000000000e+00
0.000000000000000000e+00
0.000000000000000000e+00
0.000000000000000000e+00
0.000000000000000000e+00
0.000000000000000000e+00
0.000000000000000000e+00
0.000000000000000000e+00
0.000000000000000000e+00
0.000000000000000000e+00
0.000000000000000000e+00
0.000000000000000000e+00
0.000000000000000000e+00
0.000000000000000000e+00
0.000000000000000000e+00
0.000000000000000000e+00
0.000000000000000000e+00
0.000000000000000000e+00
0.000000000000000000e+00
0.000000000000000000e+00
0.000000000000000000e+00
0.000000000000000000e+00
0.000000000000000000e+00
0.000000000000000000e+00
0.000000000000000000e+00
0.000000000000000000e+00
0.000000000000000000e+00
0.000000000000000000e+00
0.000000000000000000e+00
0.000000000000000000e+00
0.000000000000000000e+00
0.000000000000000000e+00
0.000000000000000000e+00
0.000000000000000000e+00
0.000000000000000000e+00
0.000000000000000000e+00
0.000000000000000000e+00
0.000000000000000000e+00
0.000000000000000000e+00
0.000000000000000000e+00
0.000000000000000000e+00
0.000000000000000000e+00
0.000000000000000000e+00
0.000000000000000000e+00
0.000000000000000000e+00
0.000000000000000000e+00
0.000000000000000000e+00
0.000000000000000000e+00
0.000000000000000000e+00
0.000000000000000000e+00
0.000000000000000000e+00
0.000000000000000000e+00
0.000000000000000000e+00
0.000000000000000000e+00
0.000000000000000000e+00
0.000000000000000000e+00
0.000000000000000000e+00
0.000000000000000000e+00
0.000000000000000000e+00
0.000000000000000000e+00
0.000000000000000000e+00
0.000000000000000000e+00
0.000000000000000000e+00
0.000000000000000000e+00
0.000000000000000000e+00
0.000000000000000000e+00
0.000000000000000000e+00
0.000000000000000000e+00
0.000000000000000000e+00
0.000000000000000000e+00
0.000000000000000000e+00
0.000000000000000000e+00
0.000000000000000000e+00
0.000000000000000000e+00
0.000000000000000000e+00
0.000000000000000000e+00
0.000000000000000000e+00
0.000000000000000000e+00
0.000000000000000000e+00
0.000000000000000000e+00
0.000000000000000000e+00
0.000000000000000000e+00
0.000000000000000000e+00
0.000000000000000000e+00
0.000000000000000000e+00
0.000000000000000000e+00
0.000000000000000000e+00
0.000000000000000000e+00
0.000000000000000000e+00
0.000000000000000000e+00
0.000000000000000000e+00
0.000000000000000000e+00
0.000000000000000000e+00
0.000000000000000000e+00
0.000000000000000000e+00
0.000000000000000000e+00
0.000000000000000000e+00
0.000000000000000000e+00
0.000000000000000000e+00
0.000000000000000000e+00
0.000000000000000000e+00
0.000000000000000000e+00
0.000000000000000000e+00
0.000000000000000000e+00
0.000000000000000000e+00
0.000000000000000000e+00
0.000000000000000000e+00
0.000000000000000000e+00
0.000000000000000000e+00
0.000000000000000000e+00
0.000000000000000000e+00
0.000000000000000000e+00
0.000000000000000000e+00
0.000000000000000000e+00
0.000000000000000000e+00
0.000000000000000000e+00
0.000000000000000000e+00
0.000000000000000000e+00
0.000000000000000000e+00
0.000000000000000000e+00
0.000000000000000000e+00
0.000000000000000000e+00
0.000000000000000000e+00
0.000000000000000000e+00
0.000000000000000000e+00
0.000000000000000000e+00
0.000000000000000000e+00
0.000000000000000000e+00
0.000000000000000000e+00
0.000000000000000000e+00
0.000000000000000000e+00
0.000000000000000000e+00
0.000000000000000000e+00
0.000000000000000000e+00
0.000000000000000000e+00
0.000000000000000000e+00
0.000000000000000000e+00
0.000000000000000000e+00
0.000000000000000000e+00
0.000000000000000000e+00
0.000000000000000000e+00
0.000000000000000000e+00
0.000000000000000000e+00
0.000000000000000000e+00
0.000000000000000000e+00
0.000000000000000000e+00
0.000000000000000000e+00
0.000000000000000000e+00
0.000000000000000000e+00
0.000000000000000000e+00
0.000000000000000000e+00
0.000000000000000000e+00
0.000000000000000000e+00
0.000000000000000000e+00
0.000000000000000000e+00
0.000000000000000000e+00
0.000000000000000000e+00
0.000000000000000000e+00
0.000000000000000000e+00
0.000000000000000000e+00
0.000000000000000000e+00
0.000000000000000000e+00
0.000000000000000000e+00
0.000000000000000000e+00
0.000000000000000000e+00
0.000000000000000000e+00
0.000000000000000000e+00
0.000000000000000000e+00
0.000000000000000000e+00
0.000000000000000000e+00
0.000000000000000000e+00
1.401298464324817071e-45
7.006492321624085355e-45
1.821688003622262192e-44
3.363116314379560970e-44
5.044674471569341455e-44
6.726232628759121940e-44
8.267660939516420718e-44
9.949219096706201204e-44
1.303207571822079876e-43
1.891752926838503046e-43
2.788583944006385971e-43
4.077778531185217676e-43
5.899466534807479869e-43
8.323712878089413401e-43
1.150466039210674815e-42
1.566651683115145485e-42
2.128572367309397131e-42
2.858648867222626825e-42
3.790512345998630177e-42
4.981616040674724687e-42
6.538458634539596453e-42
8.517092066166238157e-42
1.094554230484114614e-41
1.394291972003192986e-41
1.768158402285054180e-41
2.219096248104780314e-41
2.742621354376531971e-41
3.347842161118420464e-41
4.053816327445263304e-41
4.846530868713812321e-41
5.685908648844377747e-41
6.558777462272306300e-41
7.457570297290243970e-41
8.316426126074924353e-41
9.006425489908464278e-41
9.441668792927752460e-41
9.527988778330161192e-41
9.112784043350717894e-41
7.935132813932141628e-41
5.795630318601010924e-41
2.431673225142855063e-41
-2.365111548087426252e-41
-8.904130702012752632e-41
-1.745681574917284114e-40
-2.846807895199082120e-40
-4.198682562687162893e-40
-5.797662201374281908e-40
-7.656596718178297738e-40
-9.821658897498713106e-40
-1.224275231923591580e-39
-1.481140246926652173e-39
-1.749812602790113675e-39
-2.032357813450390866e-39
-2.316200626488632837e-39
-2.575314725526934762e-39
-2.803800644030489160e-39
-3.001001173019527692e-39
-3.153669838110787862e-39
-3.228713574770774790e-39
-3.227406163303559736e-39
-3.152997214847911950e-39
-3.009275840451365736e-39
-2.780634377818271284e-39
-2.488179184418288987e-39
-2.147729518615181705e-39
-1.792962786402067767e-39
-1.446245112568035578e-39
-1.140609305812614052e-39
-8.984537207895710636e-40
-7.649422070040954675e-40
-7.798282005906179992e-40
-9.439777040000913957e-40
-1.257106253644257719e-39
-1.728830960883778189e-39
-2.352661011231900253e-39
-3.053094443430802766e-39
-3.784374658724887478e-39
-4.506962619644765350e-39
-5.136940166355880386e-39
-5.555495405963524321e-39
-5.703799026338412687e-39
-5.572481945948069754e-39
-5.083425979301779947e-39
-4.186520693315287806e-39
-2.878010608104202822e-39
-1.283090531068232802e-39
5.382051089840184413e-40
2.534117951974249465e-39
4.666054836896490481e-39
6.712585383015062547e-39
8.492298892436939169e-39
1.003777415315920802e-38
1.140997045097692729e-38
1.246531915302616217e-38
1.309115446147673305e-38
1.362813483560293160e-38
1.431965460827026395e-38
1.509564465236709628e-38
1.595559909914780732e-38
1.744955562182917427e-38
1.982434453711122770e-38
2.271061720096108965e-38
2.589750622046716162e-38
2.984193999238415836e-38
3.456464372099944389e-38
3.902857246480479411e-38
4.250813948416667603e-38
4.555436336122689422e-38
4.809207564376213684e-38
4.838853995206855244e-38
4.534863032588858187e-38
4.050976455977462630e-38
3.395821779757823606e-38
2.279591423848454126e-38
5.593125874924502959e-39
-1.427771935042687948e-38
-3.699652433831501903e-38
-6.899935904838669075e-38
-1.132177188485324471e-37
-1.636583539029214054e-37
-2.219276959554739642e-37
-3.031026290747168390e-37
-4.141193003993650094e-37
-5.434521085330608572e-37
-6.952393681006484321e-37
-9.025247282465766637e-37
-1.180180830985599997e-36
-1.503371196860677949e-36
-1.880430793979165391e-36
-2.382223352944294609e-36
-3.039891599876525488e-36
-3.800773438081556509e-36
-4.682521551202709980e-36
-5.836930687346566826e-36
-7.330564720804547920e-36
-9.057082093082174977e-36
-1.105496618185852872e-35
-1.364206250919567167e-35
-1.695651605511888958e-35
-2.078807375596334397e-35
-2.521536688545505989e-35
-3.087598633454493080e-35
-3.803932435656428660e-35
-4.630205093182424963e-35
-5.582595437582190596e-35
-6.784897143704846726e-35
-8.288344660885085663e-35
-1.002173907689531879e-34
-1.202015179374643197e-34
-1.451281855914504596e-34
-1.758707952171221828e-34
-2.111691801361995341e-34
-2.516239559729927957e-34
-3.010748910956747973e-34
-3.607240662312055651e-34
-4.285549805138219673e-34
-5.059875025496227062e-34
-5.997832732908543192e-34
-7.124977990891052276e-34
-8.429063158498643819e-34
-9.952613121404756438e-34
-1.180109084504226566e-33
-1.399199007307430724e-33
-1.647997713117745039e-33
-1.926368367045894103e-33
-2.236860506136216070e-33
-2.567185071634833186e-33
-2.908230880296918829e-33
-3.271931587506219324e-33
-3.688404093214770940e-33
-4.196357610066143922e-33
-4.886193898452310923e-33
-5.874873544254135652e-33
-7.238698620467462058e-33
-8.974147786827608123e-33
-1.099513187784218046e-32
-1.300474379569651644e-32
-1.439312017345272021e-32
-1.432875010280169175e-32
-1.215641376727905725e-32
-7.733468600832378453e-33
-1.735270821826607247e-33
3.691825516459633061e-33
4.029742673438608259e-33
-6.539492540079287530e-33
-3.329531912722465308e-32
-7.954741894189639620e-32
-1.425525173076935281e-31
-2.078473140996833610e-31
-2.464023062925295360e-31
-2.153420780014301345e-31
-6.635889542065644628e-32
2.321295009046193540e-31
6.710128945736741936e-31
1.173684559719761514e-30
1.554126065318193801e-30
1.526709963554191556e-30
7.540286566174457820e-31
-1.090479213947089307e-30
-4.120902898050561976e-30
-7.957722853823776876e-30
-1.154512171626211552e-29
-1.303233610406370694e-29
-9.838012020110957870e-30
5.297779536189868429e-31
1.946622857933461460e-29
4.619313179883957954e-29
7.549618298608121598e-29
9.659303024548666487e-29
9.362797683666744834e-29
4.683727110580204299e-29
-6.124495741750297757e-29
-2.335876892335940570e-28
-4.486764361653598361e-28
-6.516316559286158956e-28
-7.435976515197743787e-28
-5.973818686621217973e-28
-8.539905596328410571e-29
8.888592323864803041e-28
2.300488266645565379e-27
3.907107115159163954e-27
5.205971988209404176e-27
5.407888024322917492e-27
3.516083632620279071e-27
-1.310131852114397210e-27
-9.386897808025834509e-27
-2.014632730947472101e-26
-3.137827678943121604e-26
-3.898306539759687592e-26
-3.727197062739010296e-26
-1.937161967822902213e-26
2.057300861456195781e-26
8.337610190534451856e-26
1.618916373431697729e-25
2.383872821072249824e-25
2.812296522683893533e-25
2.496660702034289750e-25
1.016484747270271709e-25
-1.983463542357267297e-25
-6.533706920904558385e-25
-1.204921726637451547e-24
-1.719925427091236693e-24
-1.979689237356237366e-24
-1.690964371108310298e-24
-5.743779574347300925e-25
1.548379636034262314e-24
4.673563440062549896e-24
8.405468350728209326e-24
1.183401561699977083e-23
1.355252622205749364e-23
1.167242692689610922e-23
4.206003214955340536e-24
-1.002017038268518353e-23
-3.068703315645203559e-23
-5.536310398730100543e-23
-7.827134699588055046e-23
-9.045635759518845307e-23
-8.077614445302554891e-23
-3.668899300140471916e-23
5.123238531840497954e-23
1.822491086726937178e-22
3.414905904845245266e-22
4.961598849767922852e-22
5.909413334124796006e-22
5.569957272712821644e-22
3.234871437966981775e-22
-1.734224240973182231e-22
-9.521094217781308481e-22
-1.941814565903901930e-21
-2.966001691099322802e-21
-3.723270395762239395e-21
-3.789068412964284625e-21
-2.720734965438464106e-21
-1.514282247532874018e-22
4.136583628845290646e-21
9.942013837039117981e-21
1.642418805012321013e-20
2.207000269235306361e-20
2.461427454724692975e-20
2.125010999336102560e-20
9.506928951739729619e-21
-1.212509453096357698e-20
-4.369839433517937957e-20
-8.215619882422612344e-20
-1.204485736531107973e-19
-1.477386062297305790e-19
-1.491185373619250963e-19
-1.078902723568909822e-19
-1.168012790695973433e-20
1.439675285911925393e-19
3.526170655664284923e-19
5.877687972836157528e-19
8.003224716537371428e-19
9.215546826149682936e-19
8.620898057518733944e-19
5.292236418641032513e-19
-1.354333511151180991e-19
-1.137419664374716022e-18
-2.413210515207608791e-18
-3.782261430612486388e-18
-4.944111047198343530e-18
-5.500641058456164485e-18
-4.950293808686871135e-18
-2.796268344303871547e-18
1.242079208365870695e-18
7.141443966141863158e-18
1.449335245861926847e-17
2.225976611913067126e-17
2.878891941533220759e-17
3.194217492377620185e-17
2.904546121050940359e-17
1.747043007711804357e-17
-4.264707491848833079e-18
-3.610708555626234979e-17
-7.610107957602157578e-17
-1.191454807755824028e-16
-1.570576564081702206e-16
-1.791671883300877859e-16
-1.719078777441020167e-16
-1.215071145116457989e-16
-1.930766273768609717e-17
1.366374125855431497e-16
3.401624494471370327e-16
5.707199472503108727e-16
7.927466056647722303e-16
9.580181920253736175e-16
1.002820411583613732e-15
8.583076439965247207e-16
4.740020195636706225e-16
-1.761553641627781083e-16
-1.090027218063772257e-15
-2.206918086049714650e-15
-3.396958507602301607e-15
-4.468841644661176310e-15
-5.153554703617819685e-15
-5.133417342329795949e-15
-4.132857132286811910e-15
-1.937596125415447755e-15
1.607548255210151933e-15
6.467108834264318276e-15
1.232901940397901699e-14
1.863094876671574779e-14
2.449640120469939036e-14
2.876507964656195571e-14
3.027394686935108714e-14
2.791662029582447913e-14
2.056364925345430250e-14
7.539289491645916053e-15
-1.089982410020862505e-14
-3.363962212087068249e-14
-5.852889245309966793e-14
-8.211119772397884597e-14
-1.001749003843796504e-13
-1.078613449099520560e-13
-9.904696420676151192e-14
-6.751902232845011231e-14
-8.851691657484148795e-15
8.009044816237320674e-14
2.015182861076283971e-13
3.549661107583867992e-13
5.370584619385221359e-13
7.424482578212432404e-13
9.625314868061396467e-13
1.186591081468735265e-12
1.405915097882348697e-12
1.613024601040957684e-12
1.798852516596283202e-12
1.957326445020668437e-12
2.089626215118212116e-12
2.200707498178910981e-12
2.298060179650729395e-12
2.393790027310771507e-12
2.501805186627681366e-12
2.635873940989852393e-12
2.812365141116601741e-12
3.045739658744106571e-12
3.341789085037349949e-12
3.701552953039310978e-12
4.124412616990369429e-12
4.603684621018455658e-12
5.127670423682451073e-12
5.684161041158430905e-12
6.257887003729978304e-12
6.834255383836307374e-12
7.408271912590080888e-12
7.980723720768523322e-12
8.551949079449450153e-12
9.128349985620953788e-12
9.725162515572538524e-12
1.035866357967929474e-11
1.104464696782825328e-11
1.179776068505056230e-11
1.262556986042495666e-11
1.352916736974130174e-11
1.450644205452933377e-11
1.554831957628621808e-11
1.663874940605047925e-11
1.776048405566221788e-11
1.889377890251786596e-11
2.001948953833654343e-11
2.112786855190673663e-11
2.221538231150788079e-11
2.327795421697143041e-11
2.431691827065041167e-11
2.534166626544376300e-11
2.636102447439725438e-11
2.738144086467109162e-11
2.840650978330749865e-11
2.943131849342250916e-11
3.044349147773850461e-11
3.142777704745469691e-11
3.236322668187519014e-11
3.322272318362351484e-11
3.397937486937507856e-11
3.460805600430383322e-11
3.508684662256733588e-11
3.540048462702394261e-11
3.553859290184036013e-11
3.549504093425248641e-11
3.526797950903493017e-11
3.485410224324247963e-11
3.424642167071390020e-11
3.344156895845884492e-11
3.243325052970646993e-11
3.120042765814012853e-11
2.971675683305363691e-11
2.796427325812977926e-11
2.592512489407727827e-11
2.357314343726102379e-11
2.088580350334545699e-11
1.785607252335896789e-11
1.448419249122645525e-11
1.076637303615290975e-11
6.701687815802159776e-12
2.305843016525699340e-12
-2.401873838708823428e-12
-7.418115600954511279e-12
-1.274300890502511052e-11
-1.835951529693957696e-11
-2.425021815299910344e-11
-3.041625284971871679e-11
-3.685741642445172772e-11
-4.355212371298655682e-11
-5.047308404559913697e-11
-5.760190588399716205e-11
-6.491393533814004968e-11
-7.236427429502256814e-11
-7.990259148771272635e-11
-8.748777396982987398e-11
-9.507745979409065740e-11
-1.026171370099859814e-10
-1.100532026621081627e-10
-1.173427743861310546e-10
-1.244425812396698916e-10
-1.313042036210632091e-10
-1.378801794960082816e-10
-1.441212843511507913e-10
-1.499728952136791804e-10
-1.553844275470339653e-10
-1.603058796817435905e-10
-1.646740799277068845e-10
-1.684230810372611131e-10
-1.715070030439136417e-10
-1.738867522194098569e-10
-1.755053880003742961e-10
-1.763073992355757014e-10
-1.762726770104805496e-10
-1.753908684953842112e-10
-1.736217836167952555e-10
-1.709244273895293986e-10
-1.673043092953463429e-10
-1.627751822219636324e-10
-1.573078750594092412e-10
-1.508730501642574495e-10
-1.434989072013337363e-10
-1.352239709095925946e-10
-1.260409554504349217e-10
-1.159468077105429984e-10
-1.050023956672418990e-10
-9.327966871142123750e-11
-8.080380115016438936e-11
-6.760355469870305001e-11
-5.376768127951514487e-11
-3.939127496410677054e-11
-2.452261484153783755e-11
-9.212294989346947460e-12
6.439387651574479676e-12
2.232926517298228219e-11
3.839014522943884344e-11
5.455022197842218645e-11
7.070390800612003090e-11
8.674537477215693571e-11
1.025880561056347062e-10
1.181415382189854313e-10
1.333057414454330569e-10
1.479864425446564269e-10
1.620921175060630048e-10
1.755301459738234371e-10
1.882255462604121021e-10
2.001138837970373174e-10
2.111120306347302744e-10
2.211356375791950768e-10
2.301432794338253984e-10
2.381054797773174414e-10
2.449515867919416223e-10
2.506104213040316608e-10
2.550768762876742812e-10
2.583597225047640222e-10
2.604105264758516114e-10
2.611829919008101797e-10
2.607135896059986635e-10
2.590531955615205106e-10
2.561838519099524092e-10
2.520897379731934507e-10
2.468442950043225892e-10
2.405317889309088741e-10
2.331615733819347724e-10
2.247449448766758451e-10
2.153794226300576042e-10
2.051698255733924725e-10
1.941503208202632891e-10
1.823580036974803420e-10
1.699044654968062673e-10
1.569048502236825016e-10
1.434152657742160386e-10
1.294941376350777773e-10
1.152538481319353991e-10
1.008049269057842423e-10
8.621495184435445935e-11
7.155252085278007712e-11
5.691495885695729839e-11
4.239365108960058137e-11
2.805837680253109312e-11
1.397994567331473093e-11
2.319182985845852363e-13
-1.312047779450375984e-11
-2.601092952136951908e-11
-3.837277023910345974e-11
-5.016156587323017391e-11
-6.134323604634062121e-11
-7.186291145488965526e-11
-8.166647913476765552e-11
-9.074235807204900084e-11
-9.908963927163227936e-11
-1.066698743223959411e-10
-1.134452115580941722e-10
-1.194335602638929572e-10
-1.246618086536699366e-10
-1.291077522669326072e-10
-1.327497972658520098e-10
-1.356284529130391547e-10
-1.377913894096138847e-10
-1.392327364513334942e-10
-1.399476090568896325e-10
-1.399925869671747591e-10
-1.394288851042091437e-10
-1.382652048409482859e-10
-1.365107887840721901e-10
-1.342291694461650309e-10
-1.314854614076210737e-10
-1.282979417149832102e-10
-1.246850955816114492e-10
-1.207086097743115261e-10
-1.164295465594378243e-10
-1.118720116544125176e-10
-1.070603120045809931e-10
-1.020487860881047482e-10
-9.688942703700575976e-11
-9.160881081493599254e-11
-8.623339542435104477e-11
-8.080588281833556152e-11
-7.536531815288682878e-11
-6.993698675739068449e-11
-6.454595885552194545e-11
-5.922117657375380873e-11
-5.398759217456472470e-11
-4.886734072950815744e-11
-4.388238730723692527e-11
-3.904844850244337806e-11
-3.437729961808244639e-11
-2.988635727785293739e-11
-2.559256279122124056e-11
-2.149928499117770286e-11
-1.760625152613659594e-11
-1.392491504048631867e-11
-1.046649572566948905e-11
-7.224649697934459880e-12
-4.190433156719963748e-12
-1.370869238438710003e-12
1.226823438844892866e-12
3.614532718271279421e-12
5.805804621783483555e-12
7.796936707382684517e-12
9.584335929069265347e-12
1.118310218733986616e-11
1.260944213626880028e-11
1.386333669389783196e-11
1.494488213737987792e-11
1.587057221752452563e-11
1.665722941524006018e-11
1.730706376823487602e-11
1.782202163624901914e-11
1.821743103591622059e-11
1.850838926564790654e-11
1.869787311092885318e-11
1.878872925298313845e-11
1.879412424299342632e-11
1.872679268599686253e-11
1.859036362350519056e-11
1.838833946221640758e-11
1.813132803618611177e-11
1.782927278037860219e-11
1.748561538617021682e-11
1.710358243922627253e-11
1.669083621314015886e-11
1.625436590879658638e-11
1.579714484223337934e-11
1.532208387944322681e-11
1.483440106864186703e-11
1.433872465206320612e-11
1.383760814266388195e-11
1.333343071369119670e-11
1.282920124301423215e-11
1.232734313932892789e-11
1.182947056282968035e-11
1.133705282430064187e-11
1.085126693362026273e-11
1.037291780248139617e-11
9.903091367780003651e-12
9.442910862966780172e-12
8.992635629201384262e-12
8.552311636655929306e-12
8.122814053324045602e-12
7.704948658260324379e-12
7.298379782472164123e-12
6.902617366577601388e-12
6.518056493848289890e-12
6.145010281871643443e-12
5.782741906851240898e-12
5.430449492860311977e-12
5.088221077115262503e-12
4.756127783278607524e-12
4.433349954507947999e-12
4.119077041259133765e-12
3.813320319234758671e-12
3.516116434468252727e-12
3.226845223316954225e-12
2.944965668896792899e-12
2.670625222703226775e-12
2.404014270637744310e-12
2.144829886613353054e-12
1.892826390417767790e-12
1.648273423131285664e-12
1.411461659356350040e-12
1.182296556663520182e-12
9.607321448806827036e-13
7.471854623734841550e-13
5.421650541709288618e-13
3.458112973492993847e-13
1.582815367488776825e-13
-1.975010968300033171e-14
-1.875177801664157373e-13
-3.448150510780567668e-13
-4.915018587438313435e-13
-6.267783059059339745e-13
-7.497165865552601893e-13
-8.601842653964408836e-13
-9.581391669649663712e-13
-1.042581277387044647e-12
-1.112345241957579667e-12
-1.167457623629797325e-12
-1.208135913359498215e-12
-1.233361286365197707e-12
-1.241996089307306761e-12
-1.234518346923674237e-12
-1.211644174749226810e-12
-1.172500247934027406e-12
-1.116050394461831630e-12
-1.043227787142497753e-12
-9.552132305620797403e-13
-8.512967891380340824e-13
-7.306576134055720040e-13
-5.947574247336384623e-13
-4.453299166061464032e-13
-2.820744126556112841e-13
-1.046141865084122824e-13
8.508089523705242296e-14
2.848386403044717019e-13
4.945505810427519577e-13
7.141517737417613088e-13
9.413648246331396408e-13
1.173778955976256810e-12
1.410809403329382761e-12
1.651831015719862350e-12
1.894433611718260302e-12
2.136197252075588970e-12
2.376076332216703335e-12
2.612948052371777408e-12
2.844603242194154724e-12
3.068959149310490631e-12
3.284626260216527704e-12
3.490060454178212090e-12
3.683529609804780947e-12
3.863557043737309016e-12
4.028504092812301707e-12
4.176545394252162424e-12
4.306722079655544988e-12
4.418455618743211133e-12
4.510080676978223124e-12
4.579710308899587190e-12
4.627355356529028185e-12
4.653470751098121028e-12
4.656498710925438544e-12
4.634648134022034682e-12
4.588969395452613398e-12
4.520992521322986235e-12
4.429462005517414980e-12
4.312914608783913195e-12
4.173411616292810322e-12
4.013446693040823021e-12
3.832177197099495558e-12
3.628573353245401201e-12
3.405476204851320965e-12
3.166066150570023829e-12
2.909963936481574365e-12
2.636678852682705632e-12
2.349550458705107481e-12
2.052127348259324968e-12
1.744524229935207060e-12
1.426806047442885639e-12
1.102420563690864608e-12
7.748531091929244941e-13
4.446183547203441666e-13
1.122586588573823430e-13
-2.190646752539548991e-13
-5.463097964460150724e-13
-8.686432107461727892e-13
-1.185127842216748828e-12
-1.493221453603699178e-12
-1.790650527161430361e-12
-2.076414777965607250e-12
-2.349356386516232575e-12
-2.607824763425914405e-12
-2.850538598567209370e-12
-3.076483946068409026e-12
-3.284438259559818718e-12
-3.473756438748809572e-12
-3.644212102221766614e-12
-3.794902326409443916e-12
-3.924699974733325547e-12
-4.033952425569475864e-12
-4.123422523566455666e-12
-4.192435027611240983e-12
-4.240093085666751804e-12
-4.267592355888805145e-12
-4.276486283150138235e-12
-4.266400167179940084e-12
-4.236765886039828288e-12
-4.189385817421342750e-12
-4.126322547537419894e-12
-4.047537478790719234e-12
-3.952840225279752318e-12
-3.844328935048713092e-12
-3.724242268743349626e-12
-3.592863419971115135e-12
-3.450382124112194582e-12
-3.298877230412111672e-12
-3.140443200627673903e-12
-2.975655746112471078e-12
-2.805054799548400979e-12
-2.630417368296167346e-12
-2.453421363637908748e-12
-2.274872564628216409e-12
-2.095597783843827777e-12
-1.916850142155701597e-12
-1.739693675575915144e-12
-1.565091589314504539e-12
-1.394075068057720745e-12
-1.227238254596085820e-12
-1.064929719928053853e-12
-9.081916533919265344e-13
-7.581688098515226848e-13
-6.147551001242645974e-13
-4.775776128729258829e-13
-3.476853136993862670e-13
-2.262505504127543254e-13
-1.125166786456431589e-13
-5.474573837880095106e-15
9.388595857782316978e-14
1.844481869756747772e-13
2.675033317686009715e-13
3.445554930779637370e-13
4.147458743629373057e-13
4.770993712946425269e-13
5.332824568222982453e-13
5.851112780050349294e-13
6.319162315811255315e-13
6.729250403431086269e-13
7.099793843112767178e-13
7.449946692536513204e-13
7.775357506283053777e-13
8.070869276718961594e-13
8.354671121590939720e-13
8.644915295771826713e-13
8.940139210530939629e-13
9.238281797538383522e-13
9.555415269799083511e-13
9.906773752038633418e-13
1.029424809284584796e-12
1.071932907020789472e-12
1.119423347420434034e-12
1.172960383336030254e-12
1.233138374398534687e-12
1.300536609828706336e-12
1.375848653756284179e-12
1.459537785769571272e-12
1.552704471073640402e-12
1.656456113767468263e-12
1.770817758921239271e-12
1.895512826560752373e-12
2.032257391884617626e-12
2.182785202586856599e-12
2.346314982581976238e-12
2.521698995450183389e-12
2.711374093994356471e-12
2.917787322517795268e-12
3.139208944874516405e-12
3.373485301869094677e-12
3.623840160241198483e-12
3.893475819527481008e-12
4.179569450951658993e-12
4.478819225217645084e-12
4.795275287960976129e-12
5.132932707346826717e-12
5.487732664122280113e-12
5.855092018863805592e-12
6.239938253604915275e-12
6.647125124631392268e-12
7.071229452676464078e-12
7.506257768130630836e-12
7.958109865535689664e-12
8.432603573749197778e-12
8.922837295421981452e-12
9.421304882073489040e-12
9.934968646374553458e-12
1.047068421550223505e-11
1.101995144442424746e-11
1.157365002446564262e-11
1.213981692949062108e-11
1.272633734505923542e-11
1.332303191381445373e-11
1.391913320714088798e-11
1.452364877668754772e-11
1.514536759894546947e-11
1.577240248129552214e-11
1.639234581407578162e-11
1.701496235573252136e-11
1.764971849227414680e-11
1.828307817641761090e-11
1.890108555779868027e-11
1.951397203547866610e-11
2.013160124714197252e-11
2.073893140552840464e-11
2.132067959681460678e-11
2.188718650764087670e-11
2.244839210352456149e-11
2.298806284217747020e-11
2.348998599799312359e-11
2.396421255879133128e-11
2.442030258564820144e-11
2.484139977054766746e-11
2.521103117936185356e-11
2.553840298957776866e-11
2.583214024631796946e-11
2.607560521672436238e-11
2.625303273384727021e-11
2.637208160183313055e-11
2.643978959382398131e-11
2.644085124459127911e-11
2.636135754130464193e-11
2.620664449337617441e-11
2.598137503750930222e-11
2.567284752841292317e-11
2.527031188470640899e-11
2.477584977456093185e-11
2.419090275318502847e-11
2.350680240736924276e-11
2.271736965209214532e-11
2.182051241084170812e-11
2.081361125116920618e-11
1.969362693754472815e-11
1.846056120469174999e-11
1.710727393078315117e-11
1.562632662155394314e-11
1.402211853573920308e-11
1.230254786932505340e-11
1.045472562688498641e-11
8.465805313717655878e-12
6.349446142472903176e-12
4.123100298680792974e-12
1.767629120331959403e-12
-7.355919259127707832e-13
-3.362104865345383331e-12
-6.083665689271544608e-12
-8.925962399763953670e-12
-1.191357255903024992e-11
-1.501031243744677113e-11
-1.817658003278044276e-11
-2.144460130304448597e-11
-2.484477727715539430e-11
-2.832899713423042698e-11
-3.184647684451036298e-11
-3.543548093842829871e-11
-3.913165624869208159e-11
-4.287555033233303448e-11
-4.660612867857238939e-11
-5.036659284085587274e-11
-5.419668186457116121e-11
-5.802712130242859701e-11
-6.178849792926044415e-11
-6.552720865915517834e-11
-6.928543849760160356e-11
-7.298677634492989341e-11
-7.655642092485592798e-11
-8.004181345500072098e-11
-8.348566282734282140e-11
-8.680837992880441334e-11
-8.993399774892552045e-11
-9.290850727650123986e-11
-9.577297982454879843e-11
-9.844970672023833913e-11
-1.008666206114838815e-10
-1.030654589451174274e-10
-1.050831921478589948e-10
-1.068497304523852165e-10
-1.083023531966986752e-10
-1.094754981112444625e-10
-1.103994604068070373e-10
-1.110176534036000362e-10
-1.112822195503682110e-10
-1.112172784423215433e-10
-1.108439104391401031e-10
-1.101247495971513501e-10
-1.090319015628615773e-10
-1.075765101998804596e-10
-1.057684079208698336e-10
-1.035944663385635067e-10
-1.010510841670253512e-10
-9.813458379248629626e-11
-9.484198842946156560e-11
-9.118822363873846371e-11
-8.719686778180246733e-11
-8.284827685001161512e-11
-7.812582525357214536e-11
-7.307423416369474012e-11
-6.774521915664521998e-11
-6.210287145647086504e-11
-5.611668074667619521e-11
-4.986062951406466937e-11
-4.341322787371204583e-11
-3.672309331625989159e-11
-2.974643448228064813e-11
-2.258348716366320730e-11
-1.533603279091355631e-11
-7.939168419901498908e-12
-3.373975090200515004e-13
7.348011955843336551e-12
1.499751885181144218e-11
2.268641177693986322e-11
3.047941413147903233e-11
3.824147942754763108e-11
4.584254503781082235e-11
5.336436501024444112e-11
6.087778198216042824e-11
6.824277948291879170e-11
7.532726525871780154e-11
8.221493624782638676e-11
8.897921982553569364e-11
9.548473123288658826e-11
1.016062858849586803e-10
1.074247774068837202e-10
1.130122939674294003e-10
1.182474951288980947e-10
1.230206353453056067e-10
1.274049477029137734e-10
1.314671010943513352e-10
1.351082301592754220e-10
1.382413628014944607e-10
1.409277555763921441e-10
1.432249180366440555e-10
1.450630726651525038e-10
1.463837245863075509e-10
1.472324484552700596e-10
1.476543470824154269e-10
1.476130329081115633e-10
1.470817356796771946e-10
1.460878362724571389e-10
1.446613800970553143e-10
1.428007434522982066e-10
1.405115190866723651e-10
1.378015063169257814e-10
1.346840278193539575e-10
1.311908220946733650e-10
1.273579713911843214e-10
1.231737767337648393e-10
1.186345605086458477e-10
1.138016694768317905e-10
1.087378312392139890e-10
1.034136526412154922e-10
9.780935089631626056e-11
9.201002459935381239e-11
8.609918333846167116e-11
8.003240431486702278e-11
7.377553429277483588e-11
6.742971458972846222e-11
6.109190930914110140e-11
5.470589953260329708e-11
4.822549304339673881e-11
4.175930087835233451e-11
3.540987641992288104e-11
2.911320837184483423e-11
2.281442222640261974e-11
1.662154268389226530e-11
1.063543177137749041e-11
4.789008165723140920e-12
-9.771644214270902573e-13
-6.562686158395614200e-12
-1.187469567121013370e-11
-1.697886449492091998e-11
-2.193529038962971356e-11
-2.665707238280745628e-11
-3.106457452384248086e-11
-3.521846356213664819e-11
-3.917607904746489567e-11
-4.286824367705222016e-11
-4.623221250277254057e-11
-4.932066560714432057e-11
-5.218509652182845571e-11
-5.477620093619073316e-11
-5.704981625997973538e-11
-5.904843281001603827e-11
-6.081526948698012802e-11
-6.232112048643045910e-11
-6.354041598433113336e-11
-6.450435324767411771e-11
-6.524644019512138016e-11
-6.575616440240850125e-11
-6.602520613574469621e-11
-6.607328573160486940e-11
-6.592345419553780062e-11
-6.558122100930319220e-11
-6.505285199409627239e-11
-6.434706933955425256e-11
-6.347648101590053216e-11
-6.245914896396698168e-11
-6.131273266873904504e-11
-6.003633007400921429e-11
-5.863322327659403754e-11
-5.713039069599190611e-11
-5.555363460918449903e-11
-5.389446527948038579e-11
-5.214847303980363336e-11
-5.034800007464035332e-11
-4.852359139495554530e-11
-4.666109512663219050e-11
-4.474985312863388742e-11
-4.282399782007395572e-11
-4.091554872687197530e-11
-3.900628778308323774e-11
-3.708085227760449243e-11
-3.517227134541833777e-11
-3.331141265605630508e-11
-3.147782381973662780e-11
-2.965333187332497289e-11
-2.786798916631916256e-11
-2.614987566762483340e-11
-2.447811398020860452e-11
-2.283348857212708083e-11
-2.124197345798606307e-11
-1.972785823589617848e-11
-1.827111725805075082e-11
-1.685273968987655024e-11
-1.549400191480643230e-11
-1.421482723196199061e-11
-1.299676165300578390e-11
-1.182181262604498073e-11
-1.070643226852574514e-11
-9.666058752022532730e-12
-8.684262510494367149e-12
-7.744672091136717285e-12
-6.859287443594652700e-12
-6.039453225720192719e-12
-5.271075676632763773e-12
-4.539842460293819215e-12
-3.854033845535065339e-12
-3.221608526823849239e-12
-2.630947109477643764e-12
-2.070019503030984254e-12
-1.544233816340445653e-12
-1.058935382956815996e-12
-6.049042018153871769e-13
-1.723796615431955059e-13
2.353302015062341823e-13
6.147855119952028158e-13
9.729954472334489957e-13
1.317549368218262629e-12
1.646502704143182338e-12
1.957635225799392309e-12
2.255907049705796474e-12
2.546848365883591647e-12
2.829272189794340697e-12
3.101648061651363086e-12
3.367134479223543586e-12
3.629441799185562090e-12
3.887759471993268434e-12
4.140928919205144609e-12
4.390610704868569414e-12
4.638945044072029233e-12
4.885269272447700928e-12
5.128615847976858433e-12
5.369359470930312739e-12
5.608226990444498128e-12
5.844588268216766025e-12
6.077604131765612649e-12
6.306534287847664899e-12
6.530850946845356830e-12
6.750005068778541784e-12
6.963375188961951068e-12
7.169272987772590255e-12
7.366060018887399252e-12
7.553424899442440221e-12
7.731141248024098189e-12
7.896724940614774368e-12
8.047606851746547107e-12
8.183952647511372192e-12
8.306189069884339915e-12
8.411332394486770170e-12
8.496273996849712518e-12
8.561974913778858109e-12
8.609783025415040925e-12
8.636696392783083098e-12
8.639580370561894540e-12
8.620376981682831286e-12
8.581461062584505584e-12
8.520171547454769012e-12
8.433672163410399492e-12
8.324789642355501229e-12
8.196773988722316773e-12
8.047428175228521496e-12
7.874312313305154021e-12
7.680888911010264053e-12
7.470990839864022348e-12
7.242813553770544033e-12
6.994247628983041309e-12
6.729092977275641374e-12
6.451457857520326300e-12
6.159806172079118625e-12
5.852305619280517845e-12
5.532887949882825396e-12
5.205716933909254607e-12
4.869576530203145737e-12
4.523095006175870125e-12
4.170213219883978084e-12
3.814986521133434394e-12
3.456764171780313255e-12
3.094914081958055618e-12
2.733174147076522509e-12
2.375222631426088249e-12
2.021061269730228815e-12
1.670794253817720065e-12
1.327550916419006910e-12
9.942201142226769761e-13
6.711975810216874727e-13
3.589836490135861480e-13
5.971068637363602383e-14
-2.248435948060470424e-13
-4.943013229632975403e-13
-7.481898130559661020e-13
-9.855221022939120168e-13
-1.205702963684440743e-12
-1.408679488161534987e-12
-1.594248279397636470e-12
-1.762432756159670877e-12
-1.913629194341681661e-12
-2.048097368784196348e-12
-2.165823510119624373e-12
-2.267545092665690376e-12
-2.354353474329218265e-12
-2.426654797244021111e-12
-2.484512812497841061e-12
-2.529175219950774434e-12
-2.562230809466381487e-12
-2.584233608354802314e-12
-2.595429296828322130e-12
-2.597465645348684404e-12
-2.592281641081162213e-12
-2.580726431167246204e-12
-2.563397411003975890e-12
-2.542134905358928165e-12
-2.518971576465078854e-12
-2.495033693539205899e-12
-2.471169753201496455e-12
-2.449043572105846778e-12
-2.430404835718213974e-12
-2.416302184379826024e-12
-2.407407606597189442e-12
-2.404848889470123652e-12
-2.409781575674063703e-12
-2.422657994355370548e-12
-2.443479663397085666e-12
-2.472720162308150726e-12
-2.510886897705288945e-12
-2.557509976366945104e-12
-2.611701436713853575e-12
-2.673437859979088671e-12
-2.742753290110866438e-12
-2.818219182326719974e-12
-2.898083249075478207e-12
-2.982057309419694491e-12
-3.069916066147926337e-12
-3.159324147780639969e-12
-3.247700068945147400e-12
-3.334669346211072138e-12
-3.419921897757083329e-12
-3.500211622278759371e-12
-3.572117645081474002e-12
-3.635375203994706261e-12
-3.689797599404354145e-12
-3.731342058249653704e-12
-3.755953881245943649e-12
-3.763796132399965799e-12
-3.755122948700950758e-12
-3.725569765883340878e-12
-3.671036131330795982e-12
-3.592459663082081534e-12
-3.490825900911986857e-12
-3.362216538169149338e-12
-3.203289846917534156e-12
-3.015903715999912471e-12
-2.801844043234802406e-12
-2.558383192796664929e-12
-2.283599091074117737e-12
-1.980101195855898943e-12
-1.650264343580620796e-12
-1.293028835044895963e-12
-9.082728059245370744e-13
-4.989977615138529998e-13
-6.781757772543473006e-14
3.843763144145001531e-13
8.556810316730223409e-13
1.343101628178966500e-12
1.844163060107928409e-12
2.355844902837689325e-12
2.874110454839651219e-12
3.396409672604128183e-12
3.920822000402779395e-12
4.442242580726674106e-12
4.954692472275423754e-12
5.456590908281544472e-12
5.947052312410550101e-12
6.419363738491279392e-12
6.866259297244603488e-12
7.287647915688033606e-12
7.684104220972987065e-12
8.048181045217095431e-12
8.372307187809457929e-12
8.658169667330462005e-12
8.907976786765026134e-12
9.114531178411322543e-12
9.270921703941059633e-12
9.380556227622793841e-12
9.447127108375141802e-12
9.464535058456569061e-12
9.427320035726438618e-12
9.340274213787136404e-12
9.208193235688000300e-12
9.026752435803420127e-12
8.792569103355241111e-12
8.511320120918597354e-12
8.188406550035942644e-12
7.821821315645571815e-12
7.410720474776422151e-12
6.961054996312832088e-12
6.478230712286814352e-12
5.962827454020214191e-12
5.416630685650680732e-12
4.845130373298811577e-12
4.253050602670560565e-12
3.643374230782869816e-12
3.020147500143455233e-12
2.387667754483180360e-12
1.749352290629502260e-12
1.110005642089573197e-12
4.752180636849456796e-13
-1.524337703588327098e-13
-7.712426617484391400e-13
-1.375341355559778211e-12
-1.958399371490560092e-12
-2.519778656562277064e-12
-3.059590558338043387e-12
-3.571649920264263756e-12
-4.049643866771424072e-12
-4.494824217687876100e-12
-4.908998121194718678e-12
-5.286383310265652113e-12
-5.621404383648886949e-12
-5.916962232677125400e-12
-6.176276070440911425e-12
-6.394624413319505152e-12
-6.567782342287165065e-12
-6.699877631854977977e-12
-6.795092266642654977e-12
-6.850224380794411871e-12
-6.862744313801405482e-12
-6.837420386818227058e-12
-6.778825330927551462e-12
-6.685412640150545371e-12
-6.556351815623084889e-12
-6.396421153159748130e-12
-6.210008635793018428e-12
-5.997079135372507253e-12
-5.758262356519994185e-12
-5.497809672794229385e-12
-5.219470255307667728e-12
-4.924436292769174273e-12
-4.614469830549472462e-12
-4.292934063787612331e-12
-3.962650086536401162e-12
-3.625708023743956510e-12
-3.284624959173920722e-12
-2.941664490122009035e-12
-2.598568278958102162e-12
-2.257929520438350934e-12
-1.922590342137708852e-12
-1.593635922010616657e-12
-1.271704638296233814e-12
-9.594698082912578307e-13
-6.596780413592462367e-13
-3.723120986856565118e-13
-9.702334150939878610e-14
1.637718958927628088e-13
4.077140372277937574e-13
6.357067107963521035e-13
8.488571716196158246e-13
1.045192469899258736e-12
1.222875316633786902e-12
1.383417577542622734e-12
1.528417149787575369e-12
1.656410252015572127e-12
1.766115465678952390e-12
1.859382222843541932e-12
1.938049113553441671e-12
2.001181338695534606e-12
2.048054868059034916e-12
2.080624951841802961e-12
2.100759236706162270e-12
2.108030546996153554e-12
2.102215537064244799e-12
2.085167325263648230e-12
2.058599384707759938e-12
2.022493067119213173e-12
1.976997775557376436e-12
1.923702516726244482e-12
1.864032582801766758e-12
1.798238532906004661e-12
1.726694308368248443e-12
1.650637634388607555e-12
1.571142304798711642e-12
1.488610124923683831e-12
1.403536791996784494e-12
1.316794221405126475e-12
1.229104383375367870e-12
1.140957012028820383e-12
1.052911122005617539e-12
9.654927681998493050e-13
8.790960581012141617e-13
7.942394029784860532e-13
7.114826306234278697e-13
6.310334741722878338e-13
5.529911923339569935e-13
4.778431881950762072e-13
4.060944560225349109e-13
3.376869910001051300e-13
2.724809852576448588e-13
2.108970550279698486e-13
1.533635143793204980e-13
9.962596204818666146e-14
4.937456354685808291e-14
2.968566512330755684e-15
-3.922626858206788858e-14
-7.758838059881978388e-14
-1.125308478127848288e-13
-1.437461261133421431e-13
-1.709312216508634963e-13
-1.945432476137959332e-13
-2.150555802231737812e-13
-2.322324190590085990e-13
-2.458594851144357829e-13
-2.564296431445400870e-13
-2.644299980803649364e-13
-2.697221786196468685e-13
-2.722044594935524309e-13
-2.723562206926460894e-13
-2.706313905614932125e-13
-2.669995030190469576e-13
-2.614685811613837174e-13
-2.544539828407826887e-13
-2.463316009504445958e-13
-2.371517424711727662e-13
-2.269940962626448844e-13
-2.161720374102907294e-13
-2.049556542278035964e-13
-1.934350303631898749e-13
-1.817176509093243464e-13
-1.700026567002382860e-13
-1.584491544047439415e-13
-1.471465635970170549e-13
-1.361915680057890210e-13
-1.256749966680598130e-13
-1.156530112563641799e-13
-1.061900404848020729e-13
-9.736174133622224613e-14
-8.917357547906859527e-14
-8.160053850073817339e-14
-7.471075217898096033e-14
-6.861242666687458747e-14
-6.326900402241555921e-14
-5.861444955703593029e-14
-5.481385338028735288e-14
-5.210711216349118990e-14
-5.044318370124589723e-14
-4.972922301813703649e-14
-5.028427015594562344e-14
-5.249459585554214214e-14
-5.623887450569367563e-14
-6.133450951989471989e-14
-6.816832390449736878e-14
-7.713974451610886018e-14
-8.795999410608767999e-14
-1.002818094948502992e-13
-1.144039696960794106e-13
-1.305928157497096564e-13
-1.483989119739279050e-13
-1.673611607373032273e-13
-1.876644591678258700e-13
-2.094751238787551095e-13
-2.323687032720900270e-13
-2.559755250645945335e-13
-2.805025634509961119e-13
-3.061544886964057133e-13
-3.327088496200836243e-13
-3.600152944857604176e-13
-3.883043246753065114e-13
-4.177378386781283037e-13
-4.482061152343702615e-13
-4.796296281146805729e-13
-5.119840640853412506e-13
-5.450854611427358165e-13
-5.787145936075877017e-13
-6.126628609819106952e-13
-6.464415591364569558e-13
-6.794103040580479203e-13
-7.112718075109880633e-13
-7.418030491083971167e-13
-7.702164101820729858e-13
-7.956430653210944115e-13
-8.180292923078147371e-13
-8.374864929154568483e-13
-8.531503411721153007e-13
-8.640380078084319848e-13
-8.705259278186938676e-13
-8.731824399817178506e-13
-8.708791608864896450e-13
-8.622316727789625102e-13
-8.479180356978088806e-13
-8.287905409708196114e-13
-8.031325170881897790e-13
-7.689532604410187488e-13
-7.271599771971337667e-13
-6.788403931860809148e-13
-6.218267545841926758e-13
-5.538344847837162188e-13
-4.761890209405150731e-13
-3.904016053577624712e-13
-2.943291769162692528e-13
-1.858615935853083490e-13
-6.685226509742583922e-14
6.072641440266549062e-14
1.987125877256704087e-13
3.488384169199332252e-13
5.089262886982803824e-13
6.768067009610412299e-13
8.538974106790664376e-13
1.041386161332313876e-12
1.237050175836862387e-12
1.438806213928389699e-12
1.647346105013158812e-12
1.862936454405383913e-12
2.083510447503655882e-12
2.307283270691629085e-12
2.533851817601573408e-12
2.762242041001727877e-12
2.990841949102041042e-12
3.218486891928828975e-12
3.443483562529103814e-12
3.663445415080790468e-12
3.877569272614511675e-12
4.085631572642300924e-12
4.284417005201435202e-12
4.469876292018115649e-12
4.642209793653817584e-12
4.802280101356970476e-12
4.945142819540171431e-12
5.065026089517976615e-12
5.163339374114617186e-12
5.242223322099448524e-12
5.295368310509473986e-12
5.315896160762445533e-12
5.306847843111750507e-12
5.272023703012385099e-12
5.204669160929764615e-12
5.097770729850514826e-12
4.956255458127278857e-12
4.785684869224038351e-12
4.579607526533635564e-12
4.331542069468952150e-12
4.047935597828455911e-12
3.735572615126692142e-12
3.388745447446828152e-12
3.002020290340801090e-12
2.582622267086054357e-12
2.137742240171380814e-12
1.663095225770683250e-12
1.155136641721454804e-12
6.211892979168798234e-13
6.816673148255653070e-14
-5.058318130676808799e-13
-1.101524145334653593e-12
-1.712158409841735285e-12
-2.331770410438083196e-12
-2.959222927464977282e-12
-3.591950304901447844e-12
-4.224644939432309343e-12
-4.853160408269108217e-12
-5.473256396715253658e-12
-6.079190102703524445e-12
-6.668048925517755521e-12
-7.238375263757257372e-12
-7.783161268259952692e-12
-8.293950595761323541e-12
-8.770950112035880153e-12
-9.215950919072568581e-12
-9.619770258151305597e-12
-9.971966828670186800e-12
-1.027619135618440538e-11
-1.053762719444018003e-11
-1.074574804138528350e-11
-1.088912206931302862e-11
-1.097476103051331364e-11
-1.101097164835085351e-11
-1.098696567752854847e-11
-1.089155154954113414e-11
-1.073461718820167832e-11
-1.052694216518990089e-11
-1.025867758797094353e-11
-9.920126352314095897e-12
-9.523156568880253303e-12
-9.079978088855078511e-12
-8.582753431574108305e-12
-8.024319923805034449e-12
-7.417282933686042412e-12
-6.773979814578279246e-12
-6.089379001039674222e-12
-5.359583436781445442e-12
-4.596577458937378680e-12
-3.811502762712803971e-12
-3.002623106748703030e-12
-2.169672644672382411e-12
-1.322729035677094878e-12
-4.705261245734060349e-13
3.852861497725956763e-13
1.241414198001333791e-12
2.090817536465339188e-12
2.928171377244992435e-12
3.748747406245866998e-12
4.546152950618553845e-12
5.317189830794655236e-12
6.060555269443712589e-12
6.769003326606570781e-12
7.433748061558276277e-12
8.055735765954974426e-12
8.637765849806022800e-12
9.170838567718053724e-12
9.644719918544542026e-12
1.006431483291381213e-11
1.043612852386077705e-11
1.075041097808870916e-11
1.099660987269324153e-11
1.118297295044090589e-11
1.131893623967927809e-11
1.139501600716519292e-11
1.140137203398117194e-11
1.134860868473586137e-11
1.124800513147006242e-11
1.109115750630440544e-11
1.086973566710724981e-11
1.059550103904571827e-11
1.028035382516501173e-11
9.917612737997405503e-12
9.501084814733662398e-12
9.042500255518337582e-12
8.553218029672127187e-12
8.028771224244390936e-12
7.465523858829481441e-12
6.874080298036044923e-12
6.264229152758149510e-12
5.633938628124557368e-12
4.982229472733079589e-12
4.317653005958543844e-12
3.647627339065095953e-12
2.972513728216608087e-12
2.293830923816297940e-12
1.617468095224672275e-12
9.480159712804692163e-13
2.879705751201305786e-13
-3.590400004215010821e-13
-9.900532000131634369e-13
-1.603421822399253571e-12
-2.194995704293822847e-12
-2.759634101096031245e-12
-3.297255697642942351e-12
-3.808986546310899612e-12
-4.289618139863282664e-12
-4.733140962498438853e-12
-5.142032633020932053e-12
-5.519784716107034583e-12
-5.860705584032066540e-12
-6.158524211430371764e-12
-6.417773430744677654e-12
-6.643751087470617378e-12
-6.830845784844274959e-12
-6.973119130726512793e-12
-7.076559390556402818e-12
-7.147635781856731541e-12
-7.181343193718436879e-12
-7.172598452676037795e-12
-7.128181725435389637e-12
-7.055062263561229230e-12
-6.949238927356216067e-12
-6.806829839361983048e-12
-6.634734428523358929e-12
-6.439775795952229487e-12
-6.219171445193127923e-12
-5.970404726163280884e-12
-5.699902789341182441e-12
-5.413807423193528479e-12
-5.110605081487529233e-12
-4.789137402622101192e-12
-4.454898689526531896e-12
-4.112945227452424746e-12
-3.762924000172418459e-12
-3.404878158932977961e-12
-3.043045850026349086e-12
-2.681126154424617880e-12
-2.319728176908286699e-12
-1.959876705370788841e-12
-1.604380365539948006e-12
-1.255457001379800541e-12
-9.144518909459664613e-13
-5.831201407152653005e-13
-2.628015264172917087e-13
4.575498847533311653e-14
3.407402669481501833e-13
6.199848577234656766e-13
8.835391728141683831e-13
1.131993912668882718e-12
1.363375666703359190e-12
1.575413302416783790e-12
1.769338473477100049e-12
1.946828982746229286e-12
2.105977068081466008e-12
2.244634599718464685e-12
2.364903411988805715e-12
2.469220140854933021e-12
2.555889527799948269e-12
2.623031566256761593e-12
2.673286288515375198e-12
2.709511000981157380e-12
2.730302095521608408e-12
2.734123474498750817e-12
2.723831576956214917e-12
2.702383239058803177e-12
2.668691873389250624e-12
2.621601286750818716e-12
2.563899613450271175e-12
2.498370867826116282e-12
2.424256108357614181e-12
2.340791623034466085e-12
2.250469775810781670e-12
2.155686002966450410e-12
2.055986891152938867e-12
1.950959793023399058e-12
1.842627829831688935e-12
1.732853444069704096e-12
1.621420554244468182e-12
1.508181166759436920e-12
1.394602098733765949e-12
1.281959889805339703e-12
1.170200546705968403e-12
1.059363425974513273e-12
9.503651121275935587e-13
8.439276296019759815e-13
7.401176026211597758e-13
6.391182613522949918e-13
5.413644250766569410e-13
4.471073576477191391e-13
3.565157880285746428e-13
2.698862455133982374e-13
1.872613528000957595e-13
1.085218747547481155e-13
3.391595814958292543e-14
-3.618633848513977402e-14
-1.020396197008374695e-13
-1.640295836441083011e-13
-2.218627842207054890e-13
-2.751417800192501595e-13
-3.243221663451478776e-13
-3.699559105244110135e-13
-4.117340420429355108e-13
-4.492581166023329464e-13
-4.830898051380594360e-13
-5.138554512451598555e-13
-5.412252135177098022e-13
-5.647850893561456864e-13
-5.851227163379546514e-13
-6.028692085477405094e-13
-6.176504078157785127e-13
-6.290173460224424140e-13
-6.375445418989322821e-13
-6.438370886777122770e-13
-6.474766469505288669e-13
-6.479915345622422329e-13
-6.459368630251649535e-13
-6.418868800199539759e-13
-6.354099104516341967e-13
-6.260477704821132416e-13
-6.143373570272059325e-13
-6.008231564179344897e-13
-5.850982133688564790e-13
-5.667503142139929118e-13
-5.462950512964692695e-13
-5.242460653955005601e-13
-5.002444313818854571e-13
-4.739380546001092931e-13
-4.458148260277905450e-13
-4.163528788229953204e-13
-3.852496392644372269e-13
-3.522209921728164383e-13
-3.177194022197654677e-13
-2.821778726479207133e-13
-2.453687210010602193e-13
-2.071038246497305946e-13
-1.677926596494253020e-13
-1.278114170489424994e-13
-8.705061275765188511e-14
-4.546621800295518045e-14
-3.407414070544971876e-15
3.882803095971859575e-14
8.119114376040764691e-14
1.235515867132469525e-13
1.656553583542774710e-13
2.073166941937709673e-13
2.483191061629363983e-13
2.883615384235288515e-13
3.273234276939679388e-13
3.651628695602870955e-13
4.015125634315025449e-13
4.359251945963010799e-13
4.684396859126749302e-13
4.991776848643769693e-13
5.276484002329773215e-13
5.532883179393266460e-13
5.763058216409766565e-13
5.969897970067861159e-13
6.147569432679578227e-13
6.289653585282717341e-13
6.399901225292992102e-13
6.482777639357784061e-13
6.531996081179936020e-13
6.540930991283389062e-13
6.514830992385145514e-13
6.459456992728707103e-13
6.368719570812308994e-13
6.236526594628755138e-13
6.069231488908810590e-13
5.873412650334031149e-13
5.643905481855782114e-13
5.375874983885864378e-13
5.076190661389146097e-13
4.751623899033885490e-13
4.398527440711841319e-13
4.013854678318329317e-13
3.604283755134773948e-13
3.176080546566512064e-13
2.727493252953350211e-13
2.257570486888932360e-13
1.772099855095257692e-13
1.276184832723487039e-13
7.701729743325377853e-14
2.553493136066894292e-14
-2.639893376598853592e-14
-7.844317914413451165e-14
-1.303485043426672041e-13
-1.817676055244216160e-13
-2.324647635845722426e-13
-2.823042093060695867e-13
-3.308419076891722099e-13
-3.775456780975156024e-13
-4.224032419414963657e-13
-4.655029616981720686e-13
-5.062569287395124462e-13
-5.440108541594768088e-13
-5.789816868127795058e-13
-6.114745754008665823e-13
-6.408254460930906671e-13
-6.663316816715725288e-13
-6.884155246723866473e-13
-7.075658418551067363e-13
-7.231131925883316214e-13
-7.343783242109991338e-13
-7.419412306752803943e-13
-7.464202324801438859e-13
-7.472031348688956687e-13
-7.436959034712309347e-13
-7.365718278362631821e-13
-7.265116785080960593e-13
-7.130163972267344885e-13
-6.956325706436450318e-13
-6.750577744366048627e-13
-6.519666534074430864e-13
-6.260218580501908381e-13
-5.969539099148768457e-13
-5.654157155497718801e-13
-5.320096034718002631e-13
-4.965880679753953419e-13
-4.590817743316266686e-13
-4.200339891440724172e-13
-3.799170992992845219e-13
-3.387713558029165073e-13
-2.967138795946511198e-13
-2.541270958857783091e-13
-2.113127110358464789e-13
-1.684714108669826960e-13
-1.258710068683180361e-13
-8.370544247971942187e-14
-4.208806765018842377e-14
-1.340863425778042895e-15
3.816167014011363767e-14
7.641525351939973398e-14
1.134869853799090611e-13
1.489770763349329563e-13
1.824510730214293219e-13
2.140741875216942147e-13
2.440677326041862383e-13
2.720012257963200231e-13
2.974301035497950441e-13
3.206558282786708958e-13
3.420164000102199342e-13
3.610970572033578296e-13
3.774875648610703793e-13
3.915795368080593475e-13
4.037794133337352376e-13
4.137225501424368623e-13
4.210636017371732764e-13
4.262334842713988436e-13
4.296588584050409221e-13
4.310497271620139514e-13
4.301460446512472835e-13
4.273732247001699180e-13
4.231367047111828095e-13
4.172339015083570413e-13
4.094985526885419613e-13
4.003114571597687910e-13
3.900205896092967528e-13
3.785145482639029613e-13
3.657214505195516274e-13
3.519476648051328427e-13
3.374592272287202377e-13
3.222339116457778596e-13
3.062874660928610604e-13
2.898334512928951723e-13
2.730430627689156564e-13
2.559680440696043835e-13
2.386886803658339051e-13
2.213185282826449218e-13
2.039337530226545403e-13
1.866310247620669993e-13
1.695207017295141672e-13
1.526239394198866672e-13
1.359349644566160142e-13
1.195591748433949553e-13
1.036002203079131045e-13
8.800716367685437747e-14
7.271524419920349924e-14
5.781056107998297500e-14
4.336870015127398947e-14
2.929840547147115337e-14
1.550730640361049073e-14
2.054141717968771888e-15
-1.101533059509390497e-14
-2.380014012205635549e-14
-3.639176430363967596e-14
-4.875339024092324725e-14
-6.085869384397230020e-14
-7.279002704405068691e-14
-8.461714808656248255e-14
-9.630952990408864212e-14
-1.078420935451268603e-13
-1.192651121091625743e-13
-1.306158143882935052e-13
-1.418561313337382557e-13
-1.529502978263319601e-13
-1.639180870031953230e-13
-1.747706525941777889e-13
-1.854600593107283424e-13
-1.959378839733183497e-13
-2.062065931418902154e-13
-2.162667018124758700e-13
-2.260592022818377900e-13
-2.355187984741380358e-13
-2.446461815682615670e-13
-2.534483582207480712e-13
-2.618494342795235630e-13
-2.697584722873708207e-13
-2.771889163512286647e-13
-2.841689828326360301e-13
-2.905922843934177768e-13
-2.963258978472271821e-13
-3.014068486982546258e-13
-3.058948222760954350e-13
-3.096367021289403443e-13
-3.124453007517097314e-13
-3.143938831062093042e-13
-3.155858007645312435e-13
-3.158205305348743552e-13
-3.148645894793938860e-13
-3.128451003028137611e-13
-3.099229315024765175e-13
-3.058733008629715977e-13
-3.004494981799499254e-13
-2.938445385451682323e-13
-2.862813610303438505e-13
-2.775499827797206498e-13
-2.674352709772231940e-13
-2.561884894763249987e-13
-2.440778969995532899e-13
-2.309501873597186172e-13
-2.166660270251294373e-13
-2.015060617281336230e-13
-1.857491347149672900e-13
-1.693343409285910650e-13
-1.522316344162999435e-13
-1.347070648386947123e-13
-1.170029378287987254e-13
-9.916824577228117166e-14
-8.129506453864038251e-14
-6.358286699882295667e-14
-4.618678215492083572e-14
-2.926802070558724711e-14
-1.303990705155523913e-14
2.407038301926252462e-15
1.704094934010681045e-14
3.059478262098028201e-14
4.274679500887272610e-14
5.354289060732764227e-14
6.309566042382586115e-14
7.106069069761841717e-14
7.704768897540126282e-14
8.125537596286383502e-14
8.394887297249672975e-14
8.476120467396791591e-14
8.329755206990321903e-14
7.990703503610654956e-14
7.499503676487023762e-14
6.824209030980785129e-14
5.932417507540851953e-14
4.871148243882489348e-14
3.690952505111012860e-14
2.371291436321400214e-14
8.932334276260441713e-15
-6.904232892189108781e-15
-2.326346343480781981e-14
-4.019434253748482844e-14
-5.771412129674038938e-14
-7.532522376023711996e-14
-9.255758729983035171e-14
-1.092847532846268066e-13
-1.253364951972826824e-13
-1.403343858220190699e-13
-1.539559766564752019e-13
-1.658961461042593455e-13
-1.757991132224703823e-13
-1.834749935531246323e-13
-1.888085499578140425e-13
-1.913334806346797534e-13
-1.905386113644491619e-13
-1.864683537786127054e-13
-1.792497763717856851e-13
-1.683155025945792804e-13
-1.530779490796149722e-13
-1.338421018980129329e-13
-1.109904946812803606e-13
-8.396380785742271757e-14
-5.222162085356460426e-14
-1.632222833183438054e-14
2.312014207200060317e-14
6.652386703564355797e-14
1.142463673577814864e-13
1.655348086252242390e-13
2.196179978326828763e-13
2.766528325870432070e-13
3.367027251628684770e-13
3.989341138248975183e-13
4.625417887246796589e-13
5.273461246672883629e-13
5.930616783257625091e-13
6.589227319157842100e-13
7.242353960469627427e-13
7.884741037161857591e-13
8.510217270468745099e-13
9.113277623859494803e-13
9.689402058477014634e-13
1.023052627856235741e-12
1.072808617115506014e-12
1.117984394297111272e-12
1.158458637177950390e-12
1.193274537340804908e-12
1.221483309464532763e-12
1.243242271284361600e-12
1.258795585129535155e-12
1.267189912029786925e-12
1.267530134671512876e-12
1.260340356384892502e-12
1.246203877938723004e-12
1.224284671037800809e-12
1.193826938347686273e-12
1.155647300944695477e-12
1.110594363869232826e-12
1.057990392343277630e-12
9.972296426130622393e-13
9.293209648000844147e-13
8.552842136778926463e-13
7.745846607350170832e-13
6.867408117866569128e-13
5.928574146364662401e-13
4.940343923884316091e-13
3.898631905589061697e-13
2.799861308511869540e-13
1.655255522491766440e-13
4.757923655757112513e-14
-7.409642967552351744e-14
-1.996702635046268548e-13
-3.280697111543440236e-13
-4.582763205376871873e-13
-5.902738692796505315e-13
-7.239357225664877493e-13
-8.583196002900916888e-13
-9.925733195428887434e-13
-1.126330691041121934e-12
-1.259100029099569085e-12
-1.390174325481552398e-12
-1.518967894173495203e-12
-1.644763860698950086e-12
-1.766750049210508156e-12
-1.884574961363849610e-12
-1.998026093533167291e-12
-2.106153142514277654e-12
-2.207963629638487468e-12
-2.303548627888285516e-12
-2.393135602879459256e-12
-2.475675697430346212e-12
-2.550100105039310172e-12
-2.616941168973041520e-12
-2.676854397865024993e-12
-2.728714606700655132e-12
-2.771336979345839779e-12
-2.805617066795051961e-12
-2.832576187494773023e-12
-2.850876002283286859e-12
-2.859024432130818916e-12
-2.858199137437122950e-12
-2.849731084789142166e-12
-2.831842616304869331e-12
-2.802501937113066610e-12
-2.763155372911829666e-12
-2.715448308918122500e-12
-2.656988561458573095e-12
-2.585077768166299528e-12
-2.501503127902426904e-12
-2.408295785016889567e-12
-2.302441657470177816e-12
-2.180649324307060155e-12
-2.045163084024581579e-12
-1.898483106832493661e-12
-1.737165749790547942e-12
-1.557587717658515114e-12
-1.362523700636220081e-12
-1.154967289342112569e-12
-9.313706490071682609e-13
-6.881508709220829356e-13
-4.285708615249517184e-13
-1.560150798699325159e-13
1.327736884196642486e-13
4.408991889030128286e-13
7.647909540907382731e-13
1.100916016336106473e-12
1.451774681374140563e-12
1.819469054586964063e-12
2.200423437209719779e-12
2.591315616945477629e-12
2.993324772077032847e-12
3.406934673613748465e-12
3.828967091307200477e-12
4.256752068887426077e-12
4.689523942780216004e-12
5.125521534976584803e-12
5.562449806317815160e-12
5.998790873762427367e-12
6.431294299197309883e-12
6.855497072799643377e-12
7.270534434916653410e-12
7.676552102320322035e-12
8.067554436996804412e-12
8.436258636113080911e-12
8.783770585885086746e-12
9.112362774066351534e-12
9.413434441662982266e-12
9.677200013546993773e-12
9.907166233225073171e-12
1.010804634438144944e-11
1.026917700180929316e-11
1.037896591588038930e-11
1.044352798684755612e-11
1.047008573590302305e-11
1.044676671557720482e-11
1.036115637731427341e-11
1.022186588844897770e-11
1.003836076762798513e-11
9.798636728397536189e-12
9.490663463451731729e-12
9.125081766592213484e-12
8.712965245127879399e-12
8.243445856481734779e-12
7.706241027249927100e-12
7.113193280922081030e-12
6.476026312429716825e-12
5.786373550448198344e-12
5.037112654066033812e-12
4.240162474605790877e-12
3.406693330210153192e-12
2.532123165657762520e-12
1.613697023228333194e-12
6.620831812485794554e-13
-3.134157159061928821e-13
-1.312673602628378067e-12
-2.333355730854691501e-12
-3.367411601298830881e-12
-4.408663538402191051e-12
-5.451944885132009588e-12
-6.489769659168143079e-12
-7.517907303633553084e-12
-8.534323421571787804e-12
-9.529123150275875531e-12
-1.049024062060865958e-11
-1.141810170718349227e-11
-1.231542038487853929e-11
-1.316840907150673701e-11
-1.396146566412515000e-11
-1.469999642844665999e-11
-1.539155261576219402e-11
-1.601964220998564059e-11
-1.656648603021171340e-11
-1.704224088239225665e-11
-1.745882952097765894e-11
-1.779849705119129766e-11
-1.804288142503995829e-11
-1.820612237357632779e-11
-1.830352883147590148e-11
-1.831770672644505993e-11
-1.823142851964387745e-11
-1.806158521355794022e-11
-1.782549281792444873e-11
-1.750777994802277249e-11
-1.709404666427882802e-11
-1.660234623390710595e-11
-1.605033640716957422e-11
-1.542614300187317156e-11
-1.471955196619134654e-11
-1.394801288356894986e-11
-1.312780700118976185e-11
-1.225159383666518664e-11
-1.131415707650296198e-11
-1.033063131566924753e-11
-9.314346169353449056e-12
-8.262954556692569952e-12
-7.176459947133562167e-12
-6.066241692997964563e-12
-4.941446991174602843e-12
-3.804674891111359258e-12
-2.660891906119955408e-12
-1.516740834490992729e-12
-3.764295461710503998e-13
7.529211629164755948e-13
1.861986693302286611e-12
2.949325028991922615e-12
4.015898724674116238e-12
5.050788346588896971e-12
6.041224378389165039e-12
6.990911755738737909e-12
7.905700399879478368e-12
8.771911148841571304e-12
9.574558160196922074e-12
1.032196550454500539e-11
1.102412779119266162e-11
1.166593124185544283e-11
1.223163844515928744e-11
1.273323634032319518e-11
1.318375356801348985e-11
1.356809282981874532e-11
1.387126177809783201e-11
1.410761438225272002e-11
1.429185242374231279e-11
1.441024816833946787e-11
1.444981200665607091e-11
1.442580950528071781e-11
1.435317142917114097e-11
1.422058391181701964e-11
1.401796734246119058e-11
1.376004952341469689e-11
1.346064665980195585e-11
1.311155784639028710e-11
1.270616424575710113e-11
1.225740776239492291e-11
1.177687201231458758e-11
1.125988018102486166e-11
1.070353441295912589e-11
1.011803835160307585e-11
9.511946785778491176e-12
8.884232759187593587e-12
8.235665621691978799e-12
7.573096663660017214e-12
6.901618599536307741e-12
6.223625781398567369e-12
5.543126287838040511e-12
4.863343235073092075e-12
4.185840042636446157e-12
3.515816544147343237e-12
2.859715068914692182e-12
2.217245918118004866e-12
1.586718928990593636e-12
9.752322647355038399e-13
3.906576668058492352e-13
-1.703464029990248152e-13
-7.121419339645163049e-13
-1.226716970191554790e-12
-1.705750558161911457e-12
-2.154895185901839483e-12
-2.580399002111155582e-12
-2.974203565722643994e-12
-3.328343460215488214e-12
-3.649908500436005454e-12
-3.946170647195490488e-12
-4.209717210240659924e-12
-4.433552049792899297e-12
-4.625333969998646211e-12
-4.792540496401098693e-12
-4.928940068593679058e-12
-5.028976367282833593e-12
-5.100106535010917597e-12
-5.149314568492213695e-12
-5.171945337278938126e-12
-5.164176378191775996e-12
-5.132636069632434683e-12
-5.083277982570466591e-12
-5.013203827758383468e-12
-4.920375738792781561e-12
-4.810134495575324465e-12
-4.687058033359114972e-12
-4.549912963752733575e-12
-4.398227441970714580e-12
-4.235802247148923172e-12
-4.065695263094637468e-12
-3.888027486770306851e-12
-3.703508420077605834e-12
-3.514370435289682071e-12
-3.322201021227488837e-12
-3.128087632670029095e-12
-2.933531022264457278e-12
-2.739356918385338346e-12
-2.545884076471383040e-12
-2.354832474849022361e-12
-2.168181866685214843e-12
-1.985623688041671109e-12
-1.806490178800357338e-12
-1.632854550355500312e-12
-1.466907541616824240e-12
-1.307510198202133100e-12
-1.153311495784292706e-12
-1.006476802942191107e-12
-8.691506715730046295e-13
-7.396638640119745922e-13
-6.162741757881340376e-13
-5.009829356916739584e-13
-3.956549714592694222e-13
-2.983728173387711902e-13
-2.072620775093320100e-13
-1.239743442453533628e-13
-4.996439324561272044e-14
1.668125849312116632e-14
7.775503602525796198e-14
1.320133509886273204e-13
1.784123792713393497e-13
2.186709201299624761e-13
2.543500349574956410e-13
2.845734715581360597e-13
3.086429495226944431e-13
3.279781773859319349e-13
3.438329536451650847e-13
3.556444147425480429e-13
3.630122190258905368e-13
3.670260980987577470e-13
3.686134784994937741e-13
3.675039059961721088e-13
3.635805306996531261e-13
3.576091788144719619e-13
3.502038882410157816e-13
3.413691855233547123e-13
3.312388612095734652e-13
3.202697438850488076e-13
3.087870942015263909e-13
2.970036597303021830e-13
2.852139097814232471e-13
2.735919672237907552e-13
2.622130214780665769e-13
2.513908406529680173e-13
2.414719086577671314e-13
2.324012022322102800e-13
2.240610447830013174e-13
2.167797598330231668e-13
2.108914849393087043e-13
2.061877144715618115e-13
2.024268475281712498e-13
1.999239261554069946e-13
1.989927320145135070e-13
1.993420212969068683e-13
2.006673229274988368e-13
2.032685949898346833e-13
2.074332865848946272e-13
2.128341041818596069e-13
2.191487822374854622e-13
2.266336396978749224e-13
2.355058422581768340e-13
2.454347489133645865e-13
2.561163900318547126e-13
2.677024997076865587e-13
2.802779167608571154e-13
2.935458679517027880e-13
3.072569867805519106e-13
3.214149595347909338e-13
3.359501533298919762e-13
3.506466493032045495e-13
3.653478073458588105e-13
3.799237400375909957e-13
3.941859588307145001e-13
4.080369126347599407e-13
4.214383291130385789e-13
4.341735846714878111e-13
4.459832026251775439e-13
4.568967274833080072e-13
4.669976970232692093e-13
4.760127296672689301e-13
4.836294125593054716e-13
4.899919445883194058e-13
4.952932053207959040e-13
4.992022962536923902e-13
5.013486912945619434e-13
5.019723785942842298e-13
5.013549796671623593e-13
4.991099222285966253e-13
4.948251010328252875e-13
4.888223072846420436e-13
4.814511419745648446e-13
4.723113176605120422e-13
4.610067210787660574e-13
4.479205905922462039e-13
4.334429950375584539e-13
4.172225987007088799e-13
3.989388843144564545e-13
3.789986987440263633e-13
3.577939810747721161e-13
3.350647125206773769e-13
3.105948115887657845e-13
2.847690887351067568e-13
2.579410480780391923e-13
2.299515829487508434e-13
2.006893864417089168e-13
1.704780251427645554e-13
1.395979279438311349e-13
1.079912323302158195e-13
7.565579022636437223e-14
4.282824230894891060e-14
9.691251233044824442e-15
-2.369338347751621249e-14
-5.719439543283230676e-14
-9.067932900874361990e-14
-1.240791323853240868e-13
-1.571857065080922711e-13
-1.897157967832227565e-13
-2.216577615898884801e-13
-2.530673695773366649e-13
-2.835938677902410943e-13
-3.128249883525141550e-13
-3.408841405764390098e-13
-3.679560725122071885e-13
-3.935907589430742703e-13
-4.173012304632683911e-13
-4.393414072215856558e-13
-4.600115319046416129e-13
-4.788170727965113116e-13
-4.952490782923757440e-13
-5.096679371943690917e-13
-5.224639080744775121e-13
-5.331397758163991529e-13
-5.411991384554615259e-13
-5.470747552888122200e-13
-5.512120707790169050e-13
-5.531368006857217967e-13
-5.523900564394224055e-13
-5.494395086472203538e-13
-5.447486537378531946e-13
-5.378992607232846446e-13
-5.285103409601032975e-13
-5.170518418799729954e-13
-5.039706174082836387e-13
-4.889529536464265469e-13
-4.717425994109347709e-13
-4.527761629166682233e-13
-4.324498116374531076e-13
-4.105889619184649453e-13
-3.870834046088705849e-13
-3.622970792729190981e-13
-3.365425071868294316e-13
-3.097832049474974481e-13
-2.820396910810374358e-13
-2.535722012139002279e-13
-2.245876553307046830e-13
-1.951614596925471679e-13
-1.654140420557365099e-13
-1.354900892001908996e-13
-1.054846449988558477e-13
-7.555862538291893693e-14
-4.591003277413033268e-14
-1.657218606050323007e-14
1.246600411330782421e-14
4.097191539493248713e-14
6.868107699318365400e-14
9.565923221729541459e-14
1.220098105663910970e-13
1.474414394828788000e-13
1.716409132879181954e-13
1.947595188421524792e-13
2.169771794961056210e-13
2.379720227298209867e-13
2.574158605456872140e-13
2.755301141323801550e-13
2.925537145436613029e-13
3.081701831653821388e-13
3.220690044953428144e-13
3.345199009290034109e-13
3.457997505961624141e-13
3.556183667853540786e-13
3.636943990328184162e-13
3.703199042987687095e-13
3.757875900647217327e-13
3.798331820511341439e-13
3.821983961954655840e-13
3.831777560178717401e-13
3.830634811088917679e-13
3.816094575753714579e-13
3.785736101772491091e-13
3.742412196111599698e-13
3.688923895083656701e-13
3.622964287516156068e-13
3.542285822305535348e-13
3.449570544575980557e-13
3.347420268490913786e-13
3.233756849536223443e-13
3.106611647617218974e-13
2.968464775203460970e-13
2.821693616608667021e-13
2.664579440338904481e-13
2.495554761103302432e-13
2.316886374593984943e-13
2.130722627415732040e-13
1.935797849057438458e-13
1.731032174155308634e-13
1.518451976569717976e-13
1.299931977382165482e-13
1.074734919115361009e-13
8.423585451129006474e-14
6.045116935238931122e-14
3.626881238914803074e-14
1.167621195856307498e-14
-1.330942870020682123e-14
-3.856433266257938697e-14
-6.399506711227478939e-14
-8.954558557323910595e-14
-1.151233649425778549e-13
-1.406693907407899347e-13
-1.661618433991540744e-13
-1.914643031793172856e-13
-2.163958031861645814e-13
-2.409687033244622967e-13
-2.652351266136526720e-13
-2.889609395945874626e-13
-3.118622981385099635e-13
-3.340218455560178823e-13
-3.555632351048831907e-13
-3.761484667578335328e-13
-3.953925945335279302e-13
-4.134542914199096364e-13
-4.305341348188884698e-13
-4.462079035254251647e-13
-4.600156518728970578e-13
-4.722041442757618501e-13
-4.830603148389678303e-13
-4.921106924737905786e-13
-4.988622904524009360e-13
-5.036533798526143801e-13
-5.068532941444880979e-13
-5.079791296803970457e-13
-5.065443507354383534e-13
-5.029583520499425475e-13
-4.976452735137859573e-13
-4.901439497329018735e-13
-4.800055752179899216e-13
-4.676743475991174126e-13
-4.535922689969523747e-13
-4.373508120329022697e-13
-4.185697199000221191e-13
-3.976944641659319046e-13
-3.751529794281116548e-13
-3.506213602875313251e-13
-3.238178497046162452e-13
-2.951607057724570105e-13
-2.650372326121197553e-13
-2.332350350180145693e-13
-1.995961040760288463e-13
-1.644833222532934847e-13
-1.282151874905032574e-13
-9.071162468095653186e-14
-5.195662829008199091e-14
-1.222793872721842506e-14
2.825304992401262566e-14
6.941929669990187790e-14
1.111336568018934934e-13
1.532288564694977984e-13
1.956015238018318780e-13
2.380326296312629264e-13
2.802348468295551287e-13
3.221699166125469027e-13
3.638659198165056230e-13
4.049664791873353042e-13
4.450565079232998711e-13
4.842376499780698396e-13
5.226739180352879544e-13
5.598973433322551596e-13
5.953924961561718465e-13
6.293941062773811268e-13
6.621895956918089077e-13
6.932201665997561602e-13
7.218907004287455909e-13
7.485468408313655786e-13
7.735738590496088474e-13
7.963442188660407872e-13
8.162089168602115752e-13
8.336003870686170547e-13
8.489775180607617155e-13
8.616795428226242670e-13
8.710434175156211989e-13
8.775694472322459472e-13
8.817714895921480167e-13
8.830001617041172146e-13
8.806213679275753936e-13
8.751807872159345081e-13
8.672224722193477842e-13
8.561445281017598941e-13
8.413743876958812429e-13
8.234688430273917614e-13
8.029672846771029882e-13
7.793476150888545284e-13
7.521334358280562515e-13
7.218604511881332453e-13
6.890316225569015351e-13
6.532505114099917964e-13
6.141857855634924590e-13
5.723270707184979766e-13
5.281186729252929091e-13
4.813416375551438087e-13
4.318572409400811551e-13
3.800848524804223416e-13
3.263869751725378965e-13
2.707570495932842825e-13
2.132730840889718316e-13
1.542521400324167735e-13
9.394504759622362977e-14
3.256394109983455631e-14
-2.959884128159867567e-14
-9.236151611319992627e-14
-1.556134371751352607e-13
-2.189349640165441646e-13
-2.818340721390255599e-13
-3.442835480680500604e-13
-4.063252826650570748e-13
-4.673512011416081080e-13
-5.266939770605383320e-13
-5.844853680908590476e-13
-6.409193922113365360e-13
-6.952388426247069209e-13
-7.466495412396245701e-13
-7.954418373978811019e-13
-8.419576884646784443e-13
-8.853576509079696955e-13
-9.247931196873504511e-13
-9.607048229859360688e-13
-9.935691592383166793e-13
-1.022544462297991785e-12
-1.046809882700172611e-12
-1.066929530835203366e-12
-1.083481936982322313e-12
-1.095705123854706642e-12
-1.102885144321774646e-12
-1.105665363952679225e-12
-1.104681125220496885e-12
-1.099324841227766747e-12
-1.089059398218239494e-12
-1.074554724714293918e-12
-1.056450716838130965e-12
-1.034349580812665703e-12
-1.007933645401359879e-12
-9.778397709603314780e-13
-9.446572213703263721e-13
-9.082194089675421633e-13
-8.684373207536177919e-13
-8.258575030437032005e-13
-7.809670878738961264e-13
-7.338205021932553418e-13
-6.845371166609715008e-13
-6.335277896903079853e-13
-5.811409838595016364e-13
-5.276161452183458778e-13
-4.732369010551629174e-13
-4.182528618151132305e-13
-3.628564733838129941e-13
-3.074165813403417769e-13
-2.523221161090244413e-13
-1.976584044008355967e-13
-1.434660224820805130e-13
-9.018153113377405661e-14
-3.823952602049346394e-14
1.242049472711774516e-14
6.188874011794215368e-14
1.097162250916945692e-13
1.554712847177952550e-13
1.993282519293163024e-13
2.414767875675433162e-13
2.814948523843091577e-13
3.189846661550560514e-13
3.541969777372255823e-13
3.873863578009173469e-13
4.181792173825471526e-13
4.462260910168686090e-13
4.718183851427915076e-13
4.952440367522736864e-13
5.161867569665468114e-13
5.343512633239344556e-13
5.500433008370775312e-13
5.635623261460165345e-13
5.746562622456485858e-13
5.830914093576944346e-13
5.891725909229483804e-13
5.931973120175404457e-13
5.949859745515984066e-13
5.943743218959907093e-13
5.916559559990264283e-13
5.871175941252193553e-13
5.806550444457936333e-13
5.721721924381584223e-13
5.619407933768472141e-13
5.502272357356396970e-13
5.369866335445949712e-13
5.221657524770439984e-13
5.060027375401732197e-13
4.887370347837760587e-13
4.703364976134383202e-13
4.507320081406640533e-13
4.301241979774717006e-13
4.087288504612401896e-13
3.864498510693786804e-13
3.631199074066726595e-13
3.389152836413139580e-13
3.140468028857423821e-13
2.882749377750015718e-13
2.612671363977359107e-13
2.332124294027182465e-13
2.043521330884895404e-13
1.742701848713584800e-13
1.424657917678540109e-13
1.091945476638760126e-13
7.477035619341335093e-14
3.864559700353896454e-14
2.278829912722183867e-16
-4.011787917927028824e-14
-8.198139161887801896e-14
-1.259343920378269699e-13
-1.725374942744550832e-13
-2.213143676568080087e-13
-2.717735433400980671e-13
-3.243908234477205221e-13
-3.795812405713028248e-13
-4.368054041300334367e-13
-4.955472880999178820e-13
-5.561042078217059981e-13
-6.186821346031157187e-13
-6.827604887710281290e-13
-7.478789180830058836e-13
-8.141230745106753375e-13
-8.814688345556986881e-13
-9.494992682726466349e-13
-1.017888572908687284e-12
-1.086492224314228316e-12
-1.155029522546813237e-12
-1.223250450585466886e-12
-1.291026747313184231e-12
-1.357922780297060594e-12
-1.423317193272044534e-12
-1.487168027614060861e-12
-1.549589775072524045e-12
-1.609729927479208733e-12
-1.666482273357527966e-12
-1.720054437423512717e-12
-1.770852887071627801e-12
-1.817455799572875730e-12
-1.858130619855624666e-12
-1.893405571218309547e-12
-1.924050762464046826e-12
-1.947980405453408892e-12
-1.962785186118698455e-12
-1.969418118169530274e-12
-1.969098278528647050e-12
-1.959113427041359046e-12
-1.936481357212027632e-12
-1.902681354484792031e-12
-1.859452912825187987e-12
-1.803655532220393987e-12
-1.731994213848009334e-12
-1.646525689229239031e-12
-1.549515398803491539e-12
-1.437716157064172773e-12
-1.307881429025992137e-12
-1.162596061088372323e-12
-1.004554620910591556e-12
-8.307815698403719917e-13
-6.384754920943369605e-13
-4.305825444458899476e-13
-2.100208705948028443e-13
2.552641698548314270e-14
2.780190628496465033e-13
5.444153157799225262e-13
8.218670969478703014e-13
1.111647449439367996e-12
1.414480945566287673e-12
1.727561995366888592e-12
2.048462094395020472e-12
2.377024358596324660e-12
2.712353345396545379e-12
3.052248991747275042e-12
3.395073718687191544e-12
3.738888105370152815e-12
4.080859348359888727e-12
4.419780513797988419e-12
4.755174119047689274e-12
5.083099739733309974e-12
5.398659384120430005e-12
5.702025657194909058e-12
5.994211203785848596e-12
6.269321433521879428e-12
6.520580082824967150e-12
6.749861086730035709e-12
6.959899236796962541e-12
7.143239992568606311e-12
7.291786098539976280e-12
7.409284991100051343e-12
7.500242614477681258e-12
7.556380868245504701e-12
7.569139759411314117e-12
7.544064331566069370e-12
7.487237392578283135e-12
7.390496201131746545e-12
7.245831972618743677e-12
7.060219596455308277e-12
6.840843429917198293e-12
6.580646184223271078e-12
6.273156473446395154e-12
5.926134149375483773e-12
5.547156917834472623e-12
5.131158085230902444e-12
4.674048474651026908e-12
4.183537630902955939e-12
3.666748762259919303e-12
3.121307682804608241e-12
2.546122817789764348e-12
1.947956553005614211e-12
1.332614032144296967e-12
7.008583166948079146e-13
5.491750988424054514e-14
-6.002493966282551607e-13
-1.260920838228041241e-12
-1.923089508817921178e-12
-2.581274820626089372e-12
-3.233022356774473138e-12
-3.877260491835787803e-12
-4.507052283470036613e-12
-5.114181647614124415e-12
-5.699146016224787559e-12
-6.263801977102190222e-12
-6.799034425741812271e-12
-7.294833140325529541e-12
-7.754750834532142534e-12
-8.183499017322404256e-12
-8.570882718827999014e-12
-8.906317523760254318e-12
-9.196114356124773792e-12
-9.447389051620014300e-12
-9.650095826596594151e-12
-9.794330277368423765e-12
-9.888480659303588993e-12
-9.941282172465371048e-12
-9.943966657044445157e-12
-9.888383514788934292e-12
-9.784022550474169577e-12
-9.640233923635666002e-12
-9.450396194765620095e-12
-9.208853297970609475e-12
-8.925100242196393197e-12
-8.608052638747754060e-12
-8.253755318099464944e-12
-7.859443131030818819e-12
-7.433571987125464631e-12
-6.983672320992617699e-12
-6.508652557885019618e-12
-6.008687471192875051e-12
-5.490345157677101184e-12
-4.959050965008815481e-12
-4.416441171106733066e-12
-3.865340773151482168e-12
-3.309864101547210780e-12
-2.752915083392704076e-12
-2.198409856934979700e-12
-1.651233837163257334e-12
-1.112804293157410029e-12
-5.834149352859641091e-13
-6.854837064727142826e-14
4.256726806976807165e-13
9.004300126694286810e-13
1.357814251659594795e-12
1.791628369100795037e-12
2.195402280108504911e-12
2.572506443976330104e-12
2.926920207937944163e-12
3.252546886337026599e-12
3.543345304668488183e-12
3.804228633497164225e-12
4.040391285431432777e-12
4.246462990270538640e-12
4.417380090188105513e-12
4.558842886526193183e-12
4.676524358732114806e-12
4.766170531161906254e-12
4.823986262530999269e-12
4.855726497970946909e-12
4.866869060538014935e-12
4.854444103641331054e-12
4.816025182818872707e-12
4.756818636902915287e-12
4.681584547111539152e-12
4.588658446269544555e-12
4.476935315522734271e-12
4.350657854812478575e-12
4.213531433483463928e-12
4.065090278282390557e-12
3.905380359381371846e-12
3.737451320651175024e-12
3.563803765982420657e-12
3.384945969353569950e-12
3.201789744791683212e-12
3.016135952105258866e-12
2.829294524359093899e-12
2.642429677846003244e-12
2.456968656305846821e-12
2.273560463159074452e-12
2.092468993214469108e-12
1.915173098235301019e-12
1.743275337452721008e-12
1.576491541477320624e-12
1.414277115557860398e-12
1.258144304884523113e-12
1.109624219765292796e-12
9.677855305340044012e-13
8.315584549070664799e-13
7.023178696594079007e-13
5.813946871678632444e-13
4.675057541612959167e-13
3.593308918643789429e-13
2.580339370991668879e-13
1.646993224311069093e-13
7.794147814134400054e-14
-3.589131436851225945e-15
-7.896784490419098135e-14
-1.473720912014211959e-13
-2.101150742110646785e-13
-2.684273701751560548e-13
-3.216361909880866010e-13
-3.691803807104321322e-13
-4.121944756005357924e-13
-4.517083321969872500e-13
-4.872891912026389161e-13
-5.186042025505377406e-13
-5.465561813897124033e-13
-5.719437510404157265e-13
-5.945185207849312814e-13
-6.140990493896936187e-13
-6.313462664990499018e-13
-6.468347992644174482e-13
-6.604098778256739521e-13
-6.719434579062488755e-13
-6.818820139607717490e-13
-6.906139072074268803e-13
-6.979953182280340673e-13
-7.038829154953907263e-13
-7.085695420162851921e-13
-7.123173578760244595e-13
-7.149596669905888824e-13
-7.163238643741187683e-13
-7.166190384155779469e-13
-7.160431102215536470e-13
-7.144178369548892515e-13
-7.115642710470160281e-13
-7.076634742607390560e-13
-7.028961288881030445e-13
-6.970979240898678153e-13
-6.901063921704864157e-13
-6.821031369938501676e-13
-6.732733945011282195e-13
-6.634732910640317449e-13
-6.525566762297096979e-13
-6.407098159313950880e-13
-6.281233129110108671e-13
-6.146640813518844393e-13
-6.001949696791963884e-13
-5.849021354059624755e-13
-5.689729828776968201e-13
-5.522865693420586641e-13
-5.347273188474610528e-13
-5.164766726274694353e-13
-4.977108677452213303e-13
-4.783475590457164639e-13
-4.583246759545800408e-13
-4.378120858471862276e-13
-4.169653717352866940e-13
-3.957688126873804002e-13
-3.742339554566043169e-13
-3.525014210647298141e-13
-3.306904717507302971e-13
-3.088494629314986195e-13
-2.870466722388470560e-13
-2.653705976751047357e-13
-2.438863455807294134e-13
-2.226705554967886580e-13
-2.018055861308098997e-13
-1.813144225688498312e-13
-1.611999786042470073e-13
-1.415298406899287431e-13
-1.223711209403718914e-13
-1.036908663857964707e-13
-8.544246988531276066e-14
-6.767907767416328491e-14
-5.045868779231243995e-14
-3.371819289705799139e-14
-1.738601362215926732e-14
-1.520605617130418342e-15
1.380842936196148563e-14
2.867318334804844215e-14
4.315161915941986837e-14
5.716851010596421534e-14
7.064062334215248651e-14
8.364507274750271337e-14
9.626381722999122204e-14
1.084208813223810908e-13
1.200417261253139412e-13
1.312139416217994459e-13
1.420280315881858324e-13
1.524276175115038545e-13
1.623594650650844740e-13
1.719173035267390626e-13
1.811957837461256049e-13
1.901490439713479641e-13
1.987237414555198534e-13
2.070059618511366217e-13
2.150842302655817107e-13
2.228878702697362213e-13
2.303250363870634754e-13
2.374696305481455161e-13
2.444038623827110568e-13
2.510034552167389466e-13
2.571188433605348100e-13
2.628266256975847481e-13
2.682183631013551617e-13
2.731185232401206475e-13
2.773329797148976761e-13
2.809648672573439310e-13
2.841349930945286095e-13
2.866406114201969224e-13
2.882690830832701501e-13
2.891624656733982057e-13
2.894786461319492910e-13
2.890061779302344203e-13
2.875272719568555679e-13
2.852185989558192469e-13
2.822687558950293107e-13
2.784618781219438954e-13
2.735771949691906402e-13
2.678155006791138604e-13
2.613855041699170156e-13
2.540705005323745658e-13
2.456550316897593289e-13
2.363561820220572152e-13
2.263927299751486433e-13
2.155658464231269278e-13
2.036923147513691745e-13
1.909967545449600679e-13
1.776951253241315642e-13
1.636414934764671147e-13
1.487234001316256604e-13
1.331575366463055854e-13
1.171393711196788701e-13
1.006116576770382798e-13
8.356350008655033523e-14
6.617971416104234672e-14
4.861165791192507968e-14
3.090493559307870564e-14
1.315311893418640715e-14
-4.522123405175260819e-15
-2.204213848662310571e-14
-3.927289605174834330e-14
-5.603738569633261168e-14
-7.230557840832985139e-14
-8.809614279389754721e-14
-1.032089249675995080e-13
-1.174035505315321193e-13
-1.307548226593333029e-13
-1.433869976962334758e-13
-1.550418186847465907e-13
-1.654205337162442668e-13
-1.746966964534871214e-13
-1.830887329766495153e-13
-1.902820078152761551e-13
-1.959288986478138761e-13
-2.002879605873461588e-13
-2.036535816287571299e-13
-2.056809041660334625e-13
-2.060138626532037609e-13
-2.049839383519783120e-13
-2.029443236725714250e-13
-1.995736068809497721e-13
-1.945657583614021635e-13
-1.883030949050013003e-13
-1.811698171040945771e-13
-1.729153387315662815e-13
-1.633232123762068388e-13
-1.527841573959257127e-13
-1.416690386963487258e-13
-1.298169471225518734e-13
-1.171110056803412180e-13
-1.038988434675335026e-13
-9.048937001186058149e-14
-7.681072303807739976e-14
-6.284229592864315483e-14
-4.884733297103732719e-14
-3.503692155197926650e-14
-2.142796167283259057e-14
-8.096264476442453784e-15
4.803213406303968522e-15
1.717659489034600862e-14
2.891694926587286274e-14
3.985551580605595223e-14
4.996038169757452407e-14
5.926523513480677630e-14
6.758380340825612120e-14
7.467392996269792138e-14
8.063424331451046756e-14
8.562572715751712304e-14
8.940866439138134281e-14
9.170198237914983785e-14
9.272548955876688814e-14
9.274859661756798546e-14
9.151372422442488608e-14
8.874251024781551478e-14
8.474762504175753497e-14
7.987203563472600187e-14
7.387838306610952643e-14
6.652953876825837276e-14
5.819016058936088420e-14
4.923392219629597888e-14
3.947159642864704610e-14
2.873033435506558431e-14
1.738097208205720973e-14
5.783382992207699788e-15
-6.192638395618402930e-15
-1.864969360583848546e-14
-3.125466533260463919e-14
-4.370295629291948147e-14
-5.606701490882756711e-14
-6.838284008058720387e-14
-8.039127360765646602e-14
-9.187522433378586539e-14
-1.028533134312878405e-13
-1.133008549719476121e-13
-1.230551305384658400e-13
-1.320029833053529278e-13
-1.401151872477968130e-13
-1.473180030655413253e-13
-1.535528296311636232e-13
-1.588110610899196029e-13
-1.630309927856676833e-13
-1.661123631225072672e-13
-1.680958838920151854e-13
-1.690667462798944864e-13
-1.689538943862659015e-13
-1.676566329343598394e-13
-1.652980866333891852e-13
-1.620362915025208572e-13
-1.578090956522171240e-13
