-4.561547537265675523e-13
-4.171709906772985699e-13
-3.791386963495485540e-13
0.000000000000000000e+00
0.000000000000000000e+00
0.000000000000000000e+00
0.000000000000000000e+00
0.000000000000000000e+00
0.000000000000000000e+00
0.000000000000000000e+00
0.000000000000000000e+00
0.000000000000000000e+00
0.000000000000000000e+00
0.000000000000000000e+00
0.000000000000000000e+00
0.000000000000000000e+00
0.000000000000000000e+00
0.000000000000000000e+00
0.000000000000000000e+00
0.000000000000000000e+00
0.000000000000000000e+00
0.000000000000000000e+00
0.000000000000000000e+00
0.000000000000000000e+00
0.000000000000000000e+00
0.000000000000000000e+00
0.000000000000000000e+00
0.000000000000000000e+00
0.000000000000000000e+00
0.000000000000000000e+00
0.000000000000000000e+00
0.000000000000000000e+00
0.000000000000000000e+00
0.000000000000000000e+00
0.000000000000000000e+00
0.000000000000000000e+00
0.000000000000000000e+00
0.000000000000000000e+00
0.000000000000000000e+00
0.000000000000000000e+00
0.000000000000000000e+00
0.000000000000000000e+00
0.000000000000000000e+00
0.000000000000000000e+00
0.000000000000000000e+00
0.000000000000000000e+00
0.000000000000000000e+00
0.000000000000000000e+00
0.000000000000000000e+00
0.000000000000000000e+00
0.000000000000000000e+00
0.000000000000000000e+00
0.000000000000000000e+00
0.000000000000000000e+00
0.000000000000000000e+00
0.000000000000000000e+00
0.000000000000000000e+00
0.000000000000000000e+00
0.000000000000000000e+00
0.000000000000000000e+00
0.000000000000000000e+00
0.000000000000000000e+00
0.000000000000000000e+00
0.000000000000000000e+00
0.000000000000000000e+00
0.000000000000000000e+00
0.000000000000000000e+00
0.000000000000000000e+00
0.000000000000000000e+00
0.000000000000000000e+00
0.000000000000000000e+00
0.000000000000000000e+00
0.000000000000000000e+00
0.000000000000000000e+00
0.000000000000000000e+00
0.000000000000000000e+00
0.000000000000000000e+00
0.000000000000000000e+00
0.000000000000000000e+00
0.000000000000000000e+00
0.000000000000000000e+00
0.000000000000000000e+00
0.000000000000000000e+00
0.000000000000000000e+00
0.000000000000000000e+00
0.000000000000000000e+00
0.000000000000000000e+00
0.000000000000000000e+00
0.000000000000000000e+00
0.000000000000000000e+00
0.000000000000000000e+00
0.000000000000000000e+00
0.000000000000000000e+00
0.000000000000000000e+00
0.000000000000000000e+00
0.000000000000000000e+00
0.000000000000000000e+00
0.000000000000000000e+00
0.000000000000000000e+00
0.000000000000000000e+00
0.000000000000000000e+00
0.000000000000000000e+00
0.000000000000000000e+00
0.000000000000000000e+00
0.000000000000000000e+00
0.000000000000000000e+00
0.000000000000000000e+00
0.000000000000000000e+00
0.000000000000000000e+00
0.000000000000000000e+00
0.000000000000000000e+00
0.000000000000000000e+00
0.000000000000000000e+00
0.000000000000000000e+00
0.000000000000000000e+00
0.000000000000000000e+00
0.000000000000000000e+00
0.000000000000000000e+00
0.000000000000000000e+00
0.000000000000000000e+00
0.000000000000000000e+00
0.000000000000000000e+00
0.000000000000000000e+00
0.000000000000000000e+00
0.000000000000000000e+00
0.000000000000000000e+00
0.000000000000000000e+00
0.000000000000000000e+00
0.000000000000000000e+00
0.000000000000000000e+00
0.000000000000000000e+00
0.000000000000000000e+00
0.000000000000000000e+00
0.000000000000000000e+00
0.000000000000000000e+00
0.000000000000000000e+00
0.000000000000000000e+00
0.000000000000000000e+00
0.000000000000000000e+00
0.000000000000000000e+00
0.000000000000000000e+00
0.000000000000000000e+00
0.000000000000000000e+00
0.000000000000000000e+00
0.000000000000000000e+00
0.000000000000000000e+00
0.000000000000000000e+00
0.000000000000000000e+00
0.000000000000000000e+00
0.000000000000000000e+00
0.000000000000000000e+00
0.000000000000000000e+00
0.000000000000000000e+00
0.000000000000000000e+00
0.000000000000000000e+00
0.000000000000000000e+00
0.000000000000000000e+00
0.000000000000000000e+00
0.000000000000000000e+00
0.000000000000000000e+00
0.000000000000000000e+00
0.000000000000000000e+00
0.000000000000000000e+00
0.000000000000000000e+00
0.000000000000000000e+00
0.000000000000000000e+00
0.000000000000000000e+00
0.000000000000000000e+00
0.000000000000000000e+00
0.000000000000000000e+00
0.000000000000000000e+00
0.000000000000000000e+00
0.000000000000000000e+00
0.000000000000000000e+00
0.000000000000000000e+00
0.000000000000000000e+00
0.000000000000000000e+00
0.000000000000000000e+00
0.000000000000000000e+00
0.000000000000000000e+00
0.000000000000000000e+00
0.000000000000000000e+00
0.000000000000000000e+00
0.000000000000000000e+00
0.000000000000000000e+00
0.000000000000000000e+00
0.000000000000000000e+00
0.000000000000000000e+00
0.000000000000000000e+00
0.000000000000000000e+00
0.000000000000000000e+00
0.000000000000000000e+00
0.000000000000000000e+00
0.000000000000000000e+00
0.000000000000000000e+00
0.000000000000000000e+00
0.000000000000000000e+00
0.000000000000000000e+00
0.000000000000000000e+00
0.000000000000000000e+00
0.000000000000000000e+00
0.000000000000000000e+00
0.000000000000000000e+00
0.000000000000000000e+00
0.000000000000000000e+00
0.000000000000000000e+00
0.000000000000000000e+00
0.000000000000000000e+00
0.000000000000000000e+00
0.000000000000000000e+00
0.000000000000000000e+00
0.000000000000000000e+00
0.000000000000000000e+00
0.000000000000000000e+00
0.000000000000000000e+00
0.000000000000000000e+00
0.000000000000000000e+00
0.000000000000000000e+00
0.000000000000000000e+00
0.000000000000000000e+00
0.000000000000000000e+00
0.000000000000000000e+00
0.000000000000000000e+00
0.000000000000000000e+00
0.000000000000000000e+00
0.000000000000000000e+00
0.000000000000000000e+00
0.000000000000000000e+00
0.000000000000000000e+00
0.000000000000000000e+00
0.000000000000000000e+00
0.000000000000000000e+00
0.000000000000000000e+00
0.000000000000000000e+00
0.000000000000000000e+00
0.000000000000000000e+00
0.000000000000000000e+00
0.000000000000000000e+00
0.000000000000000000e+00
0.000000000000000000e+00
0.000000000000000000e+00
0.000000000000000000e+00
0.000000000000000000e+00
0.000000000000000000e+00
0.000000000000000000e+00
0.000000000000000000e+00
0.000000000000000000e+00
0.000000000000000000e+00
0.000000000000000000e+00
0.000000000000000000e+00
0.000000000000000000e+00
0.000000000000000000e+00
0.000000000000000000e+00
0.000000000000000000e+00
0.000000000000000000e+00
0.000000000000000000e+00
0.000000000000000000e+00
0.000000000000000000e+00
0.000000000000000000e+00
0.000000000000000000e+00
0.000000000000000000e+00
0.000000000000000000e+00
0.000000000000000000e+00
0.000000000000000000e+00
0.000000000000000000e+00
0.000000000000000000e+00
0.000000000000000000e+00
0.000000000000000000e+00
0.000000000000000000e+00
0.000000000000000000e+00
0.000000000000000000e+00
0.000000000000000000e+00
0.000000000000000000e+00
0.000000000000000000e+00
0.000000000000000000e+00
0.000000000000000000e+00
0.000000000000000000e+00
0.000000000000000000e+00
0.000000000000000000e+00
0.000000000000000000e+00
0.000000000000000000e+00
0.000000000000000000e+00
0.000000000000000000e+00
0.000000000000000000e+00
0.000000000000000000e+00
0.000000000000000000e+00
0.000000000000000000e+00
0.000000000000000000e+00
0.000000000000000000e+00
0.000000000000000000e+00
0.000000000000000000e+00
0.000000000000000000e+00
0.000000000000000000e+00
0.000000000000000000e+00
0.000000000000000000e+00
0.000000000000000000e+00
0.000000000000000000e+00
0.000000000000000000e+00
0.000000000000000000e+00
0.000000000000000000e+00
0.000000000000000000e+00
0.000000000000000000e+00
0.000000000000000000e+00
0.000000000000000000e+00
0.000000000000000000e+00
0.000000000000000000e+00
0.000000000000000000e+00
0.000000000000000000e+00
0.000000000000000000e+00
0.000000000000000000e+00
0.000000000000000000e+00
0.000000000000000000e+00
0.000000000000000000e+00
0.000000000000000000e+00
0.000000000000000000e+00
0.000000000000000000e+00
0.000000000000000000e+00
0.000000000000000000e+00
0.000000000000000000e+00
0.000000000000000000e+00
0.000000000000000000e+00
0.000000000000000000e+00
0.000000000000000000e+00
0.000000000000000000e+00
0.000000000000000000e+00
0.000000000000000000e+00
0.000000000000000000e+00
0.000000000000000000e+00
0.000000000000000000e+00
0.000000000000000000e+00
0.000000000000000000e+00
0.000000000000000000e+00
0.000000000000000000e+00
0.000000000000000000e+00
0.000000000000000000e+00
0.000000000000000000e+00
0.000000000000000000e+00
0.000000000000000000e+00
0.000000000000000000e+00
0.000000000000000000e+00
0.000000000000000000e+00
0.000000000000000000e+00
0.000000000000000000e+00
0.000000000000000000e+00
0.000000000000000000e+00
0.000000000000000000e+00
0.000000000000000000e+00
0.000000000000000000e+00
0.000000000000000000e+00
0.000000000000000000e+00
0.000000000000000000e+00
0.000000000000000000e+00
0.000000000000000000e+00
0.000000000000000000e+00
0.000000000000000000e+00
0.000000000000000000e+00
0.000000000000000000e+00
0.000000000000000000e+00
0.000000000000000000e+00
0.000000000000000000e+00
0.000000000000000000e+00
0.000000000000000000e+00
0.000000000000000000e+00
0.000000000000000000e+00
0.000000000000000000e+00
0.000000000000000000e+00
0.000000000000000000e+00
0.000000000000000000e+00
0.000000000000000000e+00
0.000000000000000000e+00
0.000000000000000000e+00
0.000000000000000000e+00
0.000000000000000000e+00
0.000000000000000000e+00
0.000000000000000000e+00
0.000000000000000000e+00
0.000000000000000000e+00
0.000000000000000000e+00
0.000000000000000000e+00
0.000000000000000000e+00
0.000000000000000000e+00
0.000000000000000000e+00
0.000000000000000000e+00
0.000000000000000000e+00
0.000000000000000000e+00
0.000000000000000000e+00
0.000000000000000000e+00
0.000000000000000000e+00
0.000000000000000000e+00
0.000000000000000000e+00
0.000000000000000000e+00
0.000000000000000000e+00
0.000000000000000000e+00
0.000000000000000000e+00
0.000000000000000000e+00
0.000000000000000000e+00
0.000000000000000000e+00
0.000000000000000000e+00
0.000000000000000000e+00
0.000000000000000000e+00
0.000000000000000000e+00
0.000000000000000000e+00
0.000000000000000000e+00
0.000000000000000000e+00
0.000000000000000000e+00
0.000000000000000000e+00
0.000000000000000000e+00
0.000000000000000000e+00
0.000000000000000000e+00
0.000000000000000000e+00
0.000000000000000000e+00
0.000000000000000000e+00
0.000000000000000000e+00
0.000000000000000000e+00
0.000000000000000000e+00
0.000000000000000000e+00
0.000000000000000000e+00
0.000000000000000000e+00
0.000000000000000000e+00
0.000000000000000000e+00
0.000000000000000000e+00
0.000000000000000000e+00
0.000000000000000000e+00
0.000000000000000000e+00
0.000000000000000000e+00
0.000000000000000000e+00
0.000000000000000000e+00
0.000000000000000000e+00
0.000000000000000000e+00
0.000000000000000000e+00
0.000000000000000000e+00
0.000000000000000000e+00
0.000000000000000000e+00
0.000000000000000000e+00
0.000000000000000000e+00
0.000000000000000000e+00
0.000000000000000000e+00
0.000000000000000000e+00
0.000000000000000000e+00
0.000000000000000000e+00
0.000000000000000000e+00
0.000000000000000000e+00
0.000000000000000000e+00
0.000000000000000000e+00
0.000000000000000000e+00
0.000000000000000000e+00
0.000000000000000000e+00
0.000000000000000000e+00
0.000000000000000000e+00
0.000000000000000000e+00
0.000000000000000000e+00
0.000000000000000000e+00
0.000000000000000000e+00
0.000000000000000000e+00
0.000000000000000000e+00
0.000000000000000000e+00
0.000000000000000000e+00
0.000000000000000000e+00
0.000000000000000000e+00
0.000000000000000000e+00
0.000000000000000000e+00
0.000000000000000000e+00
0.000000000000000000e+00
0.000000000000000000e+00
0.000000000000000000e+00
0.000000000000000000e+00
0.000000000000000000e+00
0.000000000000000000e+00
0.000000000000000000e+00
0.000000000000000000e+00
0.000000000000000000e+00
0.000000000000000000e+00
0.000000000000000000e+00
0.000000000000000000e+00
0.000000000000000000e+00
0.000000000000000000e+00
0.000000000000000000e+00
0.000000000000000000e+00
0.000000000000000000e+00
0.000000000000000000e+00
0.000000000000000000e+00
0.000000000000000000e+00
0.000000000000000000e+00
0.000000000000000000e+00
0.000000000000000000e+00
0.000000000000000000e+00
0.000000000000000000e+00
0.000000000000000000e+00
0.000000000000000000e+00
0.000000000000000000e+00
0.000000000000000000e+00
0.000000000000000000e+00
0.000000000000000000e+00
0.000000000000000000e+00
0.000000000000000000e+00
0.000000000000000000e+00
0.000000000000000000e+00
0.000000000000000000e+00
0.000000000000000000e+00
0.000000000000000000e+00
0.000000000000000000e+00
0.000000000000000000e+00
0.000000000000000000e+00
0.000000000000000000e+00
0.000000000000000000e+00
0.000000000000000000e+00
0.000000000000000000e+00
0.000000000000000000e+00
0.000000000000000000e+00
0.000000000000000000e+00
0.000000000000000000e+00
0.000000000000000000e+00
0.000000000000000000e+00
0.000000000000000000e+00
0.000000000000000000e+00
0.000000000000000000e+00
0.000000000000000000e+00
0.000000000000000000e+00
0.000000000000000000e+00
0.000000000000000000e+00
0.000000000000000000e+00
0.000000000000000000e+00
0.000000000000000000e+00
0.000000000000000000e+00
0.000000000000000000e+00
0.000000000000000000e+00
0.000000000000000000e+00
0.000000000000000000e+00
0.000000000000000000e+00
0.000000000000000000e+00
0.000000000000000000e+00
0.000000000000000000e+00
0.000000000000000000e+00
0.000000000000000000e+00
0.000000000000000000e+00
0.000000000000000000e+00
0.000000000000000000e+00
0.000000000000000000e+00
0.000000000000000000e+00
0.000000000000000000e+00
0.000000000000000000e+00
0.000000000000000000e+00
0.000000000000000000e+00
0.000000000000000000e+00
0.000000000000000000e+00
0.000000000000000000e+00
0.000000000000000000e+00
0.000000000000000000e+00
0.000000000000000000e+00
0.000000000000000000e+00
0.000000000000000000e+00
0.000000000000000000e+00
0.000000000000000000e+00
0.000000000000000000e+00
0.000000000000000000e+00
0.000000000000000000e+00
0.000000000000000000e+00
0.000000000000000000e+00
0.000000000000000000e+00
0.000000000000000000e+00
0.000000000000000000e+00
0.000000000000000000e+00
0.000000000000000000e+00
0.000000000000000000e+00
0.000000000000000000e+00
0.000000000000000000e+00
0.000000000000000000e+00
0.000000000000000000e+00
0.000000000000000000e+00
0.000000000000000000e+00
0.000000000000000000e+00
0.000000000000000000e+00
0.000000000000000000e+00
0.000000000000000000e+00
0.000000000000000000e+00
0.000000000000000000e+00
0.000000000000000000e+00
0.000000000000000000e+00
0.000000000000000000e+00
0.000000000000000000e+00
0.000000000000000000e+00
0.000000000000000000e+00
0.000000000000000000e+00
0.000000000000000000e+00
0.000000000000000000e+00
0.000000000000000000e+00
0.000000000000000000e+00
0.000000000000000000e+00
0.000000000000000000e+00
0.000000000000000000e+00
0.000000000000000000e+00
0.000000000000000000e+00
0.000000000000000000e+00
0.000000000000000000e+00
0.000000000000000000e+00
0.000000000000000000e+00
0.000000000000000000e+00
0.000000000000000000e+00
0.000000000000000000e+00
0.000000000000000000e+00
0.000000000000000000e+00
0.000000000000000000e+00
0.000000000000000000e+00
0.000000000000000000e+00
0.000000000000000000e+00
0.000000000000000000e+00
0.000000000000000000e+00
0.000000000000000000e+00
0.000000000000000000e+00
0.000000000000000000e+00
0.000000000000000000e+00
0.000000000000000000e+00
0.000000000000000000e+00
0.000000000000000000e+00
0.000000000000000000e+00
0.000000000000000000e+00
0.000000000000000000e+00
0.000000000000000000e+00
0.000000000000000000e+00
0.000000000000000000e+00
0.000000000000000000e+00
0.000000000000000000e+00
0.000000000000000000e+00
0.000000000000000000e+00
0.000000000000000000e+00
0.000000000000000000e+00
0.000000000000000000e+00
0.000000000000000000e+00
0.000000000000000000e+00
0.000000000000000000e+00
0.000000000000000000e+00
0.000000000000000000e+00
0.000000000000000000e+00
0.000000000000000000e+00
0.000000000000000000e+00
0.000000000000000000e+00
0.000000000000000000e+00
0.000000000000000000e+00
0.000000000000000000e+00
0.000000000000000000e+00
0.000000000000000000e+00
0.000000000000000000e+00
0.000000000000000000e+00
0.000000000000000000e+00
0.000000000000000000e+00
0.000000000000000000e+00
0.000000000000000000e+00
0.000000000000000000e+00
0.000000000000000000e+00
0.000000000000000000e+00
0.000000000000000000e+00
0.000000000000000000e+00
0.000000000000000000e+00
0.000000000000000000e+00
0.000000000000000000e+00
0.000000000000000000e+00
0.000000000000000000e+00
0.000000000000000000e+00
0.000000000000000000e+00
0.000000000000000000e+00
0.000000000000000000e+00
0.000000000000000000e+00
0.000000000000000000e+00
0.000000000000000000e+00
0.000000000000000000e+00
0.000000000000000000e+00
0.000000000000000000e+00
0.000000000000000000e+00
0.000000000000000000e+00
0.000000000000000000e+00
0.000000000000000000e+00
0.000000000000000000e+00
0.000000000000000000e+00
0.000000000000000000e+00
0.000000000000000000e+00
0.000000000000000000e+00
0.000000000000000000e+00
0.000000000000000000e+00
0.000000000000000000e+00
0.000000000000000000e+00
0.000000000000000000e+00
0.000000000000000000e+00
0.000000000000000000e+00
0.000000000000000000e+00
0.000000000000000000e+00
0.000000000000000000e+00
0.000000000000000000e+00
0.000000000000000000e+00
0.000000000000000000e+00
0.000000000000000000e+00
0.000000000000000000e+00
0.000000000000000000e+00
0.000000000000000000e+00
0.000000000000000000e+00
0.000000000000000000e+00
0.000000000000000000e+00
0.000000000000000000e+00
0.000000000000000000e+00
0.000000000000000000e+00
0.000000000000000000e+00
0.000000000000000000e+00
0.000000000000000000e+00
0.000000000000000000e+00
0.000000000000000000e+00
0.000000000000000000e+00
0.000000000000000000e+00
0.000000000000000000e+00
0.000000000000000000e+00
0.000000000000000000e+00
0.000000000000000000e+00
0.000000000000000000e+00
0.000000000000000000e+00
0.000000000000000000e+00
0.000000000000000000e+00
0.000000000000000000e+00
0.000000000000000000e+00
0.000000000000000000e+00
0.000000000000000000e+00
0.000000000000000000e+00
0.000000000000000000e+00
0.000000000000000000e+00
0.000000000000000000e+00
0.000000000000000000e+00
0.000000000000000000e+00
0.000000000000000000e+00
0.000000000000000000e+00
0.000000000000000000e+00
0.000000000000000000e+00
0.000000000000000000e+00
0.000000000000000000e+00
0.000000000000000000e+00
0.000000000000000000e+00
0.000000000000000000e+00
0.000000000000000000e+00
0.000000000000000000e+00
0.000000000000000000e+00
0.000000000000000000e+00
0.000000000000000000e+00
0.000000000000000000e+00
0.000000000000000000e+00
0.000000000000000000e+00
0.000000000000000000e+00
0.000000000000000000e+00
0.000000000000000000e+00
0.000000000000000000e+00
0.000000000000000000e+00
0.000000000000000000e+00
0.000000000000000000e+00
0.000000000000000000e+00
0.000000000000000000e+00
0.000000000000000000e+00
0.000000000000000000e+00
0.000000000000000000e+00
0.000000000000000000e+00
0.000000000000000000e+00
0.000000000000000000e+00
0.000000000000000000e+00
0.000000000000000000e+00
0.000000000000000000e+00
0.000000000000000000e+00
0.000000000000000000e+00
0.000000000000000000e+00
0.000000000000000000e+00
0.000000000000000000e+00
0.000000000000000000e+00
0.000000000000000000e+00
0.000000000000000000e+00
0.000000000000000000e+00
0.000000000000000000e+00
0.000000000000000000e+00
0.000000000000000000e+00
0.000000000000000000e+00
0.000000000000000000e+00
0.000000000000000000e+00
0.000000000000000000e+00
0.000000000000000000e+00
0.000000000000000000e+00
0.000000000000000000e+00
0.000000000000000000e+00
0.000000000000000000e+00
0.000000000000000000e+00
0.000000000000000000e+00
0.000000000000000000e+00
0.000000000000000000e+00
0.000000000000000000e+00
0.000000000000000000e+00
0.000000000000000000e+00
0.000000000000000000e+00
0.000000000000000000e+00
0.000000000000000000e+00
0.000000000000000000e+00
0.000000000000000000e+00
0.000000000000000000e+00
0.000000000000000000e+00
0.000000000000000000e+00
0.000000000000000000e+00
0.000000000000000000e+00
0.000000000000000000e+00
0.000000000000000000e+00
0.000000000000000000e+00
0.000000000000000000e+00
-0.000000000000000000e+00
1.401298464324817071e-45
5.605193857299268284e-45
1.121038771459853657e-44
8.407790785948902426e-45
-7.006492321624085355e-45
-2.942726775082115849e-44
-5.044674471569341455e-44
-5.605193857299268284e-44
-1.401298464324817071e-45
1.373272495038320730e-43
3.881596746179743286e-43
7.286752014489048769e-43
1.073394623672809876e-42
1.273780304071258717e-42
1.105624488352280669e-42
3.138908560087590239e-43
-1.261168617892335364e-42
-3.594330560993155787e-42
-6.366098923427643953e-42
-8.752510208172807425e-42
-9.457363335728190412e-42
-6.898592339871074440e-42
5.997557427310217064e-43
1.398075477856869992e-41
3.231674518425893129e-41
5.201900159266585931e-41
6.617491867927516136e-41
6.424953458929286270e-41
3.467092660432462397e-41
-3.191036862960473434e-41
-1.391307206274181125e-40
-2.760810208443468097e-40
-4.102931838619848143e-40
-4.862491658222471988e-40
-4.254986734983734043e-40
-1.409776320033982214e-40
4.234121400849937517e-40
1.256988544573254435e-39
2.247747196506365523e-39
3.120967735848839606e-39
3.443895565654029375e-39
2.678488127559778068e-39
2.448236572991174401e-40
-4.223554209130464071e-39
-1.049710297418331116e-38
-1.749900884593366138e-38
-2.308555142067276635e-38
-2.390456553151976354e-38
-1.612564526649515954e-38
3.610958368570834066e-39
3.722004825895639925e-38
8.247080349230574995e-38
1.305869254177157006e-37
1.655177760715910063e-37
1.635031124538496449e-37
9.629227547703157656e-38
-5.791115895468342093e-38
-3.044435708115862576e-37
-6.225540840184464582e-37
-9.454885840043264135e-37
-1.156046121799493383e-36
-1.096134581261016999e-36
-5.777394380905673484e-37
5.559168041082703948e-37
2.322996632570527620e-36
4.528171193429607454e-36
6.693490404519543136e-36
7.972050010764391219e-36
7.272526839627138677e-36
3.457410562454219650e-36
-4.461143119403700485e-36
-1.664782538408007681e-35
-3.167362353642516347e-35
-4.615518588445283712e-35
-5.443233924218736958e-35
-4.877680518369724743e-35
-2.158877309766859466e-35
3.239105391184841057e-35
1.139869754741419952e-34
2.140515749363623253e-34
3.098556272664509295e-34
3.650795023897425353e-34
3.298291359557187936e-34
1.498212893899233437e-34
-2.101105694131123299e-34
-7.476176672830884638e-34
-1.405636308246121276e-33
-2.037755824006913960e-33
-2.408256766035721388e-33
-2.215530059114591767e-33
-1.112746829717378433e-33
1.173206728612991947e-33
4.647801072711658592e-33
8.929419492094850820e-33
1.313597745439025514e-32
1.574485198418997770e-32
1.482453247767625384e-32
8.361650577859901106e-33
-5.452640381542585563e-33
-2.710798118476470644e-32
-5.448759560411742707e-32
-8.230726221117222515e-32
-1.015398250360351308e-31
-9.953417306477512736e-32
-6.325673644147765899e-32
1.758342359652791673e-32
1.477832673348130677e-31
3.180972819116109530e-31
4.986517095651452617e-31
6.379649053353343039e-31
6.612584543714547203e-31
4.799747970424442973e-31
2.320047780152612323e-32
-7.380875426270745766e-31
-1.769242942111893401e-30
-2.916578466819555111e-30
-3.887941358734543591e-30
-4.268675515406556594e-30
-3.528001979247221051e-30
-1.140423523885278593e-30
3.163392971961143990e-30
9.236325174410926971e-30
1.636468391350356704e-29
2.296860139631017942e-29
2.667837881270302090e-29
2.458645778123391016e-29
1.340617415259695995e-29
-9.406384036183935370e-30
-4.391091986106839557e-29
-8.677128104866001125e-29
-1.303324700874209134e-28
-1.613701552180579854e-28
-1.629901271166550040e-28
-1.170674350024593878e-28
-5.937297081483542843e-30
1.788503407646161776e-28
4.257884439650188769e-28
6.990493030138934940e-28
9.333638141343749889e-28
1.031473766989371803e-27
8.845978234950318867e-28
3.916456301332948742e-28
-5.267569101917238359e-28
-1.867382251856847199e-27
-3.485096190187066201e-27
-5.076841081740162154e-27
-6.155878385008098888e-27
-6.071539216441459688e-27
-4.181097227581480798e-27
1.718420020676125505e-29
6.782717737355612335e-27
1.574463599199307061e-26
2.561015666533428791e-26
3.413868598607419752e-26
3.802418647837326995e-26
3.322272294898736121e-26
1.620961094735054769e-26
-1.518221822591333244e-26
-6.109512623080547266e-26
-1.173404712017802496e-25
-1.741476638635712261e-25
-2.164103814967695264e-25
-2.231975928138713830e-25
-1.707880038758480894e-25
-4.104090151350321580e-26
1.736964477517364514e-25
4.664904311121165155e-25
8.028393232463018294e-25
1.116259381524559519e-24
1.311693754336276037e-24
1.263625796975604666e-24
8.388559511655249548e-25
-5.153925965541074616e-26
-1.425125543012202613e-24
-3.204257150407765601e-24
-5.145904556685851198e-24
-6.831256971314419218e-24
-7.693676000503669490e-24
-7.011353127115470992e-24
-4.058325298054346242e-24
1.590255922757467115e-24
9.915533505633952859e-24
2.032218341186591971e-23
3.126878336417270207e-23
4.027498743802753197e-23
4.410813830714332955e-23
3.874851318743228617e-23
2.030427469159559230e-23
-1.327320319729321690e-23
-6.146542902750314789e-23
-1.204771219865344430e-22
-1.813112477196945613e-22
-2.300389333997067898e-22
-2.488944003522697658e-22
-2.160488828315083768e-22
-1.107550613510713746e-22
7.737152807117477202e-23
3.447789161471712429e-22
6.703380504430867212e-22
1.005315148961833430e-21
1.275275215196478194e-21
1.385894769176694324e-21
1.221215347289925751e-21
6.706424876436296140e-22
-3.225460642912057193e-22
-1.743948157009494380e-21
-3.490240530950266968e-21
-5.316652092293084289e-21
-6.845103745809567770e-21
-7.592397613559439515e-21
-6.956869255938693117e-21
-4.350348424879160380e-21
5.571349202002866015e-22
7.755827984643317347e-21
1.681459306544123080e-20
2.660535644279888750e-20
3.531458278483059441e-20
4.056812963977704902e-20
3.933725903890400155e-20
2.853305562391396951e-20
6.191538569529260553e-21
-2.815089171856593515e-20
-7.311560586751023431e-20
-1.240522506151834181e-19
-1.728549891023199999e-19
-2.084627363284667514e-19
-2.162616019387698345e-19
-1.804943639507652024e-19
-8.971319811588840844e-20
6.155193109674861480e-20
2.715601122281029158e-19
5.241617101055849984e-19
7.864112583045500307e-19
1.010342285012455471e-18
1.129569720361587790e-18
1.067625266214788621e-18
7.613867700281364227e-19
1.681367767377116723e-19
-7.311622108309082063e-19
-1.897456165450436197e-18
-3.214595707153323436e-18
-4.494686036015113704e-18
-5.461044749713863603e-18
-5.769292364210830537e-18
-5.098853378749863523e-18
-3.180940623160684676e-18
1.999608576703730927e-19
5.053774516907561174e-18
1.106473266015943406e-17
1.760388739714734905e-17
2.365585343285684457e-17
2.782778848310479283e-17
2.865891309281847334e-17
2.472315299670544043e-17
1.457461633635770301e-17
-2.647712289758482510e-18
-2.658143244077929327e-17
-5.565678134118146286e-17
-8.684360801679874196e-17
-1.153310002465206697e-16
-1.353395331172229472e-16
-1.404674308752310789e-16
-1.232382380975967752e-16
-7.715067912912276196e-17
4.426060444060723731e-19
1.083074493700023142e-16
2.407621007654404217e-16
3.851421753473861266e-16
5.228093285338842894e-16
6.302555108326514909e-16
6.767924538668684126e-16
6.299182329009666691e-16
4.660837967540598127e-16
1.709939821335738300e-16
-2.606242557549453154e-16
-8.123604476518336056e-16
-1.441418942111337160e-15
-2.082074535228613764e-15
-2.637345077977039029e-15
-2.986334934223545956e-15
-3.015542324310768740e-15
-2.620289434309363251e-15
-1.694444412356904944e-15
-1.763260677714294515e-16
1.910319335173254335e-15
4.468267779839411522e-15
7.310261947103720293e-15
1.014058950606902196e-14
1.261287115603224734e-14
1.434017631745700128e-14
1.484207213782538087e-14
1.365993686301128149e-14
1.052751415637478635e-14
5.335689657167070124e-15
-1.876899438481099101e-15
-1.076078194785093714e-14
-2.064863206905232645e-14
-3.060712219695588265e-14
-3.927952662565944997e-14
-4.501621650313328282e-14
-4.630550568093978747e-14
-4.167785975822853317e-14
-2.945327697554712965e-14
-8.266136086981356462e-15
2.246695769692313299e-14
6.284504031539225877e-14
1.124337100743937057e-13
1.699960024094046562e-13
2.339304422914467718e-13
3.023698099628019387e-13
3.725216749655979598e-13
4.414247559061251769e-13
5.073338667574422978e-13
5.690979371780757745e-13
6.253304081146882076e-13
6.756754986243784789e-13
7.215420210100742526e-13
7.651241836284516928e-13
8.093639690745502158e-13
8.580968509537545419e-13
9.149196157631767079e-13
9.831240639288085781e-13
1.066574237783279866e-12
1.168370305018595623e-12
1.289405865065318402e-12
1.429545826332756508e-12
1.588064640727082644e-12
1.762847788751298328e-12
1.951205906916553268e-12
2.150542114179310182e-12
2.357215334383711003e-12
2.567858035582015752e-12
2.781810589172484249e-12
2.999743899459450525e-12
3.221957856763824068e-12
3.450195207657658081e-12
3.688392907069681925e-12
3.940766549886953740e-12
4.211412035076689264e-12
4.504233791502443296e-12
4.821605788241090096e-12
5.164440923521862459e-12
5.532717079620441680e-12
5.924536469054109133e-12
6.336230585352042866e-12
6.763496013251213412e-12
7.200634619813905957e-12
7.641503749211686625e-12
8.082254483732231876e-12
8.520377979548410252e-12
8.952537496054180366e-12
9.376843919384203474e-12
9.794544515717706901e-12
1.020738962104195124e-11
1.061660741957792808e-11
1.102347987197438428e-11
1.142803386644519748e-11
1.182843580027626018e-11
1.222200465833545024e-11
1.260412520881493137e-11
1.296725660876463238e-11
1.330266712756822400e-11
1.360124599752987606e-11
1.385349560761861554e-11
1.405070417653808690e-11
1.418535688219035862e-11
1.425102223728824669e-11
1.424315006215426394e-11
1.415866035525681355e-11
1.399488597925158118e-11
1.375125360802975649e-11
1.342783523261559253e-11
1.302103477124338937e-11
1.252527942474657152e-11
1.193785261616175930e-11
1.125505851712338412e-11
1.046732579085274395e-11
9.564214871471410362e-12
8.540015049296467708e-12
7.390052111921896483e-12
6.106990347448659762e-12
4.685186700409404992e-12
3.125876510759462157e-12
1.433325138265606480e-12
-3.910032291432746776e-13
-2.344955176217244919e-12
-4.418766134245410981e-12
-6.601313246035189763e-12
-8.889030136960407447e-12
-1.127956235358329451e-11
-1.376281467263540392e-11
-1.632865544165529315e-11
-1.897475059020603538e-11
-2.169817277242191977e-11
-2.448782496222712268e-11
-2.733080081696037666e-11
-3.021743619213701493e-11
-3.313548047056968926e-11
-3.606557066881954654e-11
-3.898617886854971459e-11
-4.187812249756284189e-11
-4.472138284694615606e-11
-4.749235033019161278e-11
-5.016808843349984670e-11
-5.272910233444783046e-11
-5.515638987207971411e-11
-5.743153522197452787e-11
-5.953803422498182840e-11
-6.145822739611617180e-11
-6.317309869663390032e-11
-6.466837482177467678e-11
-6.593078166750032665e-11
-6.693902376841975865e-11
-6.766997379115125000e-11
-6.811096825432016999e-11
-6.825146697808648355e-11
-6.807060470848114164e-11
-6.754807824194131172e-11
-6.668022384248573076e-11
-6.546795050521581061e-11
-6.389998946643160593e-11
-6.196619606324560436e-11
-5.967727007005763085e-11
-5.704814745599584569e-11
-5.407640307764083332e-11
-5.075943138033167656e-11
-4.711769516219099785e-11
-4.317463747627314774e-11
-3.893356470552333803e-11
-3.439837650831556459e-11
-2.959699152427219815e-11
-2.456050293697664699e-11
-1.930208250178200302e-11
-1.383684399697271417e-11
-8.201627745008099879e-12
-2.435627654423511146e-12
3.437482937185265541e-12
9.393066185969800586e-12
1.539082750134923572e-11
2.139079711971358932e-11
2.736538079473049834e-11
3.328659223256202893e-11
3.911841336967647464e-11
4.482649668124949471e-11
5.038119921252359745e-11
5.575140002433975894e-11
6.090645349177137291e-11
6.581780259695690916e-11
7.045318495269015102e-11
7.477949509615555712e-11
7.877404978318125472e-11
8.241844012824017796e-11
8.568479259452033148e-11
8.854612182362942008e-11
9.099536402157326620e-11
9.303124937076745482e-11
9.463621553074119674e-11
9.579307486129451377e-11
9.651107690800131422e-11
9.680416190871454774e-11
9.666226152837964491e-11
9.607479395379314724e-11
9.506175707718611534e-11
9.364687497681600803e-11
9.182713617272852957e-11
8.960042430228298826e-11
8.699663212041741644e-11
8.404945489592918761e-11
8.076733726269935687e-11
7.716009775560195294e-11
7.326677459174035789e-11
6.912855010643426112e-11
6.476259112320192912e-11
6.018598119883478148e-11
5.543893469295291254e-11
5.056120105928485486e-11
4.557218144518593306e-11
4.049121801741328852e-11
3.535355688755181802e-11
3.019321945241237870e-11
2.503184812208125720e-11
1.989199777119310397e-11
1.480375197426830880e-11
9.795330345452324394e-12
4.890192851353392101e-12
1.117907104234740212e-13
-4.518135865438921428e-12
-8.981329568946705422e-12
-1.325852188455156622e-11
-1.733128224268298823e-11
-2.119041227210960443e-11
-2.483046580847858564e-11
-2.823812711438833389e-11
-3.139995208290002893e-11
-3.431683062715684684e-11
-3.699235709420101159e-11
-3.941637988225110689e-11
-4.157851493657993558e-11
-4.348639504048179560e-11
-4.515018914297286301e-11
-4.656445021233857062e-11
-4.772442857570169394e-11
-4.864481040200985262e-11
-4.934256475630505179e-11
-4.981854165309052007e-11
-5.007375070142927598e-11
-5.012723569564059289e-11
-4.999883146394878963e-11
-4.969193806436678074e-11
-4.920935881003174472e-11
-4.856942625863780449e-11
-4.779042439562175559e-11
-4.687649574064423064e-11
-4.583177587447195833e-11
-4.467307079814020199e-11
-4.341711712374518584e-11
-4.207014944745957052e-11
-4.063844399881944014e-11
-3.913712409708836049e-11
-3.758063304992731446e-11
-3.597531994525837717e-11
-3.432687814552970451e-11
-3.264625028642775817e-11
-3.094325143337961492e-11
-2.922222880341607265e-11
-2.748715664802059422e-11
-2.574494090135104329e-11
-2.400185085404960006e-11
-2.226179830755459221e-11
-2.052874190083819883e-11
-1.880767590278775714e-11
-1.710312100278166270e-11
-1.541876522292984220e-11
-1.375791494617750743e-11
-1.212342466000437824e-11
-1.051753302505620269e-11
-8.942343393547602659e-12
-7.399688500830947646e-12
-5.890554537202330465e-12
-4.415758991099805186e-12
-2.977147825142245630e-12
-1.576828403092311870e-12
-2.159052694657506710e-13
1.104432192401694213e-12
2.381540928006464775e-12
3.612712125983241762e-12
4.796736358808617595e-12
5.932632423516492892e-12
7.018076658010796720e-12
8.050732823450257314e-12
9.030092645856413469e-12
9.955857319110528181e-12
1.082564766996529926e-11
1.163664477277226439e-11
1.238837331329900593e-11
1.308053752119286983e-11
1.370996198513108055e-11
1.427313649215999902e-11
1.477002894989531967e-11
1.520120487819021093e-11
1.556387137224835016e-11
1.585508460633100469e-11
1.607649777191078044e-11
1.623051519572538126e-11
1.631510551658443831e-11
1.632783838689810807e-11
1.627183977837010076e-11
1.615087577566676202e-11
1.596320645114168713e-11
1.570677442275236757e-11
1.538603619510858778e-11
1.500622369421389379e-11
1.456668466404131834e-11
1.406670439851875898e-11
1.351251575909540037e-11
1.291103682299343802e-11
1.226303694007446765e-11
1.156911632466117723e-11
1.083651050837186602e-11
1.007275512998617728e-11
9.279353327396044904e-12
8.457699818276154247e-12
7.615050083564778305e-12
6.758756748714844775e-12
5.891175134525861168e-12
5.014782426121522363e-12
4.136537033044840328e-12
3.263241239725989118e-12
2.398061783870364394e-12
1.544236201585225121e-12
7.075353215639512694e-13
-1.068150423796584980e-13
-8.956726961668881604e-13
-1.655807652448104683e-12
-2.383482300416517319e-12
-3.075658217693844065e-12
-3.729407841573939564e-12
-4.341564000670539158e-12
-4.910423196530233625e-12
-5.435040872220353592e-12
-5.912771574440034428e-12
-6.340789004966040920e-12
-6.719523808901284312e-12
-7.050241033340620689e-12
-7.331113147102108485e-12
-7.560161698061396152e-12
-7.739904203662995030e-12
-7.873561178040056063e-12
-7.960119542682608795e-12
-7.998353715454875612e-12
-7.992173763071708237e-12
-7.945990219970777702e-12
-7.859415375455203190e-12
-7.731925343035239706e-12
-7.568254183076827957e-12
-7.373472492300248149e-12
-7.147927649081564638e-12
-6.891892005006505784e-12
-6.610416207475378059e-12
-6.308653252573570569e-12
-5.987458792655608875e-12
-5.647602177583088690e-12
-5.293742440931614723e-12
-4.930423690846508222e-12
-4.558709746499411963e-12
-4.179652283997636886e-12
-3.797098920010899548e-12
-3.414666769827046089e-12
-3.033585969230978563e-12
-2.655120481115380571e-12
-2.282114818299985082e-12
-1.917076957250185565e-12
-1.561197351951371104e-12
-1.215692910921939429e-12
-8.822183435175379174e-13
-5.620497556951820073e-13
-2.561707898758591728e-13
3.436168043895529434e-14
3.089844461019730648e-13
5.674748323157563501e-13
8.090217406588051663e-13
1.032732926953272568e-12
1.238927905579390032e-12
1.428230038576228100e-12
1.600082154447346472e-12
1.753866257954428409e-12
1.890605077006779489e-12
2.011549347230578988e-12
2.116393215192968746e-12
2.204750488080109427e-12
2.278035832886660117e-12
2.337799225038406092e-12
2.383887141507723406e-12
2.416087295509239397e-12
2.435964190777850646e-12
2.445158442040962221e-12
2.443686746012030397e-12
2.431530020732819430e-12
2.410244313161280516e-12
2.381393042830137752e-12
2.345096339340102531e-12
2.301430530524117835e-12
2.251751302778659536e-12
2.197370974413304090e-12
2.138432009593516092e-12
2.075061910494779838e-12
2.008355938151740183e-12
1.939353625607376230e-12
1.868247310327086907e-12
1.795229004515619398e-12
1.721128664936011354e-12
1.646697643693795232e-12
1.572119496216772827e-12
1.497567586432324571e-12
1.423567101872802443e-12
1.350563215950228990e-12
1.278694489702247861e-12
1.208111735651051788e-12
1.139103785255390910e-12
1.071899730434311415e-12
1.006641384831974406e-12
9.434853072420867903e-13
8.825485372891683777e-13
8.238882666378177788e-13
7.676091207976798447e-13
7.138181647332875190e-13
6.624678019692686881e-13
6.134646826985723500e-13
5.668676248890558433e-13
5.227540405758346331e-13
4.809953975913605628e-13
4.414419676156133843e-13
4.041622722258941813e-13
3.692403913006792049e-13
3.365208231433797215e-13
3.058277101616185822e-13
2.772060467455539357e-13
2.507002580792033752e-13
2.261149573785578570e-13
2.032409207293819908e-13
1.820732421168452797e-13
1.626046167288106026e-13
1.446211314766465694e-13
1.279025577940670622e-13
1.124061984442668860e-13
9.810085550973277058e-14
8.480022917591381604e-14
7.233365246833364792e-14
6.073750036987915490e-14
5.011879041123823431e-14
4.046023973215510938e-14
3.178809957773108541e-14
2.437369154163065987e-14
1.852028560622286796e-14
1.431988479617257726e-14
1.182676613570689608e-14
1.118960338882674099e-14
1.242098600622715265e-14
1.526159569813917427e-14
1.933937324248135442e-14
2.427593038699035755e-14
2.963754729915640818e-14
3.489628697768074050e-14
3.956550188931144685e-14
4.339459903066923696e-14
4.633756757205925725e-14
4.838868157075806864e-14
4.970737973249324260e-14
5.075414982497368499e-14
5.205916671054480749e-14
5.407468838479999318e-14
5.724878172430961087e-14
6.193729882274234821e-14
6.830159945655014941e-14
7.640712877936967073e-14
8.619607848661670069e-14
9.745315990815350826e-14
1.099627320081363047e-13
1.234714370676459616e-13
1.377039080636618951e-13
1.526467754281446432e-13
1.684477888121496680e-13
1.850104813273800719e-13
2.022409475131714540e-13
2.203942730356553414e-13
2.396757922337733326e-13
2.599461444707795721e-13
2.810458571596285982e-13
3.029515657435033482e-13
3.255664780734551789e-13
3.486776026326993128e-13
3.721098407703793409e-13
3.957899004196352433e-13
4.196905410008833215e-13
4.437606694867451962e-13
4.679696842709024640e-13
4.923488374809770196e-13
5.169154492466743189e-13
5.416322772233694849e-13
5.664480386483039531e-13
5.913054876467704890e-13
6.161222790637688185e-13
6.407992084005165179e-13
6.652296443733496378e-13
6.892565945076922773e-13
7.126392032909267815e-13
7.351254479280588949e-13
7.564137033747031502e-13
7.759316193040044496e-13
7.929372761693309624e-13
8.069261946998251833e-13
8.174271264212162880e-13
8.235494534589160587e-13
8.244128036488662659e-13
8.197912834684295547e-13
8.096258038992054651e-13
7.933395151753230845e-13
7.703816968032684009e-13
7.410198756691022126e-13
7.056151995164794410e-13
6.636035037449472540e-13
6.142416219753754625e-13
5.578016347429493038e-13
4.945886907491148232e-13
4.236441384329603377e-13
3.438957560560063076e-13
2.556097152515979243e-13
1.591412548615500633e-13
5.353400353764505015e-14
-6.215745962639268596e-14
-1.873781755841810726e-13
-3.214514158328407589e-13
-4.650307916520546314e-13
-6.187105949101434632e-13
-7.815113031543752253e-13
-9.523141823730707500e-13
-1.131260016218327280e-12
-1.318360134602847289e-12
-1.512204315760878881e-12
-1.711323682589138695e-12
-1.915295396240357384e-12
-2.123581475596547641e-12
-2.334675204898606360e-12
-2.547126138480182433e-12
-2.760092284934123619e-12
-2.972558397346114489e-12
-3.183135179052332120e-12
-3.390529827382304795e-12
-3.593304907095751233e-12
-3.789740223025805932e-12
-3.978576582769344228e-12
-4.158716340046941795e-12
-4.328011907195339347e-12
-4.484009517857767690e-12
-4.625746834185928691e-12
-4.752500476490340020e-12
-4.861536520572862230e-12
-4.949835680223557688e-12
-5.016987693340357879e-12
-5.062918834175533789e-12
-5.084641908903453356e-12
-5.078992781903934883e-12
-5.046475824027618629e-12
-4.988004800865475374e-12
-4.900818466324619038e-12
-4.782054092988818894e-12
-4.633269462539502115e-12
-4.456396189567168875e-12
-4.249119285593128126e-12
-4.009082562456134369e-12
-3.738754531662502600e-12
-3.440908365529016244e-12
-3.113931855425189354e-12
-2.756317743490832584e-12
-2.371311263668629543e-12
-1.962361046228822126e-12
-1.528920436436043140e-12
-1.070693663937638540e-12
-5.914776589517611871e-13
-9.513909977757264991e-14
4.175314336895413758e-13
9.453533875852793145e-13
1.484284266675683917e-12
2.030378035838831252e-12
2.581409261695477575e-12
3.134721215242164405e-12
3.686544559206028637e-12
4.233424808625096958e-12
4.772000069402926314e-12
5.298497751660136146e-12
5.810030841851832051e-12
6.304190242750751239e-12
6.776826062121488192e-12
7.223374676179616927e-12
7.642212383751623150e-12
8.032302253879741727e-12
8.389045534629158141e-12
8.707506937710718375e-12
8.987591920694981695e-12
9.229833911050810968e-12
9.429686198547670983e-12
9.582387834605743393e-12
9.689474916863005660e-12
9.753095900344455060e-12
9.769295615524864473e-12
9.734080728962535289e-12
9.650591957510723518e-12
9.522502578129810047e-12
9.347006675597402392e-12
9.121414561163998513e-12
8.850220035994116330e-12
8.538269917479635041e-12
8.184171222669345269e-12
7.786740002790892845e-12
7.351270633892958983e-12
6.883196703583172038e-12
6.382585866077095105e-12
5.849813689007277162e-12
5.290383582601254631e-12
4.709717425083193021e-12
4.109309680727646352e-12
3.491021924664772236e-12
2.859972024829571247e-12
2.220990101900466307e-12
1.576791540218447363e-12
9.304708696242225408e-13
2.862385892546392974e-13
-3.521425772506914242e-13
-9.810878238286635522e-13
-1.596685565881383884e-12
-2.196077521221528883e-12
-2.776976565366240379e-12
-3.335457994871338094e-12
-3.867359557596650177e-12
-4.371476271247676237e-12
-4.847213342512590728e-12
-5.290775196425956395e-12
-5.698197989845166234e-12
-6.069945761300044040e-12
-6.407056309110092940e-12
-6.706211107265769300e-12
-6.964013133520241539e-12
-7.182421758039625459e-12
-7.363874267307668475e-12
-7.505819750452946693e-12
-7.605709465008381187e-12
-7.666671117401158142e-12
-7.692173287221493183e-12
-7.680611355254107764e-12
-7.630468305819260166e-12
-7.545635123673566369e-12
-7.430196215241213764e-12
-7.283565243987322191e-12
-7.105282941871626790e-12
-6.899537365046004567e-12
-6.670536518982306262e-12
-6.418577475075792904e-12
-6.144093914195458694e-12
-5.851077435059526266e-12
-5.543393435253340940e-12
-5.222018564093877657e-12
-4.888076055031831402e-12
-4.544983313314876483e-12
-4.195921388117085371e-12
-3.842337906179160711e-12
-3.485820139481621283e-12
-3.128953910205845013e-12
-2.774017777637527438e-12
-2.422704181367918430e-12
-2.076825907429413753e-12
-1.738009801181827907e-12
-1.407549749497805092e-12
-1.087159767591827642e-12
-7.786377337164196444e-13
-4.826267423901908771e-13
-1.994422828928074654e-13
6.938891193401797164e-14
3.222842457316354992e-13
5.594936406533301820e-13
7.815461602542206343e-13
9.872039167038715313e-13
1.175190045103746694e-12
1.346449319226949992e-12
1.502138474371306209e-12
1.641348949116272493e-12
1.763154184285242732e-12
1.868963317441796335e-12
1.960320144059335412e-12
2.036649278044921907e-12
2.097376959608876490e-12
2.144142285595562747e-12
2.178647670256217417e-12
2.200628134579885042e-12
2.209835179428631946e-12
2.207939777190692787e-12
2.196610731849957254e-12
2.175837635065569486e-12
2.145628293093171379e-12
2.107509696272491517e-12
2.062954624834634210e-12
2.012118770211568375e-12
1.955182109963926607e-12
1.893411209069606471e-12
1.827987631056182671e-12
1.759176680195262410e-12
1.687275319461889467e-12
1.613237104666764843e-12
1.537914218717462145e-12
1.461632247526378769e-12
1.384747459927393454e-12
1.307890211063589270e-12
1.231589049494052901e-12
1.156183005238120565e-12
1.082036370225747390e-12
1.009478091396065480e-12
9.387419227374627084e-13
8.701298687650849129e-13
8.039591128244927276e-13
7.402960622987508899e-13
6.791294956953741746e-13
6.206992385349163754e-13
5.652607288492150772e-13
5.126932407263640190e-13
4.628223802469189074e-13
4.158379912112819543e-13
3.719441475733692437e-13
3.309119200444604614e-13
2.924798803757150401e-13
2.567940977048210893e-13
2.240088268958689843e-13
1.938440049751785632e-13
1.660025741000159538e-13
1.405830340377514642e-13
1.176845486295860499e-13
9.701065634398070570e-14
7.825940009963464061e-14
6.147859321235446539e-14
4.671218991583910018e-14
3.367497727608907698e-14
2.208670258404404896e-14
1.195193727652034757e-14
3.269577669587700464e-15
-4.209074850946648363e-15
-1.071920279453611805e-14
-1.628735259726413198e-14
-2.094651153374503527e-14
-2.488915344168226434e-14
-2.828846606560322247e-14
-3.118979954950390487e-14
-3.364523625524508399e-14
-3.578377421849590623e-14
-3.771532104636030058e-14
-3.949888783020757965e-14
-4.120125464759927247e-14
-4.289777354952312161e-14
-4.464780799305449743e-14
-4.652154312820289128e-14
-4.859536099801990694e-14
-5.090191302855630318e-14
-5.346075551649828728e-14
-5.634660693218905558e-14
-5.963857337663858171e-14
-6.333576377118635414e-14
-6.742669573719939358e-14
-7.198279109279018262e-14
-7.707472626707762009e-14
-8.266995486609640675e-14
-8.872649793698061949e-14
-9.529395095285789208e-14
-1.024147536525174540e-13
-1.100263814519247818e-13
-1.180614173047420112e-13
-1.265339422866842978e-13
-1.354465449304384506e-13
-1.447197396642341261e-13
-1.542751251184734662e-13
-1.640842138810744144e-13
-1.741037327328276429e-13
-1.842535455806593170e-13
-1.944610379840672199e-13
-2.046546390471401522e-13
-2.147473279930089962e-13
-2.246774408231136388e-13
-2.343969202761586601e-13
-2.437971699520424806e-13
-2.527527612119356837e-13
-2.612335532354431722e-13
-2.692251803437795132e-13
-2.765788086837167592e-13
-2.831255737668902928e-13
-2.888663158499837902e-13
-2.938179213818337132e-13
-2.977921457602422661e-13
-3.005880050074849485e-13
-3.022489756306784292e-13
-3.028393508186510985e-13
-3.021764154002848368e-13
-3.000844473084740560e-13
-2.966808656384989362e-13
-2.921044753734919341e-13
-2.862278827581860030e-13
-2.789278682156781652e-13
-2.703707754642820094e-13
-2.607206171876402800e-13
-2.498325710805632260e-13
-2.375240032870956641e-13
-2.238798474949246775e-13
-2.089534057933550848e-13
-1.924568902682277649e-13
-1.740756112389788002e-13
-1.537879930823757291e-13
-1.315723382024416854e-13
-1.071848908457476157e-13
-8.048194679059414436e-14
-5.161374596490166111e-14
-2.079770986776908331e-14
1.172923283292940516e-14
4.557177524884201136e-14
8.022896854243538600e-14
1.151678578892312288e-13
1.497511560285061383e-13
1.833638221728633999e-13
2.155867579725287420e-13
2.461121584307335297e-13
2.746351865541563075e-13
3.010339915711368608e-13
3.255108856070609846e-13
3.484166351697820518e-13
3.700036967351633121e-13
3.905414674380131013e-13
4.105848690552638125e-13
4.306973072458475382e-13
4.509578203481384717e-13
4.712641409922169178e-13
4.918732521980162531e-13
5.129618518145973027e-13
5.340779901663594842e-13
5.547298731478633727e-13
5.749159286659588641e-13
5.946179963342568264e-13
6.134338371467651374e-13
6.311051941459977499e-13
6.477966492217379635e-13
6.636974498631931230e-13
6.787489949429403868e-13
6.929466766017466917e-13
7.065700563697874248e-13
7.198814027525868298e-13
7.328130615345818111e-13
7.452676171505745462e-13
7.574138798788210281e-13
7.693869413100129506e-13
7.810334410468522393e-13
7.922283163687426910e-13
8.030618813166523484e-13
8.135900807226814635e-13
8.236667641339789903e-13
8.331288133336944846e-13
8.419391486075289421e-13
8.500135274466802393e-13
8.569999094057423328e-13
8.624697635760403269e-13
8.662060326826426238e-13
8.679900873574675213e-13
8.673024321295685901e-13
8.636201020810474471e-13
8.567756963964723305e-13
8.466507117783905745e-13
8.327664187575412047e-13
8.145790899444227406e-13
7.919911471435114869e-13
7.649275093543628223e-13
7.326011542199695192e-13
6.939961843047126600e-13
6.488407359138415043e-13
5.968977482423420966e-13
5.368499698607531734e-13
4.672411546211008293e-13
3.878413161375465767e-13
2.985638808666174482e-13
1.981248010703845486e-13
8.526525704022000496e-14
-3.971892327298172376e-14
-1.763185815883624996e-13
-3.254032514363874862e-13
-4.878850145065283250e-13
-6.629071748996684388e-13
-8.494172704619218361e-13
-1.048077640300459912e-12
-1.259652321686233201e-12
-1.482907980437930817e-12
-1.716442634726311756e-12
-1.960663836148013317e-12
-2.215946176553629243e-12
-2.480648065433799232e-12
-2.752982954448701669e-12
-3.032693670843022993e-12
-3.319355857886452377e-12
-3.610885245322603687e-12
-3.905110609880857453e-12
-4.200888768790544958e-12
-4.496858614644327901e-12
-4.790677403387899602e-12
-5.080027544457355049e-12
-5.362905865918810022e-12
-5.637048987316983784e-12
-5.900188324026167663e-12
-6.150220523831739783e-12
-6.384378702789517135e-12
-6.599576787835736980e-12
-6.793957757489366145e-12
-6.965963396388108464e-12
-7.112184539220800517e-12
-7.228862907576738550e-12
-7.314880472175655513e-12
-7.369561558223658437e-12
-7.389159596693506415e-12
-7.369627477715745556e-12
-7.311004232568585337e-12
-7.213903953362521548e-12
-7.074772625376146706e-12
-6.889846766028329128e-12
-6.660667243446605212e-12
-6.389405064061159933e-12
-6.073180586901871791e-12
-5.708974959439672148e-12
-5.299875122100061731e-12
-4.849558688652111371e-12
-4.356185551168678671e-12
-3.817897387126123476e-12
-3.239178239869411335e-12
-2.625000260561560772e-12
-1.974964462803097121e-12
-1.288812698056751582e-12
-5.721308843353867246e-13
1.691910365064427935e-13
9.338627961208434414e-13
1.720337305770314185e-12
2.522473766322641531e-12
3.334082359154888486e-12
4.152207657565076815e-12
4.973525497692365960e-12
5.792049999342463451e-12
6.602050503512479906e-12
7.399096092763901567e-12
8.178305255235329696e-12
8.934655099102073450e-12
9.663700395456942260e-12
1.035998630632972706e-11
1.101758961841170503e-11
1.163326379671758559e-11
1.220461058604183080e-11
1.272575361060956922e-11
1.319033857832829781e-11
1.359746256562877065e-11
1.394723832953692622e-11
1.423392220062380531e-11
1.445132208344190872e-11
1.460115188478550152e-11
1.468620190736569242e-11
1.470148829063600004e-11
1.464169237241907950e-11
1.451117351281006052e-11
1.431531542611663710e-11
1.405052289793484732e-11
1.371299948593751594e-11
1.330942474286889166e-11
1.284730221512431214e-11
1.232484080071483135e-11
1.174017306981856024e-11
1.110161094997064168e-11
1.041798765311074959e-11
9.689490529374289451e-12
8.916349429621828193e-12
8.107573640225851364e-12
7.272307755989970701e-12
6.412636914532310328e-12
5.530783730306465529e-12
4.635381488371503877e-12
3.734796326371192521e-12
2.832731662086307445e-12
1.933129220935136949e-12
1.043232449211839441e-12
1.696389339764237114e-13
-6.826444249284635557e-13
-1.508275817609094904e-12
-2.302254524175206818e-12
-3.060555498271555486e-12
-3.777248045594427950e-12
-4.446020374776482598e-12
-5.064783661912208856e-12
-5.632656233794941514e-12
-6.143215710435745436e-12
-6.589644194893162776e-12
-6.973110890790001903e-12
-7.296087345398660773e-12
-7.551998956745187286e-12
-7.733890784733521429e-12
-7.846162955460478372e-12
-7.894497555671620148e-12
-7.872413658460697405e-12
-7.773112015163619049e-12
-7.603939179701146855e-12
-7.373407440169899019e-12
-7.075303017078926615e-12
-6.703180545353237818e-12
-6.266881111272049054e-12
-5.777231991410669565e-12
-5.228365049930738806e-12
-4.614291587712315845e-12
-3.946807290711173977e-12
-3.238456811743839481e-12
-2.483725248039747591e-12
-1.677109623052230880e-12
-8.317364266936799755e-13
3.880854581379995782e-14
9.397577117528643775e-13
1.876189958602281216e-12
2.834336281301585991e-12
3.800285173355399948e-12
4.779080776950994647e-12
5.775462139784304227e-12
6.775657725860417813e-12
7.766059496872035339e-12
8.751539423701437670e-12
9.736504137658474889e-12
1.070769427985451827e-11
1.165228417226993329e-11
1.257488731198908027e-11
1.347952131858232150e-11
1.435381848102768032e-11
1.518608849782054904e-11
1.598051899143193566e-11
1.674060542966593346e-11
1.745519527529548753e-11
1.811404151674800289e-11
1.872065696906233256e-11
1.927782933286437128e-11
1.977597252622587121e-11
2.020660895551973368e-11
2.057228172536174071e-11
2.087481923429557185e-11
2.110660257681473695e-11
2.126135205393619998e-11
2.134025421651752907e-11
2.134386070662408486e-11
2.126701939553221621e-11
2.110611338479451149e-11
2.086051990868309503e-11
2.052913915251419752e-11
2.010983567168889152e-11
1.960219313257294260e-11
1.900330934279104156e-11
1.830999588059434302e-11
1.752379664987646635e-11
1.664811517809727803e-11
1.567727371531990599e-11
1.460558410326662226e-11
1.343899991290697926e-11
1.218545750414357087e-11
1.083607509277939585e-11
9.382289216375294671e-12
7.835288841351317757e-12
6.208311642552644116e-12
4.488970826999061359e-12
2.665574141622051307e-12
7.553590999215265001e-13
-1.222436106333713024e-12
-3.283870354461870811e-12
-5.443917452246926914e-12
-7.678691883727939427e-12
-9.962503044746995329e-12
-1.231510379784417353e-11
-1.475475991385977181e-11
-1.725068872471258175e-11
-1.977067121128328608e-11
-2.233797348483168577e-11
-2.497398121636962287e-11
-2.764122611353947434e-11
-3.030135864445782090e-11
-3.298068415591437486e-11
-3.570326673196788647e-11
-3.842568971346160822e-11
-4.110439072446681052e-11
-4.376787474114074428e-11
-4.644208281834316665e-11
-4.907899087136513572e-11
-5.163135197161494716e-11
-5.412867376541896647e-11
-5.659772303601151577e-11
-5.898797422743129459e-11
-6.125073365170763395e-11
-6.341510649932047272e-11
-6.550739117816561929e-11
-6.747736397416659315e-11
-6.927781265320120951e-11
-7.093571563476785968e-11
-7.247542843646925803e-11
-7.385044659136141831e-11
-7.501836651879756346e-11
-7.600227391879599281e-11
-7.682295077859890853e-11
-7.744130336995169728e-11
-7.782329641825569411e-11
-7.798613838039258894e-11
-7.794536543981323007e-11
-7.767304160966048698e-11
-7.714693467386624093e-11
-7.637659255044226825e-11
-7.537070273455626079e-11
-7.411596336659442841e-11
-7.260506085238205287e-11
-7.083832825882652173e-11
-6.881636233080357101e-11
-6.654329864907992942e-11
-6.402909452640770382e-11
-6.126382734450430689e-11
-5.823910104174601088e-11
-5.497832744616459877e-11
-5.151002194225817732e-11
-4.781352050398091080e-11
-4.387106303238574867e-11
-3.972575393640376262e-11
-3.542459381389306827e-11
-3.093636805062693895e-11
-2.623407220625484371e-11
-2.137939651702946975e-11
-1.643624819580580265e-11
-1.136378057625675453e-11
-6.126509022319481801e-12
-8.020249503588872120e-13
4.531847987154780100e-12
9.923897641150869475e-12
1.541666794224738624e-11
2.092085185645409240e-11
2.634905661713649039e-11
3.175564325386126541e-11
3.718825247744916851e-11
4.255126112573393016e-11
4.775307926863092689e-11
5.285071338900770854e-11
5.789448087600845838e-11
6.278870479103915159e-11
6.744357156085456495e-11
7.191553602625688768e-11
7.625493292362506281e-11
8.037256971071826683e-11
8.418656050057649054e-11
8.774945353673402337e-11
9.110879412022043766e-11
9.418814339579029138e-11
9.691914631959619442e-11
9.934731509675387429e-11
1.015146647298514893e-10
1.033628668767327952e-10
1.048417880289420623e-10
1.059870663455697581e-10
1.068327648567901633e-10
1.073426417197431704e-10
1.074880809359690659e-10
1.072927233169984618e-10
1.067806607024657239e-10
1.059400345226890749e-10
1.047653908070600437e-10
1.032670754463893559e-10
1.014579253943992398e-10
9.935075678813021227e-11
9.696302094575059982e-11
9.429137332039871922e-11
9.133682699058454091e-11
8.813515195438270666e-11
8.472471335618791954e-11
8.108905213966011161e-11
7.721753098044459307e-11
7.316539041291036938e-11
6.898824567169725697e-11
6.465796648091881593e-11
6.015318798624491592e-11
5.554370505200800778e-11
5.089762986076884488e-11
4.617741952706033715e-11
4.135264006221994748e-11
3.650187097026247329e-11
3.170018761378123884e-11
2.690340311639616289e-11
2.207425735256673960e-11
1.729397701433210699e-11
1.263894718050995181e-11
8.061483772192623576e-12
3.520065532461313929e-12
-9.073360010374009743e-13
-5.148388226156042080e-12
-9.251151927847089951e-12
-1.325872137775130355e-11
-1.710150597522552829e-11
-2.071576417350673438e-11
-2.414699690200805549e-11
-2.743722436748807780e-11
-3.052915906187614326e-11
-3.337105938805429162e-11
-3.600335307663016238e-11
-3.846456833600520042e-11
-4.071220791046492593e-11
-4.270853809495989140e-11
-4.448699048031912184e-11
-4.608066705991120671e-11
-4.746281492828963167e-11
-4.861034838543609737e-11
-4.954853194405473005e-11
-5.030365707314743418e-11
-5.086425378109105111e-11
-5.122131191415135731e-11
-5.139144665378125865e-11
-5.139339995241520853e-11
-5.122934021439817798e-11
-5.090263627272051394e-11
-5.042149336942358673e-11
-4.979697210139022445e-11
-4.904231187818908211e-11
-4.817084925390346939e-11
-4.718315668728045864e-11
-4.608303322273243907e-11
-4.489176044786269415e-11
-4.362979422189994239e-11
-4.229130587396490171e-11
-4.087372454386617449e-11
-3.940319251438673120e-11
-3.790440530893057769e-11
-3.636665621420398509e-11
-3.478223611907971247e-11
-3.317923366608077629e-11
-3.158391950752736932e-11
-2.998227707773359896e-11
-2.836285546703454230e-11
-2.675318820644090323e-11
-2.517890063113981114e-11
-2.362420675749987709e-11
-2.207531379916360947e-11
-2.055731800065796477e-11
-1.909352190243573943e-11
-1.766770410527307433e-11
-1.626505700957903144e-11
-1.490703220585753996e-11
-1.361354085016586168e-11
-1.236904502432967234e-11
-1.115886810038047017e-11
-1.000026016856336852e-11
-8.909248339072917133e-12
-7.871781351753703859e-12
-6.874204764445446258e-12
-5.929512957025817599e-12
-5.049832513953633750e-12
-4.223077616771764298e-12
-3.437196924652163865e-12
-2.701274750757653997e-12
-2.023849404036992539e-12
-1.395000217771502626e-12
-8.045933710953967477e-13
-2.583996655970005607e-13
2.380921252254780685e-13
6.926519904512651316e-13
1.113398435947932086e-12
1.497159926415470022e-12
1.840849087747509216e-12
2.150238103890145247e-12
2.431496193625037883e-12
2.683332505845625882e-12
2.904413471879752073e-12
3.098767336479069101e-12
3.270811572975151904e-12
3.420509318494135975e-12
3.547716157306646245e-12
3.655020730519709105e-12
3.745358190254677311e-12
3.819449097275384730e-12
3.877889329095829396e-12
3.922142992329735733e-12
3.953967795539137242e-12
3.974499115239060743e-12
3.984759137237725568e-12
3.985389709221243137e-12
3.977263830778898779e-12
3.961696855986351906e-12
3.939910897532428180e-12
3.911948022461420038e-12
3.878026805931300558e-12
3.839491224955082771e-12
3.797617602330216613e-12
3.752026900977201151e-12
3.702470621758102709e-12
3.650248072556427914e-12
3.596610639519659536e-12
3.540889586747808515e-12
3.482508335525547061e-12
3.422693552190825272e-12
3.362646315910322592e-12
3.301502300712133575e-12
3.238464401159046879e-12
3.174693797777794479e-12
3.111342780637293970e-12
3.047421689994500582e-12
2.981992690970214355e-12
2.916170343397750386e-12
2.851068990269989278e-12
2.785639340724399560e-12
2.718878507751432139e-12
2.651870043002269028e-12
2.585700750734609699e-12
2.519314834872887765e-12
2.451698132704960287e-12
2.383905139263786666e-12
2.316987313816243343e-12
2.249919434788028028e-12
2.181716396085220389e-12
2.113380867876935021e-12
2.045902726746651190e-12
1.978311178069125376e-12
1.909677711103840991e-12
1.840929752389142138e-12
1.772971201276229980e-12
1.704926130829953479e-12
1.635978353654865547e-12
1.566974414807242866e-12
1.498730501682532523e-12
1.430530498745807844e-12
1.361735810917474865e-12
1.293113402814349833e-12
1.225390448833518775e-12
1.158056831852827262e-12
1.090686785679140236e-12
1.023945251504843057e-12
9.584419846317415725e-13
8.938763900075141766e-13
8.300321692987500111e-13
7.674335342558458173e-13
7.065364461024403742e-13
6.472357914379112120e-13
5.895086393863102625e-13
5.337077351244556844e-13
4.801111222994813854e-13
4.287921200833016977e-13
3.799008362666972394e-13
3.336121797651442344e-13
2.900292039951374301e-13
2.493764743316528865e-13
2.119365067557860138e-13
1.777097756059872746e-13
1.466334378138339778e-13
1.190218035891296711e-13
9.521805002452032873e-14
7.506115954486469732e-14
5.834454420245924200e-14
4.539818092849992603e-14
3.654858737162612614e-14
3.150386920195043239e-14
2.994957729626594733e-14
3.215587450716532458e-14
3.835663001951726547e-14
4.817633041088141554e-14
6.124517126088191432e-14
7.770558962992904495e-14
9.763367956987234475e-14
1.206285369986445644e-13
1.463234508601932160e-13
1.746797964521235036e-13
2.055714946143025190e-13
2.386399725832349938e-13
2.735884164616758651e-13
3.101742766711129695e-13
3.480582792467212805e-13
3.869924400465990511e-13
4.268106050878128777e-13
4.670680617442635185e-13
5.072224649842194122e-13
5.471870244237730940e-13
5.869660768716145061e-13
6.259323571608521597e-13
6.633717555305784774e-13
6.993858617243553510e-13
7.341670132075817090e-13
7.669557263584314555e-13
7.969331574861349132e-13
8.244055394943106130e-13
8.497603120292962497e-13
8.721908286747626082e-13
8.908656689947391794e-13
9.062861138636746361e-13
9.190117200227887473e-13
9.282684213310354870e-13
9.332897952726848523e-13
9.347219179223209551e-13
9.332361272651468198e-13
9.281539295816210178e-13
9.188345613878046159e-13
9.059919698142793187e-13
8.903291515496847275e-13
8.713188048674325170e-13
8.485023122485613190e-13
8.225864108792058094e-13
7.942360961618599724e-13
7.631289805805352433e-13
7.290338580219490883e-13
6.925846072862451575e-13
6.543470734872436356e-13
6.142256299933313013e-13
5.722207646954857729e-13
5.288271990450121862e-13
4.844523220082219694e-13
4.392098121829002277e-13
3.933040687836147908e-13
3.470376113215434266e-13
3.006167363650558144e-13
2.543309258942055839e-13
2.085481716788614714e-13
1.633564567253206756e-13
1.187531247382606070e-13
7.516336592841219022e-14
3.306952151352349212e-14
-7.644977180606624123e-15
-4.717070917897858706e-14
-8.500439799751999259e-14
-1.206163261716769464e-13
-1.542984490177090606e-13
-1.863928933074077143e-13
-2.163840531451202698e-13
-2.437578405182355690e-13
-2.689319036561221843e-13
-2.923454935164354618e-13
-3.135157606616589820e-13
-3.319822986392467756e-13
-3.482225629809071465e-13
-3.627073684800419251e-13
-3.750154483825318685e-13
-3.847668982471380561e-13
-3.924386043994282369e-13
-3.984773123445750631e-13
-4.025535872524688141e-13
-4.043982488287356514e-13
-4.044411019196031409e-13
-4.030622135966360764e-13
-4.000566425441803853e-13
-3.952956668593077261e-13
-3.891251470350409747e-13
-3.818267587957918652e-13
-3.733485417524440297e-13
-3.637232659156608428e-13
-3.531837365969292541e-13
-3.418908493986461128e-13
-3.299558976738170557e-13
-3.175673970751830000e-13
-3.048236305296797566e-13
-2.917536546555299370e-13
-2.786042067621369300e-13
-2.656724395599247002e-13
-2.529135483941152840e-13
-2.402285456063607549e-13
-2.279321479822793428e-13
-2.163494670958179822e-13
-2.053077217782639519e-13
-1.946056163437681619e-13
-1.845433663738918484e-13
-1.753965489558265145e-13
-1.669080319918400668e-13
-1.588206427266189436e-13
-1.513709540741994819e-13
-1.447594756738557198e-13
-1.387122160840734142e-13
-1.329764748835005062e-13
-1.277423940281366410e-13
-1.231806133874038811e-13
-1.190614311785340163e-13
-1.151804481869592167e-13
-1.117516046063651847e-13
-1.089982122029660438e-13
-1.067550453419385814e-13
-1.048700107872738152e-13
-1.036500190689480794e-13
-1.034283268297291059e-13
-1.040741860638787208e-13
-1.054548294391124963e-13
-1.079814203005548257e-13
-1.120769059156923042e-13
-1.175924592075605624e-13
-1.243731138043935314e-13
-1.328576192203417827e-13
-1.434543673087262938e-13
-1.559587555670718939e-13
-1.701726324958297010e-13
-1.864427666073420475e-13
-2.050481366731166100e-13
-2.257437672122802885e-13
-2.483118149033264332e-13
-2.729300617974883547e-13
-2.997017510466409851e-13
-3.283925865613102069e-13
-3.588057043320269646e-13
-3.909527866371997895e-13
-4.247924711639483597e-13
-4.601442382505538387e-13
-4.968617748138393075e-13
-5.348392085116615569e-13
-5.739341835987732399e-13
-6.140240768094662460e-13
-6.550141830839739665e-13
-6.966778499581383066e-13
-7.387252159811452668e-13
-7.810682981466976482e-13
-8.236609636523561928e-13
-8.660457876015492662e-13
-9.076356203077673435e-13
-9.483911052321492008e-13
-9.883605435814790674e-13
-1.026691427187531591e-12
-1.062332079942995833e-12
-1.095390163123599603e-12
-1.126124584208132440e-12
-1.153173260007300804e-12
-1.174946316455371953e-12
-1.191853581973545406e-12
-1.204503185560368284e-12
-1.211028781596124038e-12
-1.209362362857013817e-12
-1.200344186026713889e-12
-1.185016928334503561e-12
-1.161121871394443783e-12
-1.126263253665993336e-12
-1.081741141974179587e-12
-1.029016173485775010e-12
-9.655965263477561678e-13
-8.889416438194464032e-13
-8.007430981303576001e-13
-7.027823960802093151e-13
-5.925399060302538601e-13
-4.675702641905588042e-13
-3.298587531591623545e-13
-1.813969032491216660e-13
-1.995538472963562238e-14
1.564451828717575155e-13
3.456147586004820749e-13
5.454616792965882865e-13
7.574751373015664591e-13
9.826861546713416828e-13
1.218847722403437750e-12
1.463956343303318697e-12
1.718289789967575310e-12
1.981484854668424944e-12
2.251541618078500839e-12
2.526887119685961025e-12
2.806273876471143680e-12
3.087713244809275892e-12
3.369925866136824766e-12
3.652237800383373312e-12
3.931814943070044421e-12
4.205075090218945988e-12
4.471946250805824974e-12
4.733075043006351734e-12
4.984152413706199880e-12
5.220174986719783305e-12
5.442576510999996842e-12
5.653521054083121555e-12
5.847383775098302650e-12
6.017943521979818300e-12
6.168171442361147783e-12
6.301674893710584868e-12
6.411726618388291499e-12
6.491193433461051043e-12
6.544426892768351323e-12
6.576244757083848924e-12
6.579274451634642418e-12
6.546082686326171185e-12
6.482183713407696501e-12
6.393315998137749645e-12
6.272317734645760368e-12
6.112455160078855698e-12
5.920110755786023304e-12
5.701569858601596152e-12
5.451000328199340217e-12
5.163508075972655931e-12
4.845813854348346439e-12
4.504141851158216525e-12
4.134970577746033271e-12
3.736090430084271219e-12
3.313694370982167570e-12
2.873056176647126314e-12
2.413461357847479505e-12
1.935663868773973562e-12
1.444277098090751554e-12
9.426531820747041657e-13
4.328764451923261536e-13
-8.151742762795358144e-14
-5.983808826041936424e-13
-1.117002540809708400e-12
-1.632763152112359784e-12
-2.139718957572256386e-12
-2.638635837604041967e-12
-3.131689352287025940e-12
-3.612071362499302829e-12
-4.071889960627350646e-12
-4.514799992194618028e-12
-4.945653695603846600e-12
-5.355976079313151672e-12
-5.736624283242397482e-12
-6.093786933392131289e-12
-6.434490527201797150e-12
-6.749474677075761875e-12
-7.029404835989794265e-12
-7.282409918152321637e-12
-7.516966216147835667e-12
-7.724195415226287054e-12
-7.895776914235153043e-12
-8.040888267724088934e-12
-8.168480648829135049e-12
-8.271107757029660945e-12
-8.342386677295809960e-12
-8.391339706426137468e-12
-8.426188566335035546e-12
-8.441500103095744834e-12
-8.433166491517152252e-12
-8.408744187060612774e-12
-8.374527633858708242e-12
-8.327156672538471582e-12
-8.264684943359856817e-12
-8.192138807594506744e-12
-8.113024141387370491e-12
-8.025895052721221390e-12
-7.930670009592688530e-12
-7.829313586338315645e-12
-7.722236912421909238e-12
-7.609698461641389855e-12
-7.493163207972219908e-12
-7.371540877709747974e-12
-7.242377270816335866e-12
-7.107339456552397294e-12
-6.968996126704984917e-12
-6.823648850823316181e-12
-6.666595227244886956e-12
-6.500424764438461622e-12
-6.328199683020008237e-12
-6.144392286633326705e-12
-5.942961400773327796e-12
-5.726849983817006162e-12
-5.499044795909124872e-12
-5.253268306470992854e-12
-4.983274209946486621e-12
-4.692004163669993844e-12
-4.382150892157099520e-12
-4.047923454764124074e-12
-3.684050894209311977e-12
-3.293496118189631616e-12
-2.878838660513860503e-12
-2.435870515710147899e-12
-1.961237595937692646e-12
-1.458177762564405455e-12
-9.295070138928829273e-13
-3.732636216172841026e-13
2.115273153033628284e-13
8.211367783644840657e-13
1.452254549255682647e-12
2.104480435402567018e-12
2.776482819696890481e-12
3.463974116227341860e-12
4.163029729969958126e-12
4.871233191122703587e-12
5.585447035438839691e-12
6.300830083377784163e-12
7.012786618770805447e-12
7.717576577803697546e-12
8.411067849156683707e-12
9.087928326545480218e-12
9.742954706903894646e-12
1.037204003240255190e-11
1.097107300840338695e-11
1.153449037671894217e-11
1.205680954380339287e-11
1.253464432943163231e-11
1.296495376335027316e-11
1.334247989870362971e-11
1.366211831166364021e-11
1.392215162598908762e-11
1.412142711793018535e-11
1.425571639901423993e-11
1.432106776916297619e-11
1.431797562456704753e-11
1.424755712714498301e-11
1.410724835559928891e-11
1.389487743613804227e-11
1.361320344644978420e-11
1.326551282015975275e-11
1.285129468120427276e-11
1.237051606983730068e-11
1.182782257552750238e-11
1.122819719145962125e-11
1.057332953829925870e-11
9.865453072521734867e-12
9.110437231008017278e-12
8.314214768045946613e-12
7.480614218347003685e-12
6.614025299667147806e-12
5.720646178986044106e-12
4.806424789421948063e-12
3.876993778101356369e-12
2.938470213681432242e-12
1.996367047368829972e-12
1.055671392316548385e-12
1.231681450624202978e-13
-7.940561186012273787e-13
-1.692081154011648714e-12
-2.567678708542686650e-12
-3.413763846257800161e-12
-4.223189072755095808e-12
-4.994186921652987721e-12
-5.725706367365468452e-12
-6.411181481535965787e-12
-7.044208966133780336e-12
-7.625314442372133072e-12
-8.155641093021692711e-12
-8.629773978752197650e-12
-9.042654645907699518e-12
-9.396898190128233352e-12
-9.695572469881064137e-12
-9.934857624072090942e-12
-1.011144033086219807e-11
-1.022960622459878621e-11
-1.029386992312808502e-11
-1.030226164794312282e-11
-1.025342918209437570e-11
-1.015270159610004441e-11
-1.000538020490271407e-11
-9.811366996625991987e-12
-9.571198868185692987e-12
-9.290484180579650086e-12
-8.974550269602588060e-12
-8.624900273146440810e-12
-8.243593307977192808e-12
-7.835755481966355518e-12
-7.406054935987782528e-12
-6.957118041384102725e-12
-6.491989671536524398e-12
-6.014762472805745830e-12
-5.528993495679257464e-12
-5.037923203610183975e-12
-4.545065712679985381e-12
-4.053205254067604457e-12
-3.564594583047031584e-12
-3.082653706951155037e-12
-2.610938808905727271e-12
-2.150858267532806956e-12
-1.703338533588782955e-12
-1.271607168520927367e-12
-8.588880474891258388e-13
-4.652648166909856275e-13
-9.043148716837701162e-14
2.629002430250965139e-13
5.921500269290280727e-13
8.983647701611696679e-13
1.182847006106491072e-12
1.443611289536628206e-12
1.678884353588372402e-12
1.890500126236482892e-12
2.080395534662105028e-12
2.247342069383595486e-12
2.390348986455737013e-12
2.511629576193441515e-12
2.613370023857308766e-12
2.694994401253314464e-12
2.756152077398876798e-12
2.799097975972331120e-12
2.825975564668681272e-12
2.836723694485399072e-12
2.831488082194466571e-12
2.812352998052269903e-12
2.781244418798012319e-12
2.738495194498646867e-12
2.684615117015676233e-12
2.621375989539376228e-12
2.550359229358534208e-12
2.472149655124988854e-12
2.387463057113015097e-12
2.297645580739970939e-12
2.203843010861739060e-12
2.106731672793515919e-12
2.007066388087785924e-12
1.905721891057310380e-12
1.803391745831828263e-12
1.700720835863533953e-12
1.598398063212824738e-12
1.496882153818879235e-12
1.396493706264101409e-12
1.297807889800994818e-12
1.201428279778982144e-12
1.107511001310901300e-12
1.016114818154500998e-12
9.277513653149771500e-13
8.429449087528351203e-13
7.616342994655467269e-13
6.836872647880687381e-13
6.095353713951590091e-13
5.396000486712626554e-13
4.736433142395191087e-13
4.113776918938938376e-13
3.531215304972828983e-13
2.991672664806599435e-13
2.491458103194565954e-13
2.026650331929391591e-13
1.599355955832215681e-13
1.211451728863610633e-13
8.587331827613134405e-14
5.370442995476440440e-14
2.479637622890360632e-14
-7.072136421675066092e-16
-2.320425074959706069e-14
-4.307232332302970979e-14
-6.016920224864372169e-14
-7.437523904044174294e-14
-8.604819331028967788e-14
-9.552147755501755322e-14
-1.026961651026496447e-13
-1.075172326929323130e-13
-1.103171644745853941e-13
-1.113981343693441761e-13
-1.107525326332105264e-13
-1.084300496070021713e-13
-1.047271942561031621e-13
-9.989611134825215899e-14
-9.402819912658968993e-14
-8.726907271914413622e-14
-7.983419697890625777e-14
-7.188202805338481105e-14
-6.357679546665703785e-14
-5.513094524628968374e-14
-4.664536240443252491e-14
-3.816229694449460585e-14
-2.990626341947515143e-14
-2.214813957777429787e-14
-1.487771020204815831e-14
-8.033765303396347979e-15
-1.905099494635799709e-15
3.180147719258354620e-15
7.326333550244923387e-15
1.067921945129392605e-14
1.290421322043804747e-14
1.364908891205579566e-14
1.310611029967968799e-14
1.149718561593024782e-14
8.495282216136167824e-15
3.784716850086401047e-15
-2.364046932930123635e-15
-9.669728972888039925e-15
-1.839376260082559861e-14
-2.875872689945754845e-14
-4.045000079788869940e-14
-5.316768550488008838e-14
-6.706184815363086527e-14
-8.221902163003252939e-14
-9.833122814259520617e-14
-1.151314422487628719e-13
-1.326206939405993879e-13
-1.507166516156316360e-13
-1.691710871864690602e-13
-1.877989679998498529e-13
-2.064319174583870153e-13
-2.248131829351088240e-13
-2.428081607303012035e-13
-2.603615836382217053e-13
-2.771552518737729898e-13
-2.927935400642150965e-13
-3.073036074739687873e-13
-3.207971811369086934e-13
-3.328510156299507861e-13
-3.429814212588949696e-13
-3.513924177675487037e-13
-3.583625909041321389e-13
-3.634038328505923010e-13
-3.659881371489287494e-13
-3.664725586795952728e-13
-3.652668987587370797e-13
-3.618627478826214050e-13
-3.557455708052409404e-13
-3.473871309968984411e-13
-3.372843183132440137e-13
-3.249823099429199891e-13
-3.100639862051168816e-13
-2.930735894853681023e-13
-2.745475288085108545e-13
-2.541646905961092440e-13
-2.316775243871305179e-13
-2.076378619823154859e-13
-1.825530422357515836e-13
-1.562790830989327362e-13
-1.287648237818447838e-13
-1.004849279956018804e-13
-7.183712853091675510e-14
-4.285812563132804232e-14
-1.368598905536998200e-14
1.535534530474128023e-14
4.403928597121985200e-14
7.215993617524715797e-14
9.940887089193717330e-14
1.256530009164855133e-13
1.508634119322047051e-13
1.746855969337463010e-13
1.966728239684648050e-13
2.168976803718081214e-13
2.355332454680864052e-13
2.521196142482584612e-13
2.661294307756273403e-13
2.778399255456975858e-13
2.876136286598940384e-13
2.949496658195827070e-13
2.993119532605781341e-13
3.011543922223913761e-13
3.009884821849467818e-13
2.983362255154498044e-13
2.927184861688247874e-13
2.847053105423102970e-13
2.748886730220834185e-13
2.628659822364459719e-13
2.482648147391491866e-13
2.316964708200947021e-13
2.137583865339034994e-13
1.941615542389724114e-13
1.726736429622649505e-13
1.498747686286966418e-13
1.262997817224817410e-13
1.017976325522022829e-13
7.629493418330815513e-14
5.027846628619103697e-14
2.416383574081661795e-14
-2.049780557081596309e-15
-2.827298230332741386e-14
-5.416492788686867732e-14
-7.947461455213786219e-14
-1.040616974101044034e-13
-1.276966406964577527e-13
-1.502229601563903616e-13
-1.715805638844922210e-13
-1.915222537854366358e-13
-2.097247478764427409e-13
-2.262279312449308466e-13
-2.411612034201870980e-13
-2.542178707126696580e-13
-2.650337902702221138e-13
-2.738258838425045028e-13
-2.808833894640816453e-13
-2.858810464832078901e-13
-2.884547256002539806e-13
-2.889555456887793472e-13
-2.877844989222777539e-13
-2.846273835111629014e-13
-2.791510241278299942e-13
-2.717891016412732341e-13
-2.630003962007798624e-13
-2.525097915050816821e-13
-2.400455864897538261e-13
-2.260726057311951420e-13
-2.110554840704242929e-13
-1.947854312740748828e-13
-1.770775908717381331e-13
-1.583767296996219098e-13
-1.391039925391010512e-13
-1.191322973430331000e-13
-9.837266499437488654e-14
-7.720347527506027374e-14
-5.596124082250623910e-14
-3.460187865400587981e-14
-1.312874302003032290e-14
8.178989102203097772e-15
2.909555124499911549e-14
4.958680289838569843e-14
6.956573175582320134e-14
8.886851486904906450e-14
1.073902658422706824e-13
1.250272807376898165e-13
1.416226890534749705e-13
1.571331633603081923e-13
1.715744245896905218e-13
1.847906728894357919e-13
1.965798265271198608e-13
2.070143779705005405e-13
2.162199184887331205e-13
2.240158471049358280e-13
2.301873156061035042e-13
2.349076337095079570e-13
2.383925576474738017e-13
2.404665008781670110e-13
2.409324638668469687e-13
2.400381597048723004e-13
2.380590570592172606e-13
2.348443163026348035e-13
2.302325539417504618e-13
2.245105278986594954e-13
2.179769223193545047e-13
2.105170150614593672e-13
2.020177238383838447e-13
1.927692760191751509e-13
1.830576299268263374e-13
1.728139793809660429e-13
1.619822304716952988e-13
1.508214397556023600e-13
1.395711888077522111e-13
1.282107422615960668e-13
1.167391243351786900e-13
1.053524536489755525e-13
9.421626754593445674e-14
8.334885516145251749e-14
7.278961369197242681e-14
6.265197101352690257e-14
5.301469441394701665e-14
4.391916992303561418e-14
3.542693617847661458e-14
2.756827460813435909e-14
2.034111675755165272e-14
1.379720786947626066e-14
8.007038025778685786e-15
2.931670604181305616e-15
-1.495612851230496143e-15
-5.220271677224778278e-15
-8.169696303738770843e-15
-1.043519942358532918e-14
-1.213113641387441460e-14
-1.320241709874955469e-14
-1.357736893834587955e-14
-1.338386426154563463e-14
-1.276736573044669545e-14
-1.167381824345413432e-14
-1.003639683026021773e-14
-8.004230958591485035e-15
-5.736562399015271083e-15
-3.182608138211891549e-15
-2.838334614355255770e-16
2.808943788695393226e-15
5.944139257684725314e-15
9.171729504077030110e-15
1.254630961297110991e-14
1.593781089905248888e-14
1.922371766979735774e-14
2.246254634933383260e-14
2.571556960700039501e-14
2.888943085948246503e-14
3.190252017637798532e-14
3.483060465481885304e-14
3.774993758884868933e-14
4.060490957141435486e-14
4.335204748353096993e-14
4.608522629267683413e-14
4.889313712469305073e-14
5.174674030201595332e-14
5.462808550242732875e-14
5.763435112189976839e-14
6.084703867061808102e-14
6.424681885672592352e-14
6.782589220084497827e-14
7.165559920592479148e-14
7.577928763007404922e-14
8.017802459285572336e-14
8.484834742358143833e-14
8.980577376584489291e-14
9.502876865399509376e-14
1.005034339714334923e-13
1.062370406489793195e-13
1.121685955381666877e-13
1.181955737710599363e-13
1.243226035356828629e-13
1.305803203196717610e-13
1.368203103981405211e-13
1.428524318150894978e-13
1.487131815261499845e-13
1.544669746928947762e-13
1.598743788180576053e-13
1.646577974879007145e-13
1.688958624649836149e-13
1.726945545116667646e-13
1.757297784935399343e-13
1.776493584399255199e-13
1.785839271600808686e-13
1.786885797747800320e-13
1.775791563492570835e-13
1.748614680786506059e-13
1.707288553153690769e-13
1.653926019577756090e-13
1.584557138278874788e-13
1.495376495156894303e-13
1.388986853052137649e-13
1.268042880983935583e-13
1.129095664078975936e-13
9.691552437960868072e-14
7.913595045103485881e-14
5.987050455012396522e-14
3.889081304176908449e-14
1.603985804040589797e-14
-8.352494484085721399e-15
-3.399359041326467656e-14
-6.094877749197868955e-14
-8.919657411765244404e-14
-1.184446827727156371e-13
-1.484590445369193823e-13
-1.791220302508125806e-13
-2.102252291517892058e-13
-2.415678334449777864e-13
-2.730206739940538307e-13
-3.042875738705486111e-13
-3.349889809989292644e-13
-3.650549914441247878e-13
-3.944910533220519211e-13
-4.228481985130844167e-13
-4.496116207206718451e-13
-4.748645595666067809e-13
-4.987599959774269287e-13
-5.207420866043532826e-13
-5.402164718164292889e-13
-5.574238444959467298e-13
-5.726607881471890149e-13
-5.853288773810527701e-13
-5.948251873694188063e-13
-6.015350435643884719e-13
-6.058769480045411715e-13
-6.072861397782292059e-13
-6.052301129884363196e-13
-6.002030469853814054e-13
-5.927040542391681655e-13
-5.822723488264902603e-13
-5.685100285500455097e-13
-5.519623928924854983e-13
-5.331487746944307826e-13
-5.117618026399817222e-13
-4.875767758288906961e-13
-4.611212670382891510e-13
-4.328700483995084891e-13
-4.026914164536460339e-13
-3.705438462574955905e-13
-3.368730262191116376e-13
-3.020540631851198476e-13
-2.661287260442152247e-13
-2.292261703801951045e-13
-1.916646637407926068e-13
-1.536848041406094212e-13
-1.154828592779197360e-13
-7.732985936705419339e-14
-3.939202615358197712e-14
-1.760301965159755642e-15
3.525151226696845996e-14
7.127608778797339673e-14
1.063062601814289410e-13
1.403996005826940729e-13
1.731761029065762014e-13
2.042289406166408749e-13
2.336988838124581802e-13
2.617740822285358204e-13
2.880643315029962626e-13
3.121785328071696730e-13
3.343752412541395325e-13
3.549385449181513552e-13
3.735129068017928322e-13
3.897612484496382201e-13
4.040133028473946730e-13
4.166022453226669864e-13
4.272318989469864325e-13
4.356363360324966294e-13
4.421672717639518746e-13
4.471623809079727785e-13
4.503940623235003216e-13
4.516706561714933787e-13
4.513260967210774854e-13
4.496684600195643977e-13
4.465385851880332435e-13
4.418152855286544556e-13
4.357892627489257098e-13
4.287195598529081053e-13
4.205159170097422239e-13
4.111272140869953740e-13
4.007897529481607712e-13
3.897063065045475172e-13
3.778551636076515896e-13
3.652502562553894272e-13
3.520663036278570690e-13
3.384449567388897462e-13
3.244201240114319429e-13
3.100511113043186162e-13
2.954454443680060161e-13
2.806823783813028328e-13
2.658235502377148674e-13
2.509390807127476197e-13
2.360717957922142674e-13
2.212458867370883930e-13
2.065101833027133127e-13
1.919038658450972212e-13
1.774188977156365699e-13
1.630408454729101453e-13
1.487718775212629185e-13
1.345960154311778845e-13
1.204826847013909519e-13
1.064049971180244802e-13
9.232120412117419961e-14
7.818313325306386341e-14
6.397191261962864584e-14
4.967410489019330466e-14
3.525913895162553768e-14
2.071922379487649984e-14
6.068983443780536641e-15
-8.680098875996425378e-15
-2.346268388993613674e-14
-3.816307621480607981e-14
-5.274361676577132840e-14
-6.718453918197475616e-14
-8.127273675015075916e-14
-9.474552083643325573e-14
-1.075894405576198476e-13
-1.198187735010694532e-13
-1.311124467459276466e-13
-1.411387418612589095e-13
-1.499651775373547768e-13
-1.576812682160810830e-13
-1.639858225339213549e-13
-1.686234702216737880e-13
-1.717634416859362134e-13
-1.735762548233862890e-13
-1.739119780260964254e-13
-1.726934567569671231e-13
-1.701474925579551933e-13
-1.664809105459894023e-13
-1.617028044667914721e-13
-1.558527883572385919e-13
-1.491225627139533549e-13
-1.416834856902970952e-13
-1.335247017120178015e-13
-1.245641095696040090e-13
-1.148901666078033790e-13
-1.046034867882225661e-13
-9.339654971716321308e-14
-8.079583687205585396e-14
-6.682171092495248210e-14
-5.155918010243953908e-14
-3.423503884894540938e-14
-1.390163856154324334e-14
9.337374420209133830e-15
3.527477856796364108e-14
6.504260292253954967e-14
9.984467950769487787e-14
1.393151273596654471e-13
1.829925100338414268e-13
2.320157141497830589e-13
2.874430565531077564e-13
3.485775849822875250e-13
4.146857824575272966e-13
4.865448864112276173e-13
5.647486059530415492e-13
6.483810884028162747e-13
7.365695510117009626e-13
8.295821711870599025e-13
9.275012398737847441e-13
1.029419496693939617e-12
1.134531379433367793e-12
1.242696375490515148e-12
1.353635085965532170e-12
1.466636274233268367e-12
1.581114362700364318e-12
1.696643910434336711e-12
1.812653000789199442e-12
1.928673800527525017e-12
2.044381157417785033e-12
2.158952920952583732e-12
2.271302286874221643e-12
2.381171215065647218e-12
2.488493352353904342e-12
2.591665814247190447e-12
2.688650951182536275e-12
2.779441173744734428e-12
2.864311435604727230e-12
2.940476638221833916e-12
3.004621291352593815e-12
3.057204012515968294e-12
3.099056601618688234e-12
3.126120239407836898e-12
3.133874236505018729e-12
3.123560871759467616e-12
3.096826180909451054e-12
3.048677629791107790e-12
2.973878955592201834e-12
2.874691370363668952e-12
2.753720645606860806e-12
2.605654624357467419e-12
2.425205869460711483e-12
2.215668187116603960e-12
