1.980542682980535041e-12
1.714813078861066042e-12
1.413730894503362201e-12
1.081412411875481983e-12
0.000000000000000000e+00
0.000000000000000000e+00
0.000000000000000000e+00
0.000000000000000000e+00
0.000000000000000000e+00
0.000000000000000000e+00
0.000000000000000000e+00
0.000000000000000000e+00
0.000000000000000000e+00
0.000000000000000000e+00
0.000000000000000000e+00
0.000000000000000000e+00
0.000000000000000000e+00
0.000000000000000000e+00
0.000000000000000000e+00
0.000000000000000000e+00
0.000000000000000000e+00
0.000000000000000000e+00
0.000000000000000000e+00
0.000000000000000000e+00
0.000000000000000000e+00
0.000000000000000000e+00
0.000000000000000000e+00
0.000000000000000000e+00
0.000000000000000000e+00
0.000000000000000000e+00
0.000000000000000000e+00
0.000000000000000000e+00
0.000000000000000000e+00
0.000000000000000000e+00
0.000000000000000000e+00
0.000000000000000000e+00
0.000000000000000000e+00
0.000000000000000000e+00
0.000000000000000000e+00
0.000000000000000000e+00
0.000000000000000000e+00
0.000000000000000000e+00
0.000000000000000000e+00
0.000000000000000000e+00
0.000000000000000000e+00
0.000000000000000000e+00
0.000000000000000000e+00
0.000000000000000000e+00
0.000000000000000000e+00
0.000000000000000000e+00
0.000000000000000000e+00
0.000000000000000000e+00
0.000000000000000000e+00
0.000000000000000000e+00
0.000000000000000000e+00
0.000000000000000000e+00
0.000000000000000000e+00
0.000000000000000000e+00
0.000000000000000000e+00
0.000000000000000000e+00
0.000000000000000000e+00
0.000000000000000000e+00
0.000000000000000000e+00
0.000000000000000000e+00
0.000000000000000000e+00
0.000000000000000000e+00
0.000000000000000000e+00
0.000000000000000000e+00
0.000000000000000000e+00
0.000000000000000000e+00
0.000000000000000000e+00
0.000000000000000000e+00
0.000000000000000000e+00
0.000000000000000000e+00
0.000000000000000000e+00
0.000000000000000000e+00
0.000000000000000000e+00
0.000000000000000000e+00
0.000000000000000000e+00
0.000000000000000000e+00
0.000000000000000000e+00
0.000000000000000000e+00
0.000000000000000000e+00
0.000000000000000000e+00
0.000000000000000000e+00
0.000000000000000000e+00
0.000000000000000000e+00
0.000000000000000000e+00
0.000000000000000000e+00
0.000000000000000000e+00
0.000000000000000000e+00
0.000000000000000000e+00
0.000000000000000000e+00
0.000000000000000000e+00
0.000000000000000000e+00
0.000000000000000000e+00
0.000000000000000000e+00
0.000000000000000000e+00
0.000000000000000000e+00
0.000000000000000000e+00
0.000000000000000000e+00
0.000000000000000000e+00
0.000000000000000000e+00
0.000000000000000000e+00
0.000000000000000000e+00
0.000000000000000000e+00
0.000000000000000000e+00
0.000000000000000000e+00
0.000000000000000000e+00
0.000000000000000000e+00
0.000000000000000000e+00
0.000000000000000000e+00
0.000000000000000000e+00
0.000000000000000000e+00
0.000000000000000000e+00
0.000000000000000000e+00
0.000000000000000000e+00
0.000000000000000000e+00
0.000000000000000000e+00
0.000000000000000000e+00
0.000000000000000000e+00
0.000000000000000000e+00
0.000000000000000000e+00
0.000000000000000000e+00
0.000000000000000000e+00
0.000000000000000000e+00
0.000000000000000000e+00
0.000000000000000000e+00
0.000000000000000000e+00
0.000000000000000000e+00
0.000000000000000000e+00
0.000000000000000000e+00
0.000000000000000000e+00
0.000000000000000000e+00
0.000000000000000000e+00
0.000000000000000000e+00
0.000000000000000000e+00
0.000000000000000000e+00
0.000000000000000000e+00
0.000000000000000000e+00
0.000000000000000000e+00
0.000000000000000000e+00
0.000000000000000000e+00
0.000000000000000000e+00
0.000000000000000000e+00
0.000000000000000000e+00
0.000000000000000000e+00
0.000000000000000000e+00
0.000000000000000000e+00
0.000000000000000000e+00
0.000000000000000000e+00
0.000000000000000000e+00
0.000000000000000000e+00
0.000000000000000000e+00
0.000000000000000000e+00
0.000000000000000000e+00
0.000000000000000000e+00
0.000000000000000000e+00
0.000000000000000000e+00
0.000000000000000000e+00
0.000000000000000000e+00
0.000000000000000000e+00
0.000000000000000000e+00
0.000000000000000000e+00
0.000000000000000000e+00
0.000000000000000000e+00
0.000000000000000000e+00
0.000000000000000000e+00
0.000000000000000000e+00
0.000000000000000000e+00
0.000000000000000000e+00
0.000000000000000000e+00
0.000000000000000000e+00
0.000000000000000000e+00
0.000000000000000000e+00
0.000000000000000000e+00
0.000000000000000000e+00
0.000000000000000000e+00
0.000000000000000000e+00
0.000000000000000000e+00
0.000000000000000000e+00
0.000000000000000000e+00
0.000000000000000000e+00
0.000000000000000000e+00
0.000000000000000000e+00
0.000000000000000000e+00
0.000000000000000000e+00
0.000000000000000000e+00
0.000000000000000000e+00
0.000000000000000000e+00
0.000000000000000000e+00
0.000000000000000000e+00
0.000000000000000000e+00
0.000000000000000000e+00
0.000000000000000000e+00
0.000000000000000000e+00
0.000000000000000000e+00
0.000000000000000000e+00
0.000000000000000000e+00
0.000000000000000000e+00
0.000000000000000000e+00
0.000000000000000000e+00
0.000000000000000000e+00
0.000000000000000000e+00
0.000000000000000000e+00
0.000000000000000000e+00
0.000000000000000000e+00
0.000000000000000000e+00
0.000000000000000000e+00
0.000000000000000000e+00
0.000000000000000000e+00
0.000000000000000000e+00
0.000000000000000000e+00
0.000000000000000000e+00
0.000000000000000000e+00
0.000000000000000000e+00
0.000000000000000000e+00
0.000000000000000000e+00
0.000000000000000000e+00
0.000000000000000000e+00
0.000000000000000000e+00
0.000000000000000000e+00
0.000000000000000000e+00
0.000000000000000000e+00
0.000000000000000000e+00
0.000000000000000000e+00
0.000000000000000000e+00
0.000000000000000000e+00
0.000000000000000000e+00
0.000000000000000000e+00
0.000000000000000000e+00
0.000000000000000000e+00
0.000000000000000000e+00
0.000000000000000000e+00
0.000000000000000000e+00
0.000000000000000000e+00
0.000000000000000000e+00
0.000000000000000000e+00
0.000000000000000000e+00
0.000000000000000000e+00
0.000000000000000000e+00
0.000000000000000000e+00
0.000000000000000000e+00
0.000000000000000000e+00
0.000000000000000000e+00
0.000000000000000000e+00
0.000000000000000000e+00
0.000000000000000000e+00
0.000000000000000000e+00
0.000000000000000000e+00
0.000000000000000000e+00
0.000000000000000000e+00
0.000000000000000000e+00
0.000000000000000000e+00
0.000000000000000000e+00
0.000000000000000000e+00
0.000000000000000000e+00
0.000000000000000000e+00
0.000000000000000000e+00
0.000000000000000000e+00
0.000000000000000000e+00
0.000000000000000000e+00
0.000000000000000000e+00
0.000000000000000000e+00
0.000000000000000000e+00
0.000000000000000000e+00
0.000000000000000000e+00
0.000000000000000000e+00
0.000000000000000000e+00
0.000000000000000000e+00
0.000000000000000000e+00
0.000000000000000000e+00
0.000000000000000000e+00
0.000000000000000000e+00
0.000000000000000000e+00
0.000000000000000000e+00
0.000000000000000000e+00
0.000000000000000000e+00
0.000000000000000000e+00
0.000000000000000000e+00
0.000000000000000000e+00
0.000000000000000000e+00
0.000000000000000000e+00
0.000000000000000000e+00
0.000000000000000000e+00
0.000000000000000000e+00
0.000000000000000000e+00
0.000000000000000000e+00
0.000000000000000000e+00
0.000000000000000000e+00
0.000000000000000000e+00
0.000000000000000000e+00
0.000000000000000000e+00
0.000000000000000000e+00
0.000000000000000000e+00
0.000000000000000000e+00
0.000000000000000000e+00
0.000000000000000000e+00
0.000000000000000000e+00
0.000000000000000000e+00
0.000000000000000000e+00
0.000000000000000000e+00
0.000000000000000000e+00
0.000000000000000000e+00
0.000000000000000000e+00
0.000000000000000000e+00
0.000000000000000000e+00
0.000000000000000000e+00
0.000000000000000000e+00
0.000000000000000000e+00
0.000000000000000000e+00
0.000000000000000000e+00
0.000000000000000000e+00
0.000000000000000000e+00
0.000000000000000000e+00
0.000000000000000000e+00
0.000000000000000000e+00
0.000000000000000000e+00
0.000000000000000000e+00
0.000000000000000000e+00
0.000000000000000000e+00
0.000000000000000000e+00
0.000000000000000000e+00
0.000000000000000000e+00
0.000000000000000000e+00
0.000000000000000000e+00
0.000000000000000000e+00
0.000000000000000000e+00
0.000000000000000000e+00
0.000000000000000000e+00
0.000000000000000000e+00
0.000000000000000000e+00
0.000000000000000000e+00
0.000000000000000000e+00
0.000000000000000000e+00
0.000000000000000000e+00
0.000000000000000000e+00
0.000000000000000000e+00
0.000000000000000000e+00
0.000000000000000000e+00
0.000000000000000000e+00
0.000000000000000000e+00
0.000000000000000000e+00
0.000000000000000000e+00
0.000000000000000000e+00
0.000000000000000000e+00
0.000000000000000000e+00
0.000000000000000000e+00
0.000000000000000000e+00
0.000000000000000000e+00
0.000000000000000000e+00
0.000000000000000000e+00
0.000000000000000000e+00
0.000000000000000000e+00
0.000000000000000000e+00
0.000000000000000000e+00
0.000000000000000000e+00
0.000000000000000000e+00
0.000000000000000000e+00
0.000000000000000000e+00
0.000000000000000000e+00
0.000000000000000000e+00
0.000000000000000000e+00
0.000000000000000000e+00
0.000000000000000000e+00
0.000000000000000000e+00
0.000000000000000000e+00
0.000000000000000000e+00
0.000000000000000000e+00
0.000000000000000000e+00
0.000000000000000000e+00
0.000000000000000000e+00
0.000000000000000000e+00
0.000000000000000000e+00
0.000000000000000000e+00
0.000000000000000000e+00
0.000000000000000000e+00
0.000000000000000000e+00
0.000000000000000000e+00
0.000000000000000000e+00
0.000000000000000000e+00
0.000000000000000000e+00
0.000000000000000000e+00
0.000000000000000000e+00
0.000000000000000000e+00
0.000000000000000000e+00
0.000000000000000000e+00
0.000000000000000000e+00
0.000000000000000000e+00
0.000000000000000000e+00
0.000000000000000000e+00
0.000000000000000000e+00
0.000000000000000000e+00
0.000000000000000000e+00
0.000000000000000000e+00
0.000000000000000000e+00
0.000000000000000000e+00
0.000000000000000000e+00
0.000000000000000000e+00
0.000000000000000000e+00
0.000000000000000000e+00
0.000000000000000000e+00
0.000000000000000000e+00
0.000000000000000000e+00
0.000000000000000000e+00
0.000000000000000000e+00
0.000000000000000000e+00
0.000000000000000000e+00
0.000000000000000000e+00
0.000000000000000000e+00
0.000000000000000000e+00
0.000000000000000000e+00
0.000000000000000000e+00
0.000000000000000000e+00
0.000000000000000000e+00
0.000000000000000000e+00
0.000000000000000000e+00
0.000000000000000000e+00
0.000000000000000000e+00
0.000000000000000000e+00
0.000000000000000000e+00
0.000000000000000000e+00
0.000000000000000000e+00
0.000000000000000000e+00
0.000000000000000000e+00
0.000000000000000000e+00
0.000000000000000000e+00
0.000000000000000000e+00
0.000000000000000000e+00
0.000000000000000000e+00
0.000000000000000000e+00
0.000000000000000000e+00
0.000000000000000000e+00
0.000000000000000000e+00
0.000000000000000000e+00
0.000000000000000000e+00
0.000000000000000000e+00
0.000000000000000000e+00
0.000000000000000000e+00
0.000000000000000000e+00
0.000000000000000000e+00
0.000000000000000000e+00
0.000000000000000000e+00
0.000000000000000000e+00
0.000000000000000000e+00
0.000000000000000000e+00
0.000000000000000000e+00
0.000000000000000000e+00
0.000000000000000000e+00
0.000000000000000000e+00
0.000000000000000000e+00
0.000000000000000000e+00
0.000000000000000000e+00
0.000000000000000000e+00
0.000000000000000000e+00
0.000000000000000000e+00
0.000000000000000000e+00
0.000000000000000000e+00
0.000000000000000000e+00
0.000000000000000000e+00
0.000000000000000000e+00
0.000000000000000000e+00
0.000000000000000000e+00
0.000000000000000000e+00
0.000000000000000000e+00
0.000000000000000000e+00
0.000000000000000000e+00
0.000000000000000000e+00
0.000000000000000000e+00
0.000000000000000000e+00
0.000000000000000000e+00
0.000000000000000000e+00
0.000000000000000000e+00
0.000000000000000000e+00
0.000000000000000000e+00
0.000000000000000000e+00
0.000000000000000000e+00
0.000000000000000000e+00
0.000000000000000000e+00
0.000000000000000000e+00
0.000000000000000000e+00
0.000000000000000000e+00
0.000000000000000000e+00
0.000000000000000000e+00
0.000000000000000000e+00
0.000000000000000000e+00
0.000000000000000000e+00
0.000000000000000000e+00
0.000000000000000000e+00
0.000000000000000000e+00
0.000000000000000000e+00
0.000000000000000000e+00
0.000000000000000000e+00
0.000000000000000000e+00
0.000000000000000000e+00
0.000000000000000000e+00
0.000000000000000000e+00
0.000000000000000000e+00
0.000000000000000000e+00
0.000000000000000000e+00
0.000000000000000000e+00
0.000000000000000000e+00
0.000000000000000000e+00
0.000000000000000000e+00
0.000000000000000000e+00
0.000000000000000000e+00
0.000000000000000000e+00
5.605193857299268284e-45
1.541428310757298778e-44
3.363116314379560970e-44
5.605193857299268284e-44
6.726232628759121940e-44
6.726232628759121940e-44
5.465064010866786577e-44
4.203895392974451213e-44
3.503246160812042677e-44
3.923635700109487799e-44
5.885453550164231698e-44
7.707141553786493890e-44
7.567011707354012183e-44
7.006492321624085355e-44
6.025583396596713405e-44
4.904544625136859748e-44
4.624284932271896334e-44
4.624284932271896334e-44
4.624284932271896334e-44
4.764414778704378041e-44
5.184804318001823162e-44
5.465064010866786577e-44
5.745323703731749991e-44
5.885453550164231698e-44
6.586102782326640233e-44
7.567011707354012183e-44
8.547920632381384133e-44
1.022947878957116462e-43
1.219129663962590852e-43
1.415311448968065242e-43
1.569454280043795119e-43
1.667545172546532314e-43
1.625506218616787802e-43
1.415311448968065242e-43
1.135051756103101827e-43
8.688050478813865840e-44
6.445972935894158526e-44
4.484155085839414627e-44
2.662467082217152435e-44
1.681558157189780485e-44
1.541428310757298778e-44
1.401298464324817071e-44
1.121038771459853657e-44
-2.802596928649634142e-45
-2.522337235784670728e-44
-7.006492321624085355e-44
-1.569454280043795119e-43
-2.704506036146896947e-43
-4.021726592612224994e-43
-5.535128934083027430e-43
-7.314777983775545110e-43
-9.192517925970799985e-43
-1.125242666852828108e-42
-1.370469898109671095e-42
-1.666143874082207497e-42
-2.006659400913138046e-42
-2.400424269388411642e-42
-2.864254061079926093e-42
-3.398148775987681397e-42
-4.013318801826276091e-42
-4.723777123238958346e-42
-5.558951007976549320e-42
-6.516037859110399380e-42
-7.603445467426457427e-42
-8.870219279176092059e-42
-1.033177357746687626e-41
-1.196008239301231370e-41
-1.379998727667079851e-41
-1.593977003169479418e-41
-1.839064104579889924e-41
-2.111056136505336917e-41
-2.419902318042526600e-41
-2.780036023374004587e-41
-3.186412578028201538e-41
-3.628802503215546287e-41
-4.129346314672370945e-41
-4.714108163835117108e-41
-5.370196104831996461e-41
-6.075469621926676893e-41
-6.872668318281065324e-41
-7.806073225367825975e-41
-8.845976815743272724e-41
-9.950200005631228576e-41
-1.119567408072312599e-40
-1.265890993717109997e-40
-1.427979187085561588e-40
-1.598180898562453869e-40
-1.789990632359234830e-40
-2.015809879885179101e-40
-2.263979837917104204e-40
-2.521426391782859597e-40
-2.811116823312729030e-40
-3.153047661592627643e-40
-3.527054221720921319e-40
-3.910953949007348204e-40
-4.342455785126889125e-40
-4.852738620910771261e-40
-5.406531774011938968e-40
-5.967737795989384956e-40
-6.596962845425157566e-40
-7.342817966046684700e-40
-8.147471570231281158e-40
-8.952853849617326522e-40
-9.854309151717481343e-40
-1.092579800947880947e-39
-1.207269073760545600e-39
-1.320461759813311349e-39
-1.446843467012302275e-39
-1.597452223361004965e-39
-1.757497323568470972e-39
-1.912995210259202948e-39
-2.086041557618674608e-39
-2.292716265525013228e-39
-2.509861475556786881e-39
-2.716337199081191377e-39
-2.944458779984021323e-39
-3.216866997553372787e-39
-3.498656908341378901e-39
-3.758168976143549074e-39
-4.042055229434185115e-39
-4.382237247230606357e-39
-4.727709166729853783e-39
-5.034447795376698940e-39
-5.369376345230366443e-39
-5.775646401201274707e-39
-6.178619201885626677e-39
-6.511379943014983688e-39
-6.857615570177288139e-39
-7.264237352062741933e-39
-7.620581946346685615e-39
-7.840936129861763099e-39
-8.058455486583511479e-39
-8.378237401336292034e-39
-8.722889561233909442e-39
-9.060794469025802856e-39
-9.609861042406802954e-39
-1.045288359984307723e-38
-1.130020393966943572e-38
-1.175222498920208493e-38
-1.155552332246634604e-38
-1.034757882284599588e-38
-7.675605331846863882e-39
-3.668113129035250380e-39
6.905458702346266044e-41
6.837621843688301649e-40
-5.286542790407197856e-39
-2.189070205520153161e-38
-5.229088712590801761e-38
-9.451911724182581143e-38
-1.378579044166903093e-37
-1.622469773000411643e-37
-1.396506023576826197e-37
-4.297328929901158446e-38
1.410138751868795185e-37
3.929692896799439680e-37
6.305006346122659184e-37
7.006268562285301968e-37
4.024657884791838219e-37
-4.770331172924634565e-37
-2.049625678114634149e-36
-4.135707178344735871e-36
-6.128060689604418715e-36
-6.912848096670669957e-36
-4.920031461873721618e-36
1.317380192386383930e-36
1.240075654593916371e-35
2.724459270715458307e-35
4.161863577819603357e-35
4.768900225226882178e-35
3.500130856844326946e-35
-7.706303913616459087e-36
-8.679230396872704518e-35
-1.945259938796050633e-34
-3.025395295061505202e-34
-3.575478437610852810e-34
-2.819857811932824281e-34
7.408006706918706628e-37
5.320404062901793910e-34
1.281086620633753487e-33
2.074853507363903773e-33
2.564959162878955795e-33
2.258272870420413301e-33
5.807494024394009817e-34
-2.891053418082551205e-33
-8.015725365615949074e-33
-1.377277800906121295e-32
-1.801455525147519154e-32
-1.733363692444993475e-32
-7.931492379171901007e-33
1.306829689777372341e-32
4.618438546259262526e-32
8.645730975191978653e-32
1.211718502286662202e-31
1.300546025950334262e-31
8.653999402455662623e-32
-3.491376913679554907e-32
-2.424685614672767838e-31
-5.128499886112133107e-31
-7.792076515725111146e-31
-9.161982585845714483e-31
-7.591996092469389918e-31
-1.437853405180054186e-31
1.048945707148355587e-30
2.774183595059250360e-30
4.696300800009707107e-30
6.142595195024145975e-30
6.089453822570364264e-30
3.301817682081207515e-30
-3.145930204043520350e-30
-1.335251292952147059e-29
-2.609485514147460760e-29
-3.794607107279253963e-29
-4.321849688854703650e-29
-3.473224770046925432e-29
-4.786824397452406613e-30
5.138604379128072651e-29
1.302725014437775559e-28
2.167763911937837043e-28
2.815624356294099682e-28
2.800240509380820539e-28
1.635179763661629357e-28
-1.061206417915567779e-28
-5.421849571972266662e-28
-1.097721038547928967e-27
-1.638189077347983023e-27
-1.940892108939191411e-27
-1.699159589748410819e-27
-5.838297737189493542e-28
1.597121606475339018e-27
4.766270626326131907e-27
8.458153529456066744e-27
1.161423193684978400e-26
1.264065167847909482e-26
9.651126151932030210e-27
7.146027762070245429e-28
-1.522606009516736348e-26
-3.704495125000946866e-26
-6.073594799989703073e-26
-7.883516585288367101e-26
-8.023503034407746665e-26
-5.294687717018866706e-26
1.269857209562659655e-26
1.210983210573653360e-25
2.633259116825261510e-25
4.106319546224186024e-25
5.139609742485026982e-25
5.037330967894728222e-25
3.008303312689961047e-25
-1.506741708563950699e-25
-8.575426855036265877e-25
-1.754104797962200082e-24
-2.653778177830965248e-24
-3.244884670318005540e-24
-3.124482013645480340e-24
-1.826719444287794219e-24
1.024127921973344940e-24
5.452824302497474598e-24
1.098476504290137491e-23
1.650937568777396159e-23
2.010814651561773391e-23
1.935920512764452618e-23
1.177370246763019316e-23
-4.851897675031790540e-24
-3.108832985438158518e-23
-6.430973959648078628e-23
-9.816159119681451560e-23
-1.219764373338847398e-22
-1.210403939164112125e-22
-8.054636504855277260e-23
1.080257446139696135e-23
1.578918859534042183e-22
3.499500823966249865e-22
5.536699906690662470e-22
7.133513413216482920e-22
7.495515497952908305e-22
5.697538674063384783e-22
1.020288019243741356e-22
-6.816298937928416689e-22
-1.745971477946303165e-21
-2.939904506280379904e-21
-3.980185100761680495e-21
-4.472664930682955035e-21
-3.916982524290233778e-21
-1.817720914252825379e-21
2.084173843742376843e-21
7.685198554117366200e-21
1.440702088470742194e-20
2.094257167331462581e-20
2.531911643967307175e-20
2.511549591525291385e-20
1.754427784122523980e-20
2.972362762516437436e-22
-2.707432584485097299e-20
-6.257360901317670868e-20
-1.011628382843913504e-19
-1.337127637422195169e-19
-1.481519638914598123e-19
-1.310146169063451809e-19
-6.806663111780580037e-20
5.027724285897490598e-20
2.215074392119133535e-19
4.286441403949722458e-19
6.372385406125027111e-19
7.916098816592926714e-19
8.243267360421431603e-19
6.652992987248687763e-19
2.452820058839710521e-19
-4.732415572713745906e-19
-1.458524457325324373e-18
-2.600992508376028092e-18
-3.698479615089440427e-18
-4.443847515567604623e-18
-4.484597741264416979e-18
-3.469444884002082806e-18
-1.063480884550744814e-18
2.890871956985795631e-18
8.191964171264820858e-18
1.425045914354919742e-17
2.001768810572201443e-17
2.393907180278887571e-17
2.426782977416440124e-17
1.927804305431179835e-17
7.309316135556437360e-18
-1.245796041050801155e-17
-3.913842456858337841e-17
-7.004767920912991332e-17
-1.003664493150442443e-16
-1.228781961554544942e-16
-1.293751903238011939e-16
-1.115336853695306370e-16
-6.091180683317164429e-17
2.761638262523216533e-17
1.518312646002641748e-16
3.018416730617276209e-16
4.586606117625599381e-16
5.923548098495210086e-16
6.672569804631531265e-16
6.452055894121306884e-16
4.843962784967833623e-16
1.530642269341112157e-16
-3.524846612473189669e-16
-1.006659164900570221e-15
-1.749558622773255724e-15
-2.474639577930144545e-15
-3.042855113453220468e-15
-3.293169231234627237e-15
-3.032411197213574945e-15
-2.081440954584067547e-15
-3.489688392415031797e-16
2.165374931635153863e-15
5.361757519635294844e-15
8.972461615103666938e-15
1.257516463735227491e-14
1.562662115862662598e-14
1.741246815516791363e-14
1.716524126072101197e-14
1.432159580272603094e-14
8.531744443416623691e-15
-3.572500950783512623e-16
-1.200399507442564961e-14
-2.544696698909658383e-14
-3.919715097747307475e-14
-5.104874110776515261e-14
-5.820489218637953099e-14
-5.795047059407865131e-14
-4.762585047472442379e-14
-2.427710268058935750e-14
1.443678042509135423e-14
6.935333655023329102e-14
1.402602806035296856e-13
2.258177640105524242e-13
3.230857692926997204e-13
4.283842161209583388e-13
5.375890704817365418e-13
6.450556777094773597e-13
7.451525833000738341e-13
8.348948160423474985e-13
9.128564874491540415e-13
9.778536487481392925e-13
1.031141968685367338e-12
1.077173506641715406e-12
1.121769994602561660e-12
1.172375998365060568e-12
1.237516274350813905e-12
1.323791879066782418e-12
1.436202068730296766e-12
1.579953832694935834e-12
1.757582903001708718e-12
1.966904503852839881e-12
2.203736325367966487e-12
2.462274741737990880e-12
2.734782018898318512e-12
3.014831006370455313e-12
3.297804087101785520e-12
3.578231461132119762e-12
3.853200310904858483e-12
4.126198948489756546e-12
4.403369162353509836e-12
4.691103842185961881e-12
4.997811192675172265e-12
5.332307078526055122e-12
5.701462305746085590e-12
6.111109448342366690e-12
6.564009752407784504e-12
7.057316536718261091e-12
7.585172073776291768e-12
8.139698984277465854e-12
8.710559183666699568e-12
9.288271540786041669e-12
9.865441796819141018e-12
1.043396358896275800e-11
1.098847055014395835e-11
1.153064276004922561e-11
1.206482396626240572e-11
1.259487219379407108e-11
1.312606794090509510e-11
1.366350609044442166e-11
1.420923014666675144e-11
1.476331903949024138e-11
1.532221398370392507e-11
1.587632976474129265e-11
1.641312086242407986e-11
1.691904255585185979e-11
1.737928030653979050e-11
1.778018184073193453e-11
1.811072299073845926e-11
1.836148073863785868e-11
1.852642171618068545e-11
1.860373487205801979e-11
1.859279397109503407e-11
1.849461556124865069e-11
1.831064293245088237e-11
1.803736500438635204e-11
1.766737103836568679e-11
1.719508389841362117e-11
1.661251171347633004e-11
1.590395697081969928e-11
1.505273683477525992e-11
1.404781412722710954e-11
1.288021859308097206e-11
1.153978301804414741e-11
1.001955723251013453e-11
8.321072129946482931e-12
6.449951683862309437e-12
4.408279730833131183e-12
2.197741771556294132e-12
-1.718042754502574487e-13
-2.690287879622554890e-12
-5.358758142087749476e-12
-8.180541313795863800e-12
-1.114932278445390779e-11
-1.425818404315881693e-11
-1.750850679715920677e-11
-2.089925281445470517e-11
-2.441729110569390571e-11
-2.804538198897255086e-11
-3.176992696696245844e-11
-3.557439412493756947e-11
-3.943220402979896733e-11
-4.331492109432844018e-11
-4.720104168631777952e-11
-5.106982198244125470e-11
-5.489460622176700610e-11
-5.864999458315978131e-11
-6.231663102207463112e-11
-6.587428519333471399e-11
-6.929958690227167040e-11
-7.256890227624879230e-11
-7.565621740202033152e-11
-7.853217381947885656e-11
-8.116974453686864877e-11
-8.354238134611335909e-11
-8.561720776789627507e-11
-8.736095874484206547e-11
-8.875161022769972874e-11
-8.977154436484724442e-11
-9.039479581529619168e-11
-9.059633598873517712e-11
-9.036940640250179513e-11
-8.971198089957610478e-11
-8.860569916668836754e-11
-8.703102821749908458e-11
-8.499223547175915883e-11
-8.249738392418493049e-11
-7.953199904209284909e-11
-7.608177282625305793e-11
-7.216233860463105998e-11
-6.779499184261794653e-11
-6.297814353350972283e-11
-5.771270614185475267e-11
-5.203223615857233142e-11
-4.597581690357621653e-11
-3.955815536249573938e-11
-3.279516241905255924e-11
-2.573283600093567713e-11
-1.841974663074896768e-11
-1.087983175773743483e-11
-3.137903782299278355e-12
4.755999847422254234e-12
1.275047168541876275e-11
2.081226163630489623e-11
2.890561054402773777e-11
3.697752173903445794e-11
4.497489186627845470e-11
5.285464427240427199e-11
6.057216533905673828e-11
6.807808483610955363e-11
7.532642565255542877e-11
8.227353520684488331e-11
8.887574703964062905e-11
9.509794340889499153e-11
1.009104813598504791e-10
1.062748500313404065e-10
1.111517822227625629e-10
1.155227510873935159e-10
1.193748988548293255e-10
1.226749812843763721e-10
1.253893794350702251e-10
1.275165251168886016e-10
1.290616502558350476e-10
1.300021201799950177e-10
1.303164104404785917e-10
1.300234225842800129e-10
1.291491219523877021e-10
1.276861671950513255e-10
1.256283549411207900e-10
1.230129609286478853e-10
1.198825483328391783e-10
1.162431956247544917e-10
1.121016474092684234e-10
1.075066702327376333e-10
1.025104376384256000e-10
9.713010257206278197e-11
9.138373391337495377e-11
8.532582973508340274e-11
7.901226201090238987e-11
7.246922506531916497e-11
6.572369731783211932e-11
5.882938580725749489e-11
5.183901224947717878e-11
4.478381901429351331e-11
3.769569378864190412e-11
3.062123124508708827e-11
2.360433896952951471e-11
1.667789344128589590e-11
9.875194412201082628e-12
3.231783113691322207e-12
-3.220781280566242799e-12
-9.451777902014235622e-12
-1.543066889542199505e-11
-2.113636696221554701e-11
-2.655281203245429822e-11
-3.165543521754798917e-11
-3.641996773606770432e-11
-4.084107704804829098e-11
-4.491833988096161079e-11
-4.863436042779056834e-11
-5.197185043437357876e-11
-5.493896310104773306e-11
-5.754805312840893805e-11
-5.978903483416786457e-11
-6.165222499188161009e-11
-6.315656331246088939e-11
-6.432444160653361109e-11
-6.515364636694442879e-11
-6.564235266459661489e-11
-6.581712952424823015e-11
-6.570668314997973880e-11
-6.531514912255786953e-11
-6.464678792283962139e-11
-6.373118005553735088e-11
-6.259872481484407558e-11
-6.125781132348961933e-11
-5.971700217655140364e-11
-5.800525684773738533e-11
-5.615131276615059619e-11
-5.416648726774830891e-11
-5.206214279129817157e-11
-4.986392201922207335e-11
-4.759633659423556651e-11
-4.527157468348086411e-11
-4.290169955400990887e-11
-4.050674726197023290e-11
-3.810503301782119934e-11
-3.570802681318596683e-11
-3.332712925074865495e-11
-3.097593362366701797e-11
-2.866613543761609151e-11
-2.640771976092359807e-11
-2.421053982293308593e-11
-2.208181033858114262e-11
-2.002682741863992533e-11
-1.805320302972202029e-11
-1.616836872719851215e-11
-1.437372096346756223e-11
-1.266898391749649022e-11
-1.105919522625953277e-11
-9.549308392642341659e-12
-8.136209588005538507e-12
-6.815488711592321280e-12
-5.589823309087860181e-12
-4.461762122959234134e-12
-3.425062533937706100e-12
-2.472612175771771170e-12
-1.604905878332951730e-12
-8.223389417333359930e-13
-1.170186858653540773e-13
5.193634693319293394e-13
1.087889327233693137e-12
1.589701243906449513e-12
2.033001371415377179e-12
2.426040054612221830e-12
2.770996106182810337e-12
3.070161312679342558e-12
3.331088876956656009e-12
3.561049458783438482e-12
3.762824253572549793e-12
3.939232186972452254e-12
4.096261090741348809e-12
4.239354093465985684e-12
4.371196113406305983e-12
4.494511100100462286e-12
4.613280243925821367e-12
4.730873678915337166e-12
4.849661037337194003e-12
4.972077870951663314e-12
5.100110004457869550e-12
5.235071057207996148e-12
5.378655854038072448e-12
5.532505009675503516e-12
5.696511838626516777e-12
5.869943420222512032e-12
6.053456347299146501e-12
6.247671650860819881e-12
6.450869786261970162e-12
6.660926150925394751e-12
6.877694160717373606e-12
7.100966516182527499e-12
7.328080850466101026e-12
7.556121527085846168e-12
7.784061589743984655e-12
8.010682395198642780e-12
8.232778174466215404e-12
8.447130148137027561e-12
8.651936805881277337e-12
8.845257859491084673e-12
9.024196320761568302e-12
9.186141430861383128e-12
9.329077441111444102e-12
9.450806456867688610e-12
9.549376914219642742e-12
9.623250980805853061e-12
9.670284538410012232e-12
9.688076729741368354e-12
9.675842592427041922e-12
9.633371357564701754e-12
9.558720134861253825e-12
9.449789908910766201e-12
9.307410744896493782e-12
9.133069300837348692e-12
8.925495759148915909e-12
8.683247697260920717e-12
8.408693880079809446e-12
8.104753847215651064e-12
7.770750189151076626e-12
7.405842432361975369e-12
7.013531248822868491e-12
6.597778746952887019e-12
6.158668627159746833e-12
5.696254232190334221e-12
5.214923111396263522e-12
4.719345140374864300e-12
4.210429314227548403e-12
3.689052969352291100e-12
3.159806400906961521e-12
2.627285108219856724e-12
2.092859522836998387e-12
1.557936180236751955e-12
1.026651311707149627e-12
5.029672425077569287e-13
-1.133850500469046896e-14
-5.143534795130910720e-13
-1.002764603123817988e-12
-1.473631763490579338e-12
-1.925005077216268567e-12
-2.354813609731221113e-12
-2.761070235293705544e-12
-3.142313015694342404e-12
-3.496774267711111328e-12
-3.822510016848745806e-12
-4.119015458575736588e-12
-4.386328539968120666e-12
-4.622914464430527559e-12
-4.827045013700015375e-12
-4.999593187365869440e-12
-5.141974953465355824e-12
-5.253074451122552446e-12
-5.331621429072175289e-12
-5.379737020444474993e-12
-5.400000325367360077e-12
-5.391794215964251791e-12
-5.354345439245733473e-12
-5.290608662972262621e-12
-5.203845600959544626e-12
-5.093847219028724282e-12
-4.960292159655876887e-12
-4.806535378043541584e-12
-4.636102699656641235e-12
-4.449193617694913172e-12
-4.245949078440780511e-12
-4.029742685374149147e-12
-3.803957149273173854e-12
-3.569079710594169619e-12
-3.325559662717414433e-12
-3.076372923765946510e-12
-2.824374631740789177e-12
-2.570200779636322430e-12
-2.314505358202989527e-12
-2.059630460973793653e-12
-1.807716953558524686e-12
-1.559490709311661671e-12
-1.315719343371324346e-12
-1.077978635175003141e-12
-8.475829630164022355e-13
-6.252171089876634724e-13
-4.116238057870480471e-13
-2.075667654248547489e-13
-1.354460909207787223e-14
1.698482256532948820e-13
3.419367924657051860e-13
5.026616601254418892e-13
6.522030094810449263e-13
7.900786145112470571e-13
9.157330926531925819e-13
1.029675585247080694e-12
1.132612775268937444e-12
1.224209210566595818e-12
1.304058749006242746e-12
1.373058025784523739e-12
1.432239309789862247e-12
1.481388254252757886e-12
1.520231531805527059e-12
1.549862777179555895e-12
1.571456723428732438e-12
1.584914274474491513e-12
1.590094917715278999e-12
1.588139125416332398e-12
1.580212740173725372e-12
1.566299824215522385e-12
1.546350721082223600e-12
1.521410818508539542e-12
1.492511734861590167e-12
1.459687730930026017e-12
1.422959948656210560e-12
1.383214072794847205e-12
1.341298383125688609e-12
1.297293435870150446e-12
1.251274799919654956e-12
1.203925739483302504e-12
1.155872056055051722e-12
1.107200811069353197e-12
1.058001451205436982e-12
1.008739424455951106e-12
9.598226076781846139e-13
9.113430496365815259e-13
8.634057553115470629e-13
8.162940809408603116e-13
7.702372810738933318e-13
7.253255613313969175e-13
6.816578551616103709e-13
6.393539126944847162e-13
5.984845865419918809e-13
5.591147662041551225e-13
5.213214300352209118e-13
4.851050659261668674e-13
4.504335814926874182e-13
4.173641955044354868e-13
3.859681942542519950e-13
3.561765953789125527e-13
3.278937180366953141e-13
3.011638789914006242e-13
2.760426978144769894e-13
2.524132161965675358e-13
2.301417791148591130e-13
2.092719172865770139e-13
1.898650507647925423e-13
1.717935554012769983e-13
1.549203473838467460e-13
1.393032417933495748e-13
1.250096760049140832e-13
1.119061711785801494e-13
9.985095432776813773e-14
8.889007016349079193e-14
7.906814038140946854e-14
7.024367659801480923e-14
6.227460767112974471e-14
5.517726100784554888e-14
4.896020858158843525e-14
4.349110318841581391e-14
3.864376063610931722e-14
3.440134868594110773e-14
3.074120073624266036e-14
2.755696333015672517e-14
2.475098203919435386e-14
2.229737492461924403e-14
2.018029399998826773e-14
1.833734343027488417e-14
1.671415047652894531e-14
1.532792684823865853e-14
1.421835773304878231e-14
1.336521005494825318e-14
1.274676334807062911e-14
1.243482144238760440e-14
1.251346336934248266e-14
1.296089412416946349e-14
1.374537792343377002e-14
1.494456481850904572e-14
1.662751425261788096e-14
1.873606724953590097e-14
2.120554606747666188e-14
2.406516826092275352e-14
2.732201502531322185e-14
3.088753414821031329e-14
3.467603808260388831e-14
3.865535821122312310e-14
4.278034090171578541e-14
4.697339793611338132e-14
5.117133726841895103e-14
5.533711645378316946e-14
5.944238021726375165e-14
6.346525139189901354e-14
6.739790339325632540e-14
7.124869813059098167e-14
7.503539619074101052e-14
7.877587335702526672e-14
8.249148841224171469e-14
8.620668333911632453e-14
8.993403488284992808e-14
9.367977042967073897e-14
9.744655305116492472e-14
1.011927832652269321e-13
1.048364140724539206e-13
1.083301200480168980e-13
1.116221915245518836e-13
1.145303605643369083e-13
1.168300346873415996e-13
1.184377438788117298e-13
1.192856035302225504e-13
1.191180265319377596e-13
1.176939676359595177e-13
1.150356258817694655e-13
1.112158867604129409e-13
1.061127775274853247e-13
9.965259276404833666e-14
9.206011468551253407e-14
8.359105237425862311e-14
7.421866669420768003e-14
6.387383298060017589e-14
5.275868717596887691e-14
4.102742993429553398e-14
2.836550540622189559e-14
1.434787923507933188e-14
-1.099816695472545427e-15
-1.810089079491705721e-14
-3.725506705974483690e-14
-5.910829687033949953e-14
-8.370701457286952585e-14
-1.110343167778395090e-13
-1.413036083541124865e-13
-1.745171390211963658e-13
-2.102475501640152511e-13
-2.479931136747243192e-13
-2.873947282412692150e-13
-3.280425789949775739e-13
-3.693503565060235472e-13
-4.107950687514544397e-13
-4.521144201206916957e-13
-4.931317398697288024e-13
-5.336276125839090057e-13
-5.734912870113129113e-13
-6.126748414159166600e-13
-6.510371668849712634e-13
-6.885438399995003067e-13
-7.252038596375354196e-13
-7.605992116514748158e-13
-7.941235017662473528e-13
-8.256570340620106307e-13
-8.551226675541923061e-13
-8.817078469246231176e-13
-9.045403315255384769e-13
-9.235989794145749165e-13
-9.389318749580821688e-13
-9.496571281089605243e-13
-9.548725742394847948e-13
-9.547684908309261864e-13
-9.495963043670840875e-13
-9.384297809320041317e-13
-9.203455055353804148e-13
-8.957482108482017757e-13
-8.651036159136593628e-13
-8.276084353421586659e-13
-7.825594556046255867e-13
-7.306327309657134617e-13
-6.725201450417939153e-13
-6.076786751747775828e-13
-5.356497580558117200e-13
-4.571937446684604112e-13
-3.730161524714142862e-13
-2.827079119849945643e-13
-1.859874152474252917e-13
-8.360641416379002711e-14
2.372427985130026035e-14
1.359611343865543831e-13
2.527605132574689550e-13
3.731655555307827887e-13
4.962699088478794707e-13
6.212262692109615791e-13
7.469209712535063161e-13
8.723556274049804049e-13
9.966803857924810828e-13
1.118593390657396380e-12
1.236659646214333108e-12
1.350266361395402459e-12
1.459004791981577398e-12
1.561412457662392228e-12
1.655878125589316241e-12
1.742261283160795315e-12
1.820613755240674259e-12
1.889234428620323314e-12
1.946271919670006234e-12
1.991982750623733089e-12
2.026786290881821273e-12
2.048831156814534538e-12
2.056222596705237216e-12
2.049632599060435822e-12
2.029870412381673539e-12
1.995256607503770319e-12
1.944206297690986851e-12
1.877885867640483042e-12
1.797579446405350723e-12
1.702142333331879698e-12
1.590637777743042491e-12
1.464729813133169856e-12
1.326131804195440633e-12
1.174431428843658587e-12
1.009470610401075330e-12
8.332006959377302735e-13
6.475244060562268533e-13
4.527771929087320846e-13
2.495941821278879758e-13
3.997157964862052548e-14
-1.742246619326412449e-13
-3.918798337047835201e-13
-6.115448317016436430e-13
-8.313944151183694231e-13
-1.049823747899247817e-12
-1.265039939121748169e-12
-1.474940612353203839e-12
-1.678150890818685959e-12
-1.873590041792660976e-12
-2.059003792118097032e-12
-2.231855325551812541e-12
-2.391423864489539142e-12
-2.537330588692210398e-12
-2.667084435248323615e-12
-2.777981837620568939e-12
-2.870124493972725510e-12
-2.943989019579817956e-12
-2.997212287386696872e-12
-3.027326653248785249e-12
-3.035374252294276154e-12
-3.022747633793509969e-12
-2.987537734561174219e-12
-2.927804916910692334e-12
-2.845451521973907383e-12
-2.742665252894460615e-12
-2.618187567790530856e-12
-2.470820423261521626e-12
-2.303162001393577185e-12
-2.118001954376502738e-12
-1.914925900139974324e-12
-1.693674605944550660e-12
-1.457284379974277400e-12
-1.208842704755741515e-12
-9.488240271596226627e-13
-6.779125329668678202e-13
-3.991933465643388024e-13
-1.156477935334090934e-13
1.714478710911071513e-13
4.605470193576322036e-13
7.488986644363371248e-13
1.034007406607029278e-12
1.313932252930416489e-12
1.586430205952060746e-12
1.849461989805734063e-12
2.101386989764031377e-12
2.339864413336556481e-12
2.562250325105486226e-12
2.767536417050409092e-12
2.955207476298959968e-12
3.122794774504389359e-12
3.267526874073389820e-12
3.389582668364421458e-12
3.489680983417842164e-12
3.565473871008917328e-12
3.614348837582825880e-12
3.637712310197716015e-12
3.637500890774081341e-12
3.611749354454074634e-12
3.558283875881862457e-12
3.479618719895438694e-12
3.378718962596116704e-12
3.254158444446209053e-12
3.104363554412570281e-12
2.932669515218200296e-12
2.742735075514368681e-12
2.533752287842139239e-12
2.304853356782654572e-12
2.059830821535268974e-12
1.802635189555867878e-12
1.533092229555332864e-12
1.251050912171036700e-12
9.603286048320835988e-13
6.647194188309779594e-13
3.646003583681473037e-13
6.045654292940669250e-14
-2.442828383152073624e-13
-5.463805948478783758e-13
-8.450180117268446534e-13
-1.139188569865279277e-12
-1.426192931114345086e-12
-1.703670191033346271e-12
-1.970519450736341049e-12
-2.225400853178571836e-12
-2.466600925246642539e-12
-2.692841609419627247e-12
-2.902918140243460066e-12
-3.095348196507918814e-12
-3.269508145123389831e-12
-3.425252486158325560e-12
-3.561416352798607576e-12
-3.676547347813974298e-12
-3.771082404679937383e-12
-3.845925748008349743e-12
-3.900083381247476666e-12
-3.932291558345069049e-12
-3.943899460484567854e-12
-3.936659592057578649e-12
-3.909832527182466322e-12
-3.862448555436159836e-12
-3.796518221327316311e-12
-3.714355645972888809e-12
-3.615519125407806733e-12
-3.499398687489829740e-12
-3.368377191753646471e-12
-3.225019860539357630e-12
-3.069193336979747500e-12
-2.900668854416421638e-12
-2.721896059237893795e-12
-2.535377290058260513e-12
-2.341247638468213488e-12
-2.139617476248911743e-12
-1.932720910396978908e-12
-1.722726995778689485e-12
-1.509975304514465932e-12
-1.294852571519233830e-12
-1.079165619713440272e-12
-8.645621111386114777e-13
-6.515148663621683767e-13
-4.406049906435088870e-13
-2.330795604264801479e-13
-2.996274357639806818e-14
1.682216513440235039e-13
3.607973837228828362e-13
5.471235985966826920e-13
7.268111893582451799e-13
8.993640793035495573e-13
1.064106918899354604e-12
1.220970048156078125e-12
1.370132414642288854e-12
1.511196549841553605e-12
1.643576984580730205e-12
1.767675632605159031e-12
1.884111573355329305e-12
1.992642162385038773e-12
2.092843259804411105e-12
2.185442798952053067e-12
2.271333728737223723e-12
2.350475499998672113e-12
2.422666884813184929e-12
2.488797579483503775e-12
2.549858327954845905e-12
2.606053827597376582e-12
2.657459538882300798e-12
2.704961254984539210e-12
2.749476427782449051e-12
2.791492080891910810e-12
2.831400261818495245e-12
2.869927819698636640e-12
2.907760620826649323e-12
2.945699673767565585e-12
2.984483320200848055e-12
3.024535266335504069e-12
3.066169930801554422e-12
3.110525725880108894e-12
3.158705285180585243e-12
3.210703187692121041e-12
3.266346394747987603e-12
3.327138477920987825e-12
3.394572166762199750e-12
3.468117720090146960e-12
3.547027038405814459e-12
3.633216340628853125e-12
3.728603797242824314e-12
3.832057501179653158e-12
3.942180349519874838e-12
4.061352816553398526e-12
4.191967519634465233e-12
4.332216443220238133e-12
4.479987127797846469e-12
4.638193908806931276e-12
4.809766300517548387e-12
4.992145152121763019e-12
5.182430005967741948e-12
5.384143218073456083e-12
5.600809746542090295e-12
5.829024762871171106e-12
6.065002666755248129e-12
6.312917636558390555e-12
6.576916962430789937e-12
6.852616564467783888e-12
7.135225136428724468e-12
7.429558704363792287e-12
7.740363038022390896e-12
8.062131691410900913e-12
8.388936247050171602e-12
8.726183838014822669e-12
9.079149758395299585e-12
9.441089403317004525e-12
9.804855712058913042e-12
1.017635541805672617e-11
1.056131484350464333e-11
1.095172216802886567e-11
1.133921515711344696e-11
1.173013075561613050e-11
1.213057952698104458e-11
1.253136483470029816e-11
1.292305498723500534e-11
1.331232173107377292e-11
1.370557313473685923e-11
1.409261509571768656e-11
1.446316070380371244e-11
1.482403089170247767e-11
1.518173087244889530e-11
1.552530673465390976e-11
1.584389563991095429e-11
1.614410861938697650e-11
1.643215077895554543e-11
1.669663018954992140e-11
1.692647237649946845e-11
1.712753897042951223e-11
1.730521455300948475e-11
1.744816444104735353e-11
1.754568192124938975e-11
1.760229462188789284e-11
1.762202536670365305e-11
1.759439469117829447e-11
1.750993620930341166e-11
1.737129017020944133e-11
1.718063885602916230e-11
1.692944222309034075e-11
1.661057402735366395e-11
1.622428406899967257e-11
1.577046132572590409e-11
1.524372121586292650e-11
1.464048847432675160e-11
1.395804218734530977e-11
1.319344980488246222e-11
1.234570692204561837e-11
1.141592376185940338e-11
1.039775297112521812e-11
9.284822043154061788e-12
8.081659473579971831e-12
6.795146910432148246e-12
5.414670881803695934e-12
3.929872486457819392e-12
2.351954351761942341e-12
6.945770456186217690e-13
-1.057530690622143776e-12
-2.918969753407107959e-12
-4.870827699510194009e-12
-6.891760166022331546e-12
-9.001735121194620604e-12
-1.121955479910230480e-11
-1.351783008446405532e-11
-1.586703685108048489e-11
-1.829159740340813300e-11
-2.081422360855622600e-11
-2.339892515856867306e-11
-2.600810539155062884e-11
-2.867017213914468954e-11
-3.141131105222072506e-11
-3.418751740036363174e-11
-3.695398848035935657e-11
-3.974234483172800481e-11
-4.258148694757935004e-11
-4.542070886071059022e-11
-4.820953358741775219e-11
-5.098155925198355476e-11
-5.376720596528272722e-11
-5.651108400672733012e-11
-5.915918449561630155e-11
-6.174536576475375682e-11
-6.429998894441624202e-11
-6.676572489316967562e-11
-6.908792288262688430e-11
-7.129865448041172726e-11
-7.342645241825707103e-11
-7.541559043922063665e-11
-7.721431827256708402e-11
-7.885082170533408430e-11
-8.035005993889399178e-11
-8.166202436488134708e-11
-8.274193830093423685e-11
-8.361204784090858766e-11
-8.429194842118903352e-11
-8.474176221850981960e-11
-8.492768294177110988e-11
-8.486399777352104934e-11
-8.456323141725619053e-11
-8.399974466000159623e-11
-8.315448329909713721e-11
-8.203195761558035315e-11
-8.063614359565818290e-11
-7.895922804479482693e-11
-7.699998971766319755e-11
-7.475186442063019854e-11
-7.220929409967880019e-11
-6.938505325848609573e-11
-6.629801568847071280e-11
-6.293006393764954964e-11
-5.926574508929860485e-11
-5.533992014639110835e-11
-5.119236631823120831e-11
-4.679360024462120293e-11
-4.211848578239418828e-11
-3.722367206138166296e-11
-3.216905561376215417e-11
-2.691460769532749708e-11
-2.142613517164271286e-11
-1.577993638535168941e-11
-1.005341730003772582e-11
-4.197592794186189025e-12
1.829356761559597366e-12
7.935312996976140454e-12
1.402932197497319677e-11
2.016667735582622356e-11
2.639467984455468041e-11
3.261052539116349180e-11
3.871494444473988494e-11
4.476646137119288937e-11
5.081539355966668836e-11
5.675496184132100552e-11
6.248418449317227896e-11
6.806183394658660291e-11
7.353913311636262051e-11
7.881301167245169381e-11
8.378807370146290623e-11
8.852056587738132976e-11
9.306030945843701829e-11
9.731550981717518312e-11
1.012032402325502289e-10
1.047738770743045222e-10
1.080728839752964632e-10
1.110260147707542444e-10
1.135681618191775044e-10
1.157404935780981248e-10
1.175813613141230007e-10
1.190389870009411766e-10
1.200703980686057548e-10
1.207052513496620350e-10
1.209729816320503915e-10
1.208479843972654066e-10
1.203123156656715764e-10
1.193831700163627829e-10
1.180800734967846211e-10
1.164050869584265513e-10
1.143662803348988177e-10
1.119678169625437647e-10
1.092182316808631981e-10
1.061461821216802548e-10
1.027839202638602956e-10
9.912232840081358631e-11
9.515849913599438992e-11
9.094406477894168006e-11
8.653188582341542201e-11
8.190043088163179164e-11
7.703562787675366508e-11
7.200722657030311780e-11
6.688371384511171414e-11
6.163292792793484409e-11
5.623076310135033395e-11
5.075884851324374836e-11
4.529545835629811279e-11
3.980007295956156099e-11
3.424004829666316141e-11
2.870223329842769289e-11
2.326845313649350544e-11
1.789264916784993886e-11
1.253601823042460595e-11
7.284093467285757129e-12
2.216351017644835331e-12
-2.715644983192211370e-12
-7.554350374416873848e-12
-1.222146689405789743e-11
-1.664519390376373309e-11
-2.087368472514228301e-11
-2.495086429132875594e-11
-2.881057371839634840e-11
-3.239299106727600019e-11
-3.574355394997397184e-11
-3.890518809890330942e-11
-4.182693774668067022e-11
-4.446330109653118257e-11
-4.685433985240905486e-11
-4.903918590648537190e-11
-5.098300948080947137e-11
-5.265528638109806536e-11
-5.408851491695010338e-11
-5.531580402062807877e-11
-5.631825908403165215e-11
-5.707989636505317321e-11
-5.762476260051663246e-11
-5.797895843984157693e-11
-5.813823381051186345e-11
-5.809999009676047876e-11
-5.787971490978094380e-11
-5.749575468505518927e-11
-5.695624180623859445e-11
-5.626966254057563788e-11
-5.544295578197022678e-11
-5.448627313220377744e-11
-5.341693060101349033e-11
-5.225157806432179086e-11
-5.098911223799795778e-11
-4.963168070970525037e-11
-4.820262591853641254e-11
-4.672393721927292631e-11
-4.518767998673567376e-11
-4.358903515910839133e-11
-4.195453706667962024e-11
-4.030899572460278080e-11
-3.863936254289157546e-11
-3.693524652792490315e-11
-3.522399039113111030e-11
-3.353115007875828724e-11
-3.184022490110294257e-11
-3.013678889773885317e-11
-2.844709710847492801e-11
-2.679574444275356626e-11
-2.516436885258155343e-11
-2.353602208959859610e-11
-2.193459650023932284e-11
-2.038265910220271593e-11
-1.886142630969089851e-11
-1.735294200000403464e-11
-1.587816683690235209e-11
-1.445712299874557516e-11
-1.307190120036771930e-11
-1.170494083602147128e-11
-1.037410088389201235e-11
-9.096670465502665337e-12
-7.856576500486767145e-12
-6.637739403264619753e-12
-5.454984554342789949e-12
-4.322793858979601112e-12
-3.227583564996416854e-12
-2.155604470963079500e-12
-1.118793425958219956e-12
-1.288969202640349865e-13
8.247740056026298117e-13
1.753128783636703769e-12
2.646879460402318252e-12
3.496918249759617403e-12
4.310963478554308281e-12
5.096903368112526422e-12
5.847928478269759367e-12
6.557458135519889098e-12
7.230399872576454001e-12
7.871698952388594961e-12
8.476833818216178429e-12
9.041648506291632970e-12
9.568448464114531760e-12
1.005935092168730449e-11
1.051199231827393277e-11
1.092455119422464094e-11
1.129701887592204912e-11
1.162901719364839437e-11
1.192032930696917958e-11
1.217147042875676988e-11
1.238058440489187007e-11
1.254529639893586790e-11
1.266757965884268700e-11
1.275027132485728742e-11
1.279014914812304227e-11
1.278340714533365841e-11
1.273413145763679921e-11
1.264731635391980191e-11
1.251888089720543107e-11
1.234419424317456659e-11
1.212922557530804468e-11
1.188075506031172068e-11
1.159433833664014202e-11
1.126508955562322001e-11
1.090038649620428401e-11
1.050820108011718546e-11
1.008409414998689968e-11
9.623366339917005519e-12
9.134162176627214080e-12
8.624937569701174311e-12
8.091641072460742379e-12
7.530256800059031974e-12
6.949095812669447980e-12
6.356448787464552552e-12
5.749159395079805890e-12
5.124468557826666881e-12
4.490255389733022184e-12
3.854023003513340484e-12
3.213935844889603821e-12
2.568873499336765676e-12
1.925612447273294947e-12
1.290190068496677167e-12
6.623040874412233769e-13
4.261717863915208404e-14
-5.638713779752835276e-13
-1.153215001790941496e-12
-1.724167900465922720e-12
-2.274372530586266095e-12
-2.801161429547005532e-12
-3.303131856577379288e-12
-3.777658741377365459e-12
-4.220965157258893541e-12
-4.633005784571153640e-12
-5.015044369366394861e-12
-5.363316995382616525e-12
-5.672967737929690557e-12
-5.946491129366071604e-12
-6.187587768546887190e-12
-6.391659770899060788e-12
-6.553210231408090891e-12
-6.676928974991280796e-12
-6.768475970669873831e-12
-6.822896848196480235e-12
-6.834677789002707726e-12
-6.810184794564522193e-12
-6.756422244597048987e-12
-6.668703783629936765e-12
-6.542187798441734259e-12
-6.384246430124473903e-12
-6.202479935907279085e-12
-5.993054576908241060e-12
-5.752375138723397896e-12
-5.487994173686283617e-12
-5.207251730504625087e-12
-4.907574346901810713e-12
-4.586954947816135331e-12
-4.252224006934257616e-12
-3.909582293321056667e-12
-3.557892695738029687e-12
-3.196818244149968180e-12
-2.831637702094269571e-12
-2.466679855164799484e-12
-2.102247846288984867e-12
-1.739589483747139287e-12
-1.381873348388351630e-12
-1.031149774941009234e-12
-6.890861037160689317e-13
-3.583304443097179437e-13
-3.974171862365823149e-14
2.669485184118858268e-13
5.589041057220411890e-13
8.324150830435472770e-13
1.088832041022669284e-12
1.330501681051643459e-12
1.553795070038943571e-12
1.754440126164324987e-12
1.935667338220925515e-12
2.101462883916105362e-12
2.247893711448956111e-12
2.370678306440332506e-12
2.474409349292883142e-12
2.564121441214761710e-12
2.636045895454408594e-12
2.686360465672943398e-12
2.720348469056887986e-12
2.743380826328301048e-12
2.752179994319758904e-12
2.743664453616623256e-12
2.723053770317673816e-12
2.695319878745494613e-12
2.657854838994389013e-12
2.608451649122045524e-12
2.551602809250375081e-12
2.491297532852820851e-12
2.425716311843517659e-12
2.353587810755009002e-12
2.278245300746384316e-12
2.202373700077586705e-12
2.125015007709007975e-12
2.045820544221976789e-12
1.966787626858645943e-12
1.889234645460757811e-12
1.813029761044138155e-12
1.738608389201257154e-12
1.666652384678390941e-12
1.597225498563281665e-12
1.530847172116767130e-12
1.468481044229752452e-12
1.409655920638075433e-12
1.353413583461693381e-12
1.300682109760253891e-12
1.252679275413892679e-12
1.208072704372842310e-12
1.165222324010783961e-12
1.125260149816009747e-12
1.089456324633586437e-12
1.056010422335884602e-12
1.023011536593898541e-12
9.916617223562629313e-13
9.631628177311779559e-13
9.356520549660962693e-13
9.073353505160974830e-13
8.793774627750827744e-13
8.528173826849450023e-13
8.260478889451916551e-13
7.976582176889845943e-13
7.686590621815148072e-13
7.398396673942431168e-13
7.100193913714414329e-13
6.782783969899730536e-13
6.453782278557917973e-13
6.118179964390013659e-13
5.768966576148726322e-13
5.401864936263600647e-13
5.021864543132414926e-13
4.631489419412715414e-13
4.228373835964138738e-13
3.812641391834348248e-13
3.387252501055315612e-13
2.953208153282788073e-13
2.512129230764631460e-13
2.067573949505671638e-13
1.621220247893101485e-13
1.173370889383587579e-13
7.283468939729351166e-14
2.916256849178587574e-14
-1.360040061121467123e-14
-5.545564008002656919e-14
-9.587479193797626698e-14
-1.342994454794216308e-13
-1.707209948496185570e-13
-2.051522742917838427e-13
-2.371316034158188479e-13
-2.662382575686905728e-13
-2.925012933686216288e-13
-3.159142056025771028e-13
-3.361803294511106488e-13
-3.530869715530349229e-13
-3.666524820301192422e-13
-3.768204823693943606e-13
-3.834909007103398659e-13
-3.866657699320291686e-13
-3.863308869860027084e-13
-3.823882671009221079e-13
-3.749358950481257446e-13
-3.641757576923476680e-13
-3.500886375500805725e-13
-3.325852776774745889e-13
-3.119499558841554165e-13
-2.885579416470746006e-13
-2.624295366519119321e-13
-2.335349524439783719e-13
-2.022984102283131858e-13
-1.692051446872122611e-13
-1.343341128438868548e-13
-9.773356847127614988e-14
-5.988043177626578562e-14
-2.127079979166723867e-14
1.796194181618356728e-14
5.769235593812774288e-14
9.749110020792692288e-14
1.369502655810400649e-13
1.758838571747772805e-13
2.140861137455915553e-13
2.512478343864171793e-13
2.871105317468064522e-13
3.214229284207587023e-13
3.538897148415431904e-13
3.843579100826222117e-13
4.127433529503565790e-13
4.387264206442975656e-13
4.619330092048290481e-13
4.823848568855093610e-13
5.001831739591400261e-13
5.149659995304367577e-13
5.263206862525515728e-13
5.344555093628189368e-13
5.396593003199889882e-13
5.415724834735569093e-13
5.397958013735049132e-13
5.347117605462858858e-13
5.267703591035899358e-13
5.156522995056200820e-13
5.010132933525035526e-13
4.833625361945481647e-13
4.632511279960283002e-13
4.404259888648315302e-13
4.146273439604303279e-13
3.864196560388749591e-13
3.563790701346242207e-13
3.243408146225146282e-13
2.901556490735035521e-13
2.543751613428429925e-13
2.175344594127631703e-13
1.795805935596653247e-13
1.404969212802018030e-13
1.007656821481670018e-13
6.082788217348297777e-14
2.075222928069921091e-14
-1.934237851537821268e-14
-5.909318580256048281e-14
-9.819987027313500927e-14
-1.364819037950534830e-13
-1.737026321391166306e-13
-2.096631787455727203e-13
-2.442420181034132831e-13
-2.771736019955423069e-13
-3.081367626334152732e-13
-3.371210645711220089e-13
-3.641961677982447076e-13
-3.890403353200982961e-13
-4.112815502662486855e-13
-4.310886500200061811e-13
-4.487011890513814549e-13
-4.637689971637160014e-13
-4.759025205164357786e-13
-4.854143888059769818e-13
-4.926709539464224630e-13
-4.973224523169283984e-13
-4.989953220589649074e-13
-4.981029152507920887e-13
-4.950932784401895770e-13
-4.896514508960503331e-13
-4.814574303471652605e-13
-4.709828989486741779e-13
-4.587134708536333427e-13
-4.443991561461219097e-13
-4.278028127059629870e-13
-4.094074254959445547e-13
-3.896876853322350787e-13
-3.684795253210831900e-13
-3.456466341443531487e-13
-3.216311223429302313e-13
-2.968444446412726867e-13
-2.712151250111594081e-13
-2.447092279245915991e-13
-2.176792952704800777e-13
-1.904312617968459409e-13
-1.629839113063275002e-13
-1.353989755601206491e-13
-1.079113943927394181e-13
-8.070264969533072485e-14
-5.387179350074648709e-14
-2.755955355690942882e-14
-1.873582880976124888e-15
2.313264089017028763e-14
4.729887881642531877e-14
7.042839076688844901e-14
9.253656055394771096e-14
1.136877050833540181e-13
1.336805828793669049e-13
1.522854650541638488e-13
1.696244734299481860e-13
1.858589779475672277e-13
2.007675980759265899e-13
2.141113078935746872e-13
2.260927447865490603e-13
2.369392930554742316e-13
2.464296941420002218e-13
2.543370245314258149e-13
2.609085365291863301e-13
2.664004000035857800e-13
2.706094354675003810e-13
2.733378302345601529e-13
2.748428112701872816e-13
2.753779734625261266e-13
2.747733139109309608e-13
2.728714877751198253e-13
2.699149497659147912e-13
2.661341199500233401e-13
2.613982435454437203e-13
2.555927474875985261e-13
2.489295119860457373e-13
2.416041813228103630e-13
2.335275527641511584e-13
2.246288821183134443e-13
2.150816823904763697e-13
2.050395850284811305e-13
1.944537602769844109e-13
1.832944874439329519e-13
1.716880625298941587e-13
1.597386367060624202e-13
1.474375228025306961e-13
1.347961455996915525e-13
1.218925676539639458e-13
1.087841229314816249e-13
9.550297157918594126e-14
8.209779427462149393e-14
6.860247911194203296e-14
5.503419375492250853e-14
4.145670284383222437e-14
2.794271738092938412e-14
1.448917957727439976e-14
1.082330864946782871e-15
-1.219965375601076221e-14
-2.527970508706817165e-14
-3.818956462913261629e-14
-5.096518638971619941e-14
-6.353287850240779688e-14
-7.582762271817616861e-14
-8.789772702006912186e-14
-9.978869401801315764e-14
-1.114417125204145154e-13
-1.228111443920751333e-13
-1.339470933258909979e-13
-1.448909622923238993e-13
-1.556017142391452612e-13
-1.660531385788352465e-13
-1.762822066054756109e-13
-1.863125539264265385e-13
-1.961200977009316948e-13
-2.056968690430233115e-13
-2.150591309852886712e-13
-2.242098786362292651e-13
-2.331452630781327695e-13
-2.418759637023981668e-13
-2.503984432994377229e-13
-2.586973061984021438e-13
-2.667821475885179261e-13
-2.746691220821551038e-13
-2.823329406636404526e-13
-2.897407520071476617e-13
-2.968979500184848463e-13
-3.038052936391727465e-13
-3.104214747664396645e-13
-3.167064050249579488e-13
-3.226422763940445249e-13
-3.281935812525504925e-13
-3.333181983460747899e-13
-3.379868542159603084e-13
-3.421363669806054553e-13
-3.456708118527995754e-13
-3.485653334977384388e-13
-3.508189019233581840e-13
-3.522989734140724583e-13
-3.528289856460919971e-13
-3.524192927501640371e-13
-3.511144283305234204e-13
-3.487043824263597047e-13
-3.449327412238800683e-13
-3.398698152339701961e-13
-3.336283343775142685e-13
-3.259368686406305393e-13
-3.164828967471000620e-13
-3.054207277711218360e-13
-2.929512372702031131e-13
-2.787715804725143798e-13
-2.625485820504508405e-13
-2.445338040130834445e-13
-2.250220138260566882e-13
-2.037155166778603643e-13
-1.803025502337962660e-13
-1.551253158045551306e-13
-1.285560064434240757e-13
-1.003399498363498343e-13
-7.022821316452973472e-14
-3.862137524937928057e-14
-5.926786093694326463e-15
2.803324656826602923e-14
6.340726012819819513e-14
9.978845007252434840e-14
1.367902102353268923e-13
1.744766847276355004e-13
2.128560050657438141e-13
2.515655869381183685e-13
2.902874067425148530e-13
3.289308929399492598e-13
3.673264221005362318e-13
4.051984984522472022e-13
4.423378167656838444e-13
4.784798859208683197e-13
5.132726925774488969e-13
5.465770522815327492e-13
5.783391886053645958e-13
6.081448821089463497e-13
6.354991945005383780e-13
6.604513485587715227e-13
6.831473321061709569e-13
7.030756185577580197e-13
7.196572981635340760e-13
7.331577836153235772e-13
7.439368674040658380e-13
7.514365648816911936e-13
7.550480965283490331e-13
7.552378319085339964e-13
7.525465710658818530e-13
7.464148114692814584e-13
7.362574634163510101e-13
7.226894863793242862e-13
7.063702379093983463e-13
6.867935040122397083e-13
6.634621779917637685e-13
6.370760581402012956e-13
6.083451884603130466e-13
5.768816956248923322e-13
5.423418333351526233e-13
5.054404160834136128e-13
4.668669422412674574e-13
4.264000177250926171e-13
3.838876373903066241e-13
3.399824638396914400e-13
2.952790464395838033e-13
2.497391941684579120e-13
2.034070476072610822e-13
1.567985921224063217e-13
1.103454892563415779e-13
6.417376395909113462e-14
1.849120018888004979e-14
-2.638680256011795983e-14
-7.024706472980382643e-14
-1.128437824410820356e-13
-1.538526657419644894e-13
-1.931944594536424975e-13
-2.308971698734840761e-13
-2.666201135738399675e-13
-2.999377547545367673e-13
-3.309944278297866083e-13
-3.600348914400280931e-13
-3.866044854042294254e-13
-4.101558773606656105e-13
-4.310137587549417448e-13
-4.495890964205384588e-13
-4.652973427561601927e-13
-4.774793299459900719e-13
-4.866088543394042620e-13
-4.932268244002557811e-13
-4.966840740777689334e-13
-4.963164211210790988e-13
-4.927383913215510614e-13
-4.865994759906122624e-13
-4.773440757249725053e-13
-4.644839742863615673e-13
-4.487423616288815920e-13
-4.308275199267630473e-13
-4.104493979938117487e-13
-3.874473712781739687e-13
-3.625536015069291684e-13
-3.364278257020347773e-13
-3.091128156391953485e-13
-2.807816641952481929e-13
-2.520169403025240840e-13
-2.232897298049679735e-13
-1.948619894999795155e-13
-1.670573943936271011e-13
-1.401686655199546605e-13
-1.143779623964669145e-13
-8.991420753562059942e-14
-6.697633848353964914e-14
-4.553417037411570945e-14
-2.548514445809522966e-14
-6.807329358407901432e-15
1.058590352556081429e-14
2.693602888751301522e-14
4.251027291681322429e-14
5.756375600794380598e-14
7.234692039241943928e-14
8.711664744621983036e-14
1.021374486181135521e-13
1.176146040369335788e-13
1.336226322732475547e-13
1.502994912772406821e-13
1.678160242062423646e-13
1.860011575099615455e-13
2.044812751197597200e-13
2.233137177780342153e-13
2.426318152469464362e-13
2.618088580132182930e-13
2.800703733599890777e-13
2.975623491097839635e-13
3.145210600210418539e-13
3.301128901483929567e-13
3.434971491272920119e-13
3.550378578371510274e-13
3.651503741302492001e-13
3.731439256974417029e-13
3.784238005420659245e-13
3.815177882816878085e-13
3.829369818204170217e-13
3.822471310831188074e-13
3.790834833539147297e-13
3.739302975331454393e-13
3.672136921796520515e-13
3.585174962895260053e-13
3.473752047730011006e-13
3.340589794804255108e-13
3.187990507431265330e-13
3.008475630075779783e-13
2.793280201324882528e-13
2.543361571696878265e-13
2.259744447770037357e-13
1.930784633737137046e-13
1.544244333101518762e-13
1.101474529532735225e-13
6.041185347110955561e-14
3.960832787512462427e-15
-6.033546465179437379e-14
-1.321078798655409003e-13
-2.110052584047839019e-13
-2.978736235535045518e-13
-3.932504820912396948e-13
-4.965508256307704649e-13
-6.073104259068928812e-13
-7.256227953569838185e-13
-8.511817010774247461e-13
-9.834095343608240114e-13
-1.121958971041225883e-12
-1.266089121564062392e-12
-1.414629156003266441e-12
-1.567264113627730993e-12
-1.723986730282900393e-12
-1.883204746658262430e-12
-2.042849179748063015e-12
-2.203009909912401199e-12
-2.364126906392871597e-12
-2.523606107071585392e-12
-2.678300289882251661e-12
-2.828745701219381736e-12
-2.975850468822649475e-12
-3.115804489417506318e-12
-3.244227152546241832e-12
-3.362157557570966127e-12
-3.471005817837213847e-12
-3.565761618265494981e-12
-3.640989419684270700e-12
-3.698354122949609746e-12
-3.739830493898477215e-12
-3.759664454761058039e-12
-3.751999145401585523e-12
-3.719221111642134758e-12
-3.663883866439343606e-12
-3.580316598750243884e-12
-3.463163566683191696e-12
-3.315480702481554687e-12
-3.140267343035296754e-12
-2.932876814673579524e-12
-2.689403821171110209e-12
-2.413313906352021476e-12
-2.107731524036982051e-12
-1.769907462777220442e-12
-1.398227020277253985e-12
-9.961241900779960190e-13
-5.663806554832839790e-13
-1.089098429496448972e-13
3.748871601604725212e-13
8.821671149648879773e-13
1.411050963573412531e-12
1.958326513104569067e-12
2.519049422181063314e-12
3.091604446406326367e-12
3.675599755115221967e-12
4.264201838855008475e-12
4.848811022833965367e-12
5.429674505147419339e-12
6.008384761946317099e-12
6.574703455275443531e-12
7.116886073521566658e-12
7.637505211599560084e-12
8.140405884093926403e-12
8.612794505369336662e-12
9.040922524516936676e-12
9.429822374340535163e-12
9.785499667513963828e-12
1.009398727797039541e-11
1.034112986214585916e-11
1.053415688012648843e-11
1.068078698401864202e-11
1.076758647522435552e-11
1.078180600355693741e-11
1.073225622955087388e-11
1.062763505671471265e-11
1.045686367356912783e-11
1.021042018295448273e-11
9.897802195901750366e-12
9.527736238856832074e-12
9.093203620635925688e-12
8.589508444789561992e-12
8.025699028968436011e-12
7.409398615487727824e-12
6.738949242385272598e-12
6.015511873347367811e-12
5.246367576483557116e-12
4.436826774034674514e-12
3.591164475166830350e-12
2.716602550550950568e-12
1.817367220255383664e-12
8.953829431362914093e-13
-3.942683920771412887e-14
-9.744700706082465302e-13
-1.909524838597520535e-12
-2.846685994567499378e-12
-3.771443227162940559e-12
-4.667256164880839719e-12
-5.538247811742724735e-12
-6.390528297511854916e-12
-7.206635461998178727e-12
-7.967988248369639592e-12
-8.682723810771175721e-12
-9.360355372745043923e-12
-9.982480987658082228e-12
-1.053066054496065718e-11
-1.101616627779966606e-11
-1.145084114334560255e-11
-1.181752785905931802e-11
-1.210014987512719742e-11
-1.231183210936848127e-11
-1.246538983146194823e-11
-1.254697214181366149e-11
-1.254477251244612290e-11
-1.247221336625470300e-11
-1.234155312668239191e-11
-1.214379378305929791e-11
-1.187263568708241124e-11
-1.154012302384543887e-11
-1.115642474236455683e-11
-1.071816333603203830e-11
-1.022493027746929073e-11
-9.685857151053856029e-12
-9.107738868641135355e-12
-8.492797611003854996e-12
-7.846129995714434813e-12
-7.172858227516565321e-12
-6.475629060753718136e-12
-5.761617745403402324e-12
-5.040447659948599224e-12
-4.312771927778014103e-12
-3.576975087654643559e-12
-2.844052033809663094e-12
-2.126746044897598331e-12
-1.421439138268865143e-12
-7.227356191817635445e-13
-4.394038979243022891e-14
6.007837456689646416e-13
1.218593693834424396e-12
1.817743004728367140e-12
2.384332531760180451e-12
2.904540974055236369e-12
3.387949426211789294e-12
3.844474218139826149e-12
4.261245002690206007e-12
4.626291103676516414e-12
4.950280636795145739e-12
5.243484466066483662e-12
5.495311670988822783e-12
5.696674468952389603e-12
5.857955613641774306e-12
5.988526514955072599e-12
6.080839391048309395e-12
6.129209553090708695e-12
6.142539601960983475e-12
6.128291450691047970e-12
6.082300895576819855e-12
6.002388256570734271e-12
5.895123798838053375e-12
5.765437606497503253e-12
5.612516527919719778e-12
5.437412239212013887e-12
5.243932892085023667e-12
5.034287656885405582e-12
4.810608942446004122e-12
4.576546173279405494e-12
4.333134545619898859e-12
4.080051400900952530e-12
3.821633981493377519e-12
3.563236511405776241e-12
3.303463405601725356e-12
3.039941996046957584e-12
2.778308182474487076e-12
2.524678383020173555e-12
2.275829915146521110e-12
2.027994742623273616e-12
1.787251336510253807e-12
1.559683588878146843e-12
1.340967809883297779e-12
1.126651506463960395e-12
9.225705052337551670e-13
7.341768252372427028e-13
5.567635653729030576e-13
3.858525098824477917e-13
2.265031830714706040e-13
8.309569395417715221e-14
-4.884568633898786483e-14
-1.732977639428562311e-13
-2.863746295222319160e-13
-3.850460260964444492e-13
-4.730901000810083801e-13
-5.536262095463817534e-13
-6.241414720123406035e-13
-6.830040005789683732e-13
-7.330022548136805316e-13
-7.762295580610034662e-13
-8.114915532077271454e-13
-8.383632330022372514e-13
-8.585471201159877719e-13
-8.731191767849533214e-13
-8.819539066076687028e-13
-8.855130712893954925e-13
-8.844992880480129216e-13
-8.791220247432451895e-13
-8.700271406092419113e-13
-8.582592644391928705e-13
-8.437281906123472730e-13
-8.260044666481836106e-13
-8.062468336185457662e-13
-7.858364024608543996e-13
-7.641318675900843349e-13
-7.403042480251531554e-13
-7.157833895911347444e-13
-6.920474393198872143e-13
-6.681309693869208477e-13
-6.430208470721565650e-13
-6.181581939032620987e-13
-5.948766869726118678e-13
-5.720954309243464486e-13
-5.488055756369680793e-13
-5.262363895336408248e-13
-5.054117389359513712e-13
-4.853254300177245462e-13
-4.651218646345434138e-13
-4.457160823149314277e-13
-4.277953588160271492e-13
-4.105648655251814549e-13
-3.934071493051638502e-13
-3.769458703506423092e-13
-3.616013196337808377e-13
-3.468368983943620476e-13
-3.322798037153767980e-13
-3.183204567991371192e-13
-3.051769720176927825e-13
-2.925408938529716618e-13
-2.802398612646028742e-13
-2.684626609558704580e-13
-2.572533928501402611e-13
-2.464810311148674105e-13
-2.361211269910623578e-13
-2.261841159246352762e-13
-2.165753877235096492e-13
-2.073000787954776269e-13
-1.984364414323383508e-13
-1.898799992022456862e-13
-1.814777982837162407e-13
-1.733312657899860332e-13
-1.655748021328617980e-13
-1.580819351289231012e-13
-1.507271954817590576e-13
-1.436489273885788176e-13
-1.369813415258089306e-13
-1.306324433391140016e-13
-1.245307296952186116e-13
-1.187875346047098657e-13
-1.134906310097140436e-13
-1.085764711103963387e-13
-1.039979937562073020e-13
-9.980886017842138802e-14
-9.603932639391452031e-14
-9.262746412984704247e-14
-8.952364403177343055e-14
-8.673665491355439516e-14
-8.425911064788987881e-14
-8.203039078081078572e-14
-8.000664611070365528e-14
-7.817724468001455151e-14
-7.651916752136889155e-14
-7.498949378126340548e-14
-7.356206030602330248e-14
-7.221640277964291865e-14
-7.092277340501468297e-14
-6.964975064792724990e-14
-6.836816946994075939e-14
-6.704849213811855946e-14
-6.566111993315179585e-14
-6.414893572934121657e-14
-6.243788174204248365e-14
-6.050350243600247091e-14
-5.833469829148035801e-14
-5.582116867808468996e-14
-5.283187421074343748e-14
-4.937833792567104807e-14
-4.549304523046061866e-14
-4.102959495050871597e-14
-3.583488079840144169e-14
-2.997780721033203866e-14
-2.354306901069646435e-14
-1.639205603394013055e-14
-8.396545279540628542e-15
3.263332866244508931e-16
9.655930806177267373e-15
1.969235728259063900e-14
3.051801094277294124e-14
4.199721150813413850e-14
5.400169108540561758e-14
6.658869554929461310e-14
7.979530122596834030e-14
9.349303015798726690e-14
1.075676616464800450e-13
1.220288518670453737e-13
1.368577289256184271e-13
1.519465299025177241e-13
1.672103346625833376e-13
1.825888615650250735e-13
1.979796941621245199e-13
2.133122237873985583e-13
2.285499534852158954e-13
2.435358772284734741e-13
2.580626955617920659e-13
2.721216264475745383e-13
2.857464156784395026e-13
2.986797278687475243e-13
3.106211034914485580e-13
3.216474937957347624e-13
3.318777544447648609e-13
3.409844021723396068e-13
3.486150441673468992e-13
3.549387888636401645e-13
3.601568370793784002e-13
3.639142210232898522e-13
3.658500640022627204e-13
3.662111033257003934e-13
3.652626432652100741e-13
3.626597177945611872e-13
3.580674710727815846e-13
3.517867963077903060e-13
3.441237095627713849e-13
3.347748239648090651e-13
3.234628005981815546e-13
3.105162069312605855e-13
2.962529852511275319e-13
2.804434744325956519e-13
2.629020590637354271e-13
2.439514248161328558e-13
2.238847264047008623e-13
2.025795302991115210e-13
1.799730476410507651e-13
1.563416822218666180e-13
1.319153662172889430e-13
1.067033831084196471e-13
8.078189132161225916e-14
5.434499353892778550e-14
2.753187929645673632e-14
4.894986461523656573e-16
-2.657228075271002299e-14
-5.356110520382539875e-14
-8.043840252084169529e-14
-1.069348534959817243e-13
-1.327321634764580538e-13
-1.578454570825768566e-13
-1.823377061317688064e-13
-2.058558672916183108e-13
-2.280195346773816745e-13
-2.489550720522620830e-13
-2.688288773446817492e-13
-2.872589319191654056e-13
-3.038589887517650912e-13
-3.188619615741850044e-13
-3.325270831258664295e-13
-3.444941001299467453e-13
-3.544192120775307986e-13
-3.626136934123391775e-13
-3.693943209041178344e-13
-3.744592255629924926e-13
-3.775393897249151864e-13
-3.789739247243850695e-13
-3.790846488712501516e-13
-3.776505746577035749e-13
-3.744952210751190114e-13
-3.699339012203095578e-13
-3.642493208097508095e-13
-3.573179892159966675e-13
-3.490671022631647302e-13
-3.397594163477568596e-13
-3.296203642064871042e-13
-3.186325986045956959e-13
-3.068266940433467260e-13
-2.944022521426947758e-13
-2.815221200689471681e-13
-2.682605385658648478e-13
-2.547261717961851746e-13
-2.410444077411560970e-13
-2.273057501771258426e-13
-2.136371998360739322e-13
-2.001823592957460707e-13
-1.869823333710066149e-13
-1.740497936747464891e-13
-1.615211870503729941e-13
-1.495328790261304941e-13
-1.380497007940489906e-13
-1.270208032722389135e-13
-1.165588350664215067e-13
-1.067622823914399222e-13
-9.754958613886893781e-14
-8.883995291806764949e-14
-8.069864492355610652e-14
-7.316575730692553847e-14
-6.614956656438367166e-14
-5.957167132633264806e-14
-5.343466012545927679e-14
-4.771202760677807631e-14
-4.232937717246580689e-14
-3.723182786380396792e-14
-3.236090052611412249e-14
-2.763313022683972636e-14
-2.300738843419389973e-14
-1.846151676627647009e-14
-1.388907198073777854e-14
-9.165244619832851186e-15
-4.283039461966788378e-15
7.501164432810881588e-16
6.073424014006517310e-15
1.183490442826411540e-14
1.801183036271095106e-14
2.457255116072344647e-14
3.166046865323880743e-14
3.941167392982648787e-14
4.777497909541801591e-14
5.669715998773972032e-14
6.627979279782633681e-14
7.659845658149547210e-14
8.757809744335681712e-14
9.915070880214121862e-14
1.113315711322171442e-13
1.240992443356236929e-13
1.373739311324659318e-13
1.510931814776086957e-13
1.651733627259718840e-13
1.794975165681986229e-13
1.940164744357666948e-13
2.087066684839516961e-13
2.234054412818264890e-13
2.379238570483083182e-13
2.522703454552882585e-13
2.664796551823944704e-13
2.803244290340567435e-13
2.935525629001178860e-13
3.062284312845692247e-13
3.184382011550690450e-13
3.298903305474359948e-13
3.402719187146907576e-13
3.496923887610914328e-13
3.582787549711446973e-13
3.656918789052970853e-13
3.715835148257462528e-13
3.761090289038093726e-13
3.794382885148606110e-13
3.812257855315831501e-13
3.811313786274139748e-13
3.793583557096941172e-13
3.761180548868953144e-13
3.710980904080701803e-13
3.640016348234464960e-13
3.550649086813545408e-13
3.445231025380607326e-13
3.321254675361234865e-13
3.176450259507329621e-13
3.013291114024874151e-13
2.834158417935189744e-13
2.637442131012135427e-13
2.421857202630772754e-13
2.189811781341463592e-13
1.943560736612434670e-13
1.682646941702711785e-13
1.406978510478176791e-13
1.118725338061787866e-13
8.198480007945777026e-14
5.111173664211834944e-14
1.936394058608351815e-14
-1.308808882669390550e-14
-4.609903292971707922e-14
-7.948312553919187340e-14
-1.130289506196154037e-13
-1.466328686076934229e-13
-1.802174810208376221e-13
-2.135142784147683881e-13
-2.462370314159495477e-13
-2.783572797173533564e-13
-3.098709440083058375e-13
-3.404533328432018946e-13
-3.697672864514528479e-13
-3.978581244838685915e-13
-4.247944498329131457e-13
-4.502169036885161901e-13
-4.737531981297005146e-13
-4.955185567423470161e-13
-5.156522452955114577e-13
-5.337712693717633350e-13
-5.494759378402158667e-13
-5.629480714051948720e-13
-5.743959995141434405e-13
-5.834223078607370105e-13
-5.896119638533481311e-13
-5.932125450580638670e-13
-5.944982462043058025e-13
-5.930760440045479420e-13
-5.885401215856289614e-13
-5.811991513060554837e-13
-5.713850074508253218e-13
-5.587368675369352999e-13
-5.428889217513888088e-13
-5.242004204840389203e-13
-5.030477445190639774e-13
-4.791305156445768709e-13
-4.521510661541217058e-13
-4.225023109150072287e-13
-3.905863805130083133e-13
-3.561830463818388415e-13
-3.190824340859599317e-13
-2.796881107790250010e-13
-2.384020173114287378e-13
-1.950997821414598987e-13
-1.496794225022690661e-13
-1.025295842151108250e-13
-5.402377154027464268e-14
-4.155540674614282073e-15
4.704217362329864149e-14
9.922330969011627921e-14
1.520738152375675223e-13
2.054562168183129978e-13
2.591747888351647600e-13
3.129586433753273056e-13
3.665871859542813027e-13
4.197559183918841974e-13
4.720858036086350573e-13
5.234170844144181434e-13
5.736576578346808120e-13
6.223264091553826205e-13
6.688590653558534882e-13
7.132433207414357046e-13
7.555473716287786079e-13
7.951267682465568143e-13
8.312579140648534981e-13
8.641064751756244444e-13
8.939239864828862903e-13
9.199472780774264891e-13
9.413517057868525661e-13
9.584996641873178014e-13
9.718336161854135291e-13
9.805446385402483145e-13
9.837919324670596488e-13
9.821286579142496365e-13
9.761707501360072925e-13
9.651499434729093885e-13
9.483008996113984068e-13
9.263313857296728848e-13
8.999828876934956590e-13
8.686132325561035650e-13
8.316211217926361421e-13
7.898063171356273227e-13
7.439665745435919408e-13
6.936670747352546851e-13
6.385496515229349690e-13
5.794269686450193024e-13
5.170709780483173645e-13
4.513183717805985262e-13
3.821130152743823505e-13
3.101917594311442983e-13
2.362140160121900534e-13
1.603297437305015172e-13
8.281543446885322735e-14
4.246540388753126949e-15
-7.490851743150589437e-14
-1.541809757123202562e-13
-2.329747993915637361e-13
-3.109524085703058160e-13
-3.879008117317617188e-13
-4.630771135473443767e-13
-5.356313266188794664e-13
-6.055181312955570938e-13
-6.728181380089015562e-13
-7.366032696992652617e-13
-7.958745424849200667e-13
-8.508963932757351856e-13
-9.020429260313267417e-13
-9.483158616013787068e-13
-9.886908999834354006e-13
-1.023716051165579621e-12
-1.054018417684376985e-12
-1.078647479495209449e-12
-1.096671798511694718e-12
-1.108856496206955811e-12
-1.116004641130152741e-12
-1.117317176280163693e-12
-1.112053374732746569e-12
-1.101100330705429009e-12
-1.085339500564441728e-12
-1.064203954993792056e-12
-1.037217512399324360e-12
-1.005284288972674300e-12
-9.692615633716261669e-13
-9.288680935526372195e-13
-8.839312203197391415e-13
-8.352703836748964772e-13
-7.836252805502874619e-13
-7.290145050131702220e-13
-6.715677276433740239e-13
-6.119327050288503322e-13
-5.506582060992026850e-13
-4.880364775500245500e-13
-4.244563413854235412e-13
-3.603342125547970287e-13
-2.959827478596355199e-13
-2.319051797382981617e-13
-1.686730047084292194e-13
-1.064440826063425827e-13
-4.528208659274925163e-14
1.418657366873601194e-14
7.130282692405232048e-14
1.261585643895155040e-13
1.789182137949124618e-13
2.289257650632536834e-13
2.755274307320032534e-13
3.190223692856042348e-13
3.597532970307792954e-13
3.971167199332686915e-13
4.305397997752397066e-13
4.604627226387214556e-13
4.873389018722473764e-13
5.106767873158668536e-13
5.300341871135316740e-13
5.459171526292494470e-13
5.588187790110665798e-13
5.683923384042222082e-13
5.743475898871419627e-13
5.771871695869901231e-13
5.773821091376030168e-13
5.747364389963038889e-13
5.691081828886057625e-13
5.609426768568570587e-13
5.506441656810689977e-13
5.381541566540359867e-13
5.234603440811003150e-13
5.069186173253803496e-13
4.888422023945071526e-13
4.692905677776415541e-13
4.483606953591123823e-13
4.263075352797796036e-13
4.033457324647410358e-13
3.796341225322658053e-13
3.553609229794973956e-13
3.306797110441683785e-13
3.057072824053097548e-13
2.806847907311366130e-13
2.558751550484766879e-13
2.313346996601906014e-13
2.070887813445873582e-13
1.834397027724102291e-13
1.606987925974884268e-13
1.388315731907369122e-13
1.177810290704101037e-13
9.786933768832564717e-14
7.940519173178089973e-14
6.227170743031834599e-14
4.634250746820764433e-14
3.189420231283594809e-14
1.916345127560021427e-14
7.970429261798354925e-15
-1.857908112770710433e-15
-1.015421233695971287e-14
-1.680570796186355714e-14
-2.201720014259004460e-14
-2.597234256276285264e-14
-2.863247155647161146e-14
-3.000206962207319084e-14
-3.026066200460635069e-14
-2.956272379672775230e-14
-2.794730491137171341e-14
-2.545855101168323364e-14
-2.221238533275764204e-14
-1.831084654561887515e-14
-1.376796405697230594e-14
-8.557335849852017867e-15
-2.731000875680236577e-15
3.650246981577991850e-15
1.069155140397300141e-14
1.856362150587029247e-14
2.723342893155757810e-14
3.663724461614933925e-14
4.701860239044244882e-14
5.867301002687730360e-14
7.151805460781784918e-14
8.543208187324763392e-14
1.007209588085519747e-13
1.176993073316590088e-13
1.361871363294089865e-13
1.559764687200648758e-13
1.773146787818064007e-13
2.004138364595717259e-13
2.250034197587985618e-13
2.508091390823752320e-13
2.779333837729658363e-13
3.064248616131692859e-13
3.359821915040889229e-13
3.663252156043544927e-13
3.974065000689197547e-13
4.291333727170915102e-13
4.612498534159459318e-13
4.935369062215866354e-13
5.258437457168751994e-13
5.579836180776009957e-13
5.897924835150669676e-13
6.211516761014945764e-13
6.518208824253524103e-13
6.815024347801845739e-13
7.101294921020573359e-13
7.376936518241339336e-13
7.637842723735854822e-13
7.878751904361047664e-13
8.099931858053521783e-13
8.302518286588955743e-13
8.479126688970550774e-13
8.620544057237611302e-13
8.728328389911998997e-13
8.805319754584539638e-13
8.839480796635212911e-13
8.816618767525097322e-13
8.740539216879616990e-13
8.616696223727460247e-13
8.428288449102705471e-13
8.156671952447291929e-13
7.809128777652718512e-13
7.394702255039686811e-13
6.893335186518301239e-13
6.284003807761895377e-13
5.578315045128012795e-13
4.789372023972227055e-13
3.896438835644666643e-13
2.878932715052323621e-13
1.752701038774603925e-13
5.344586128915376766e-14
-7.944633720422672463e-14
-2.251465073405123363e-13
-3.817559874989828739e-13
-5.473769766443925544e-13
-7.234184497099949152e-13
-9.110511824117484281e-13
-1.108241103053853038e-12
-1.313060445963520895e-12
-1.526204184733315206e-12
-1.748000073679978339e-12
-1.976492971025867185e-12
-2.209954007986736357e-12
-2.448059983894967928e-12
-2.689973244152099596e-12
-2.934062064488540678e-12
-3.179054675755965675e-12
-3.423284659215264369e-12
-3.664442013717739144e-12
-3.901512359710812561e-12
-4.133970509662132642e-12
-4.358583372693347613e-12
-4.571426136940059948e-12
-4.772439821804086435e-12
-4.962150482179517041e-12
-5.135785893783939571e-12
-5.287965811756611956e-12
-5.419908011977669915e-12
-5.533441326671661997e-12
-5.622610016464690830e-12
-5.681060656625991356e-12
-5.711494645288528460e-12
-5.717155481671509776e-12
-5.691531447526987364e-12
-5.628010644326275624e-12
-5.530772888284740674e-12
-5.404373996931166602e-12
-5.242512587239067656e-12
-5.039129703787725845e-12
-4.799622938672643002e-12
-4.529522156654364196e-12
-4.223533849045946198e-12
-3.876951711057063932e-12
-3.495912543824419849e-12
-3.086384446626677658e-12
-2.644843111881955977e-12
-2.168672576588481782e-12
-1.664105810615656988e-12
-1.136888868637220273e-12
-5.859252969961370461e-13
-1.128417885255241990e-14
5.814420125926922367e-13
1.187447818025433310e-12
1.804948443311082951e-12
2.430863236396740845e-12
3.061004141130529987e-12
3.692202359822926994e-12
4.319698244936720499e-12
4.937491821649375723e-12
5.543495783938423571e-12
6.136762539105111713e-12
6.709929920717394580e-12
7.254653908855823730e-12
7.771453619520585221e-12
8.261955355970407311e-12
8.717008885550381336e-12
9.126901491518513154e-12
9.494936087373062605e-12
9.825338459501509192e-12
1.010826491953942252e-11
1.033380585963028508e-11
1.050783505346375435e-11
1.063682388696696179e-11
1.071140225128441870e-11
1.072263111634441657e-11
1.067835923851401247e-11
1.058662879582783489e-11
1.043961098123880049e-11
1.023034781888476630e-11
9.967798288157414532e-12
9.660679374523528651e-12
9.303578740738061015e-12
8.892282743477863960e-12
8.435857047628392280e-12
7.942720266218561420e-12
7.410454194722859711e-12
6.838027973715687935e-12
6.233593502491530103e-12
5.604336005687882150e-12
4.951025700528077778e-12
4.275811042037114262e-12
3.585020518295789493e-12
2.883820786336865893e-12
2.175908108206781044e-12
1.466152936904774329e-12
7.583760550967932890e-13
5.519616000696468683e-14
-6.374400790196133038e-13
-1.312759579860656167e-12
-1.969789999514692802e-12
-2.608641384502230487e-12
-3.222028763585904620e-12
-3.802256686585847589e-12
-4.351135771130110186e-12
-4.871310819998253550e-12
-5.355116523830805164e-12
-5.794883670140471565e-12
-6.194776896312204073e-12
-6.559470848432891188e-12
-6.881772929290264074e-12
-7.154848328388974110e-12
-7.384540895438718167e-12
-7.576856676794196943e-12
-7.725774013589425948e-12
-7.825909191516711161e-12
-7.884002478641960465e-12
-7.906624140130436018e-12
-7.889414815887008103e-12
-7.828824394318090185e-12
-7.731689420642506860e-12
-7.604407555039660593e-12
-7.444507683918022423e-12
-7.250382152296230842e-12
-7.028235632366985897e-12
-6.783650030595111957e-12
-6.515988703464925536e-12
-6.225409077131871527e-12
-5.916915828824143020e-12
-5.594801098102175629e-12
-5.259972579024774220e-12
-4.913976343889903120e-12
-4.560270563946922096e-12
-4.201615617926979240e-12
-3.840040264935229430e-12
-3.478016702765374113e-12
-3.117364005822409467e-12
-2.759293011092567305e-12
-2.406504466187509017e-12
-2.061944582090746714e-12
-1.725911080718844914e-12
-1.398232224447681915e-12
-1.081870704133791605e-12
-7.798574611604658369e-13
-4.912336813364670540e-13
-2.147312818008562108e-13
4.676291702498426572e-14
2.904423934430716558e-13
5.181796831899010414e-13
7.319954104662018679e-13
9.293425404233168763e-13
1.107869330128907759e-12
1.269996477773482901e-12
1.418149235196675129e-12
1.550300252756153796e-12
1.664685533517284988e-12
1.763926244652269659e-12
1.850533832073453233e-12
1.923069342657512948e-12
1.980373113760758308e-12
2.024963096508569649e-12
2.059169891890921811e-12
2.082099249955948750e-12
2.093111057741015024e-12
2.094388681581071943e-12
2.087890407440062823e-12
2.073159569362936772e-12
2.049953306063057035e-12
2.019992896909461599e-12
1.984770420931925017e-12
1.944164664327563408e-12
1.898230270885870041e-12
1.848196725870443480e-12
1.795083613004289091e-12
1.739027216500488304e-12
1.680298478481945246e-12
1.619664580405910659e-12
1.557714352472261421e-12
1.494758743864066375e-12
1.431195006257324209e-12
1.367380817948737892e-12
1.303535729878235738e-12
1.240050596928998772e-12
1.177353895799593264e-12
