1.115469153677162151e-12
1.054326547941797365e-12
9.943205113438491338e-13
9.358485123997506427e-13
8.786989690555413457e-13
0.000000000000000000e+00
0.000000000000000000e+00
0.000000000000000000e+00
0.000000000000000000e+00
0.000000000000000000e+00
0.000000000000000000e+00
0.000000000000000000e+00
0.000000000000000000e+00
0.000000000000000000e+00
0.000000000000000000e+00
0.000000000000000000e+00
0.000000000000000000e+00
0.000000000000000000e+00
0.000000000000000000e+00
0.000000000000000000e+00
0.000000000000000000e+00
0.000000000000000000e+00
0.000000000000000000e+00
0.000000000000000000e+00
0.000000000000000000e+00
0.000000000000000000e+00
0.000000000000000000e+00
0.000000000000000000e+00
0.000000000000000000e+00
0.000000000000000000e+00
0.000000000000000000e+00
0.000000000000000000e+00
0.000000000000000000e+00
0.000000000000000000e+00
0.000000000000000000e+00
0.000000000000000000e+00
0.000000000000000000e+00
0.000000000000000000e+00
0.000000000000000000e+00
0.000000000000000000e+00
0.000000000000000000e+00
0.000000000000000000e+00
0.000000000000000000e+00
0.000000000000000000e+00
0.000000000000000000e+00
0.000000000000000000e+00
0.000000000000000000e+00
0.000000000000000000e+00
0.000000000000000000e+00
0.000000000000000000e+00
0.000000000000000000e+00
0.000000000000000000e+00
0.000000000000000000e+00
0.000000000000000000e+00
0.000000000000000000e+00
0.000000000000000000e+00
0.000000000000000000e+00
0.000000000000000000e+00
0.000000000000000000e+00
0.000000000000000000e+00
0.000000000000000000e+00
0.000000000000000000e+00
0.000000000000000000e+00
0.000000000000000000e+00
0.000000000000000000e+00
0.000000000000000000e+00
0.000000000000000000e+00
0.000000000000000000e+00
0.000000000000000000e+00
0.000000000000000000e+00
0.000000000000000000e+00
0.000000000000000000e+00
0.000000000000000000e+00
0.000000000000000000e+00
0.000000000000000000e+00
0.000000000000000000e+00
0.000000000000000000e+00
0.000000000000000000e+00
0.000000000000000000e+00
0.000000000000000000e+00
0.000000000000000000e+00
0.000000000000000000e+00
0.000000000000000000e+00
0.000000000000000000e+00
0.000000000000000000e+00
0.000000000000000000e+00
0.000000000000000000e+00
0.000000000000000000e+00
0.000000000000000000e+00
0.000000000000000000e+00
0.000000000000000000e+00
0.000000000000000000e+00
0.000000000000000000e+00
0.000000000000000000e+00
0.000000000000000000e+00
0.000000000000000000e+00
0.000000000000000000e+00
0.000000000000000000e+00
0.000000000000000000e+00
0.000000000000000000e+00
0.000000000000000000e+00
0.000000000000000000e+00
0.000000000000000000e+00
0.000000000000000000e+00
0.000000000000000000e+00
0.000000000000000000e+00
0.000000000000000000e+00
0.000000000000000000e+00
0.000000000000000000e+00
0.000000000000000000e+00
0.000000000000000000e+00
0.000000000000000000e+00
0.000000000000000000e+00
0.000000000000000000e+00
0.000000000000000000e+00
0.000000000000000000e+00
0.000000000000000000e+00
0.000000000000000000e+00
0.000000000000000000e+00
0.000000000000000000e+00
0.000000000000000000e+00
0.000000000000000000e+00
0.000000000000000000e+00
0.000000000000000000e+00
0.000000000000000000e+00
0.000000000000000000e+00
0.000000000000000000e+00
0.000000000000000000e+00
0.000000000000000000e+00
0.000000000000000000e+00
0.000000000000000000e+00
0.000000000000000000e+00
0.000000000000000000e+00
0.000000000000000000e+00
0.000000000000000000e+00
0.000000000000000000e+00
0.000000000000000000e+00
0.000000000000000000e+00
0.000000000000000000e+00
0.000000000000000000e+00
0.000000000000000000e+00
0.000000000000000000e+00
0.000000000000000000e+00
0.000000000000000000e+00
0.000000000000000000e+00
0.000000000000000000e+00
0.000000000000000000e+00
0.000000000000000000e+00
0.000000000000000000e+00
0.000000000000000000e+00
0.000000000000000000e+00
0.000000000000000000e+00
0.000000000000000000e+00
0.000000000000000000e+00
0.000000000000000000e+00
0.000000000000000000e+00
0.000000000000000000e+00
0.000000000000000000e+00
0.000000000000000000e+00
0.000000000000000000e+00
0.000000000000000000e+00
0.000000000000000000e+00
0.000000000000000000e+00
0.000000000000000000e+00
0.000000000000000000e+00
0.000000000000000000e+00
0.000000000000000000e+00
0.000000000000000000e+00
0.000000000000000000e+00
0.000000000000000000e+00
0.000000000000000000e+00
0.000000000000000000e+00
0.000000000000000000e+00
0.000000000000000000e+00
0.000000000000000000e+00
0.000000000000000000e+00
0.000000000000000000e+00
0.000000000000000000e+00
0.000000000000000000e+00
0.000000000000000000e+00
0.000000000000000000e+00
0.000000000000000000e+00
0.000000000000000000e+00
0.000000000000000000e+00
0.000000000000000000e+00
0.000000000000000000e+00
0.000000000000000000e+00
0.000000000000000000e+00
0.000000000000000000e+00
0.000000000000000000e+00
0.000000000000000000e+00
0.000000000000000000e+00
0.000000000000000000e+00
0.000000000000000000e+00
0.000000000000000000e+00
0.000000000000000000e+00
0.000000000000000000e+00
0.000000000000000000e+00
0.000000000000000000e+00
0.000000000000000000e+00
0.000000000000000000e+00
0.000000000000000000e+00
0.000000000000000000e+00
0.000000000000000000e+00
0.000000000000000000e+00
0.000000000000000000e+00
0.000000000000000000e+00
0.000000000000000000e+00
0.000000000000000000e+00
0.000000000000000000e+00
0.000000000000000000e+00
0.000000000000000000e+00
0.000000000000000000e+00
0.000000000000000000e+00
0.000000000000000000e+00
0.000000000000000000e+00
0.000000000000000000e+00
0.000000000000000000e+00
0.000000000000000000e+00
0.000000000000000000e+00
0.000000000000000000e+00
0.000000000000000000e+00
0.000000000000000000e+00
0.000000000000000000e+00
0.000000000000000000e+00
0.000000000000000000e+00
0.000000000000000000e+00
0.000000000000000000e+00
0.000000000000000000e+00
0.000000000000000000e+00
0.000000000000000000e+00
0.000000000000000000e+00
0.000000000000000000e+00
0.000000000000000000e+00
0.000000000000000000e+00
0.000000000000000000e+00
0.000000000000000000e+00
0.000000000000000000e+00
0.000000000000000000e+00
0.000000000000000000e+00
0.000000000000000000e+00
0.000000000000000000e+00
0.000000000000000000e+00
0.000000000000000000e+00
0.000000000000000000e+00
0.000000000000000000e+00
0.000000000000000000e+00
0.000000000000000000e+00
0.000000000000000000e+00
0.000000000000000000e+00
0.000000000000000000e+00
0.000000000000000000e+00
0.000000000000000000e+00
0.000000000000000000e+00
0.000000000000000000e+00
0.000000000000000000e+00
0.000000000000000000e+00
0.000000000000000000e+00
0.000000000000000000e+00
0.000000000000000000e+00
0.000000000000000000e+00
0.000000000000000000e+00
0.000000000000000000e+00
0.000000000000000000e+00
0.000000000000000000e+00
0.000000000000000000e+00
0.000000000000000000e+00
0.000000000000000000e+00
0.000000000000000000e+00
0.000000000000000000e+00
0.000000000000000000e+00
0.000000000000000000e+00
0.000000000000000000e+00
0.000000000000000000e+00
0.000000000000000000e+00
0.000000000000000000e+00
0.000000000000000000e+00
0.000000000000000000e+00
0.000000000000000000e+00
0.000000000000000000e+00
0.000000000000000000e+00
0.000000000000000000e+00
0.000000000000000000e+00
0.000000000000000000e+00
0.000000000000000000e+00
0.000000000000000000e+00
0.000000000000000000e+00
0.000000000000000000e+00
0.000000000000000000e+00
0.000000000000000000e+00
0.000000000000000000e+00
0.000000000000000000e+00
0.000000000000000000e+00
0.000000000000000000e+00
0.000000000000000000e+00
0.000000000000000000e+00
0.000000000000000000e+00
0.000000000000000000e+00
0.000000000000000000e+00
0.000000000000000000e+00
0.000000000000000000e+00
0.000000000000000000e+00
0.000000000000000000e+00
0.000000000000000000e+00
0.000000000000000000e+00
0.000000000000000000e+00
0.000000000000000000e+00
0.000000000000000000e+00
0.000000000000000000e+00
0.000000000000000000e+00
0.000000000000000000e+00
0.000000000000000000e+00
0.000000000000000000e+00
0.000000000000000000e+00
0.000000000000000000e+00
0.000000000000000000e+00
0.000000000000000000e+00
0.000000000000000000e+00
0.000000000000000000e+00
0.000000000000000000e+00
0.000000000000000000e+00
0.000000000000000000e+00
0.000000000000000000e+00
0.000000000000000000e+00
0.000000000000000000e+00
0.000000000000000000e+00
0.000000000000000000e+00
0.000000000000000000e+00
0.000000000000000000e+00
0.000000000000000000e+00
0.000000000000000000e+00
0.000000000000000000e+00
0.000000000000000000e+00
0.000000000000000000e+00
0.000000000000000000e+00
0.000000000000000000e+00
0.000000000000000000e+00
0.000000000000000000e+00
0.000000000000000000e+00
0.000000000000000000e+00
0.000000000000000000e+00
0.000000000000000000e+00
0.000000000000000000e+00
0.000000000000000000e+00
0.000000000000000000e+00
0.000000000000000000e+00
0.000000000000000000e+00
0.000000000000000000e+00
0.000000000000000000e+00
0.000000000000000000e+00
0.000000000000000000e+00
0.000000000000000000e+00
0.000000000000000000e+00
0.000000000000000000e+00
0.000000000000000000e+00
0.000000000000000000e+00
0.000000000000000000e+00
0.000000000000000000e+00
0.000000000000000000e+00
0.000000000000000000e+00
0.000000000000000000e+00
0.000000000000000000e+00
0.000000000000000000e+00
0.000000000000000000e+00
0.000000000000000000e+00
0.000000000000000000e+00
0.000000000000000000e+00
0.000000000000000000e+00
0.000000000000000000e+00
0.000000000000000000e+00
0.000000000000000000e+00
0.000000000000000000e+00
0.000000000000000000e+00
0.000000000000000000e+00
0.000000000000000000e+00
0.000000000000000000e+00
0.000000000000000000e+00
0.000000000000000000e+00
0.000000000000000000e+00
0.000000000000000000e+00
0.000000000000000000e+00
0.000000000000000000e+00
0.000000000000000000e+00
0.000000000000000000e+00
0.000000000000000000e+00
0.000000000000000000e+00
0.000000000000000000e+00
0.000000000000000000e+00
0.000000000000000000e+00
0.000000000000000000e+00
0.000000000000000000e+00
0.000000000000000000e+00
0.000000000000000000e+00
0.000000000000000000e+00
0.000000000000000000e+00
0.000000000000000000e+00
0.000000000000000000e+00
0.000000000000000000e+00
0.000000000000000000e+00
0.000000000000000000e+00
0.000000000000000000e+00
0.000000000000000000e+00
0.000000000000000000e+00
0.000000000000000000e+00
0.000000000000000000e+00
0.000000000000000000e+00
0.000000000000000000e+00
0.000000000000000000e+00
0.000000000000000000e+00
0.000000000000000000e+00
0.000000000000000000e+00
0.000000000000000000e+00
0.000000000000000000e+00
0.000000000000000000e+00
0.000000000000000000e+00
0.000000000000000000e+00
0.000000000000000000e+00
0.000000000000000000e+00
0.000000000000000000e+00
0.000000000000000000e+00
0.000000000000000000e+00
0.000000000000000000e+00
0.000000000000000000e+00
0.000000000000000000e+00
0.000000000000000000e+00
0.000000000000000000e+00
0.000000000000000000e+00
0.000000000000000000e+00
0.000000000000000000e+00
0.000000000000000000e+00
0.000000000000000000e+00
0.000000000000000000e+00
0.000000000000000000e+00
0.000000000000000000e+00
0.000000000000000000e+00
0.000000000000000000e+00
0.000000000000000000e+00
0.000000000000000000e+00
0.000000000000000000e+00
0.000000000000000000e+00
0.000000000000000000e+00
0.000000000000000000e+00
0.000000000000000000e+00
0.000000000000000000e+00
0.000000000000000000e+00
0.000000000000000000e+00
0.000000000000000000e+00
0.000000000000000000e+00
0.000000000000000000e+00
0.000000000000000000e+00
0.000000000000000000e+00
0.000000000000000000e+00
0.000000000000000000e+00
0.000000000000000000e+00
0.000000000000000000e+00
0.000000000000000000e+00
0.000000000000000000e+00
0.000000000000000000e+00
0.000000000000000000e+00
0.000000000000000000e+00
0.000000000000000000e+00
0.000000000000000000e+00
0.000000000000000000e+00
0.000000000000000000e+00
0.000000000000000000e+00
0.000000000000000000e+00
0.000000000000000000e+00
0.000000000000000000e+00
0.000000000000000000e+00
0.000000000000000000e+00
0.000000000000000000e+00
0.000000000000000000e+00
0.000000000000000000e+00
0.000000000000000000e+00
0.000000000000000000e+00
0.000000000000000000e+00
0.000000000000000000e+00
0.000000000000000000e+00
0.000000000000000000e+00
0.000000000000000000e+00
0.000000000000000000e+00
0.000000000000000000e+00
0.000000000000000000e+00
0.000000000000000000e+00
0.000000000000000000e+00
0.000000000000000000e+00
0.000000000000000000e+00
0.000000000000000000e+00
0.000000000000000000e+00
0.000000000000000000e+00
0.000000000000000000e+00
0.000000000000000000e+00
0.000000000000000000e+00
0.000000000000000000e+00
0.000000000000000000e+00
0.000000000000000000e+00
0.000000000000000000e+00
0.000000000000000000e+00
0.000000000000000000e+00
0.000000000000000000e+00
0.000000000000000000e+00
0.000000000000000000e+00
0.000000000000000000e+00
0.000000000000000000e+00
0.000000000000000000e+00
0.000000000000000000e+00
0.000000000000000000e+00
0.000000000000000000e+00
0.000000000000000000e+00
0.000000000000000000e+00
1.401298464324817071e-45
5.605193857299268284e-45
1.121038771459853657e-44
1.961817850054743899e-44
2.662467082217152435e-44
3.082856621514597556e-44
3.082856621514597556e-44
2.942726775082115849e-44
2.522337235784670728e-44
1.681558157189780485e-44
7.006492321624085355e-45
1.401298464324817071e-45
0.000000000000000000e+00
4.203895392974451213e-45
8.407790785948902426e-45
9.809089250273719496e-45
2.802596928649634142e-45
1.401298464324817071e-45
1.821688003622262192e-44
3.363116314379560970e-44
4.063765546541969506e-44
3.783505853677006091e-44
3.643376007244524384e-44
2.662467082217152435e-44
1.541428310757298778e-44
-2.802596928649634142e-45
-1.961817850054743899e-44
-2.942726775082115849e-44
-1.961817850054743899e-44
5.605193857299268284e-45
3.082856621514597556e-44
4.624284932271896334e-44
4.904544625136859748e-44
5.044674471569341455e-44
5.465064010866786577e-44
5.745323703731749991e-44
5.324934164434304870e-44
4.484155085839414627e-44
3.222986467947079263e-44
8.407790785948902426e-45
-2.382207389352189021e-44
-5.745323703731749991e-44
-1.008934894313868291e-43
-1.555441295400546949e-43
-2.129973665773721948e-43
-2.746544990076641459e-43
-3.447194222239049994e-43
-4.161856439044706701e-43
-5.030661486926093285e-43
-6.067622350526457917e-43
-7.356816937705289622e-43
-8.954297187035581083e-43
-1.097216697566331767e-42
-1.321424451858302498e-42
-1.580664667758393656e-42
-1.866529554480656338e-42
-2.190229499739689082e-42
-2.558770995857115972e-42
-2.973555341297261825e-42
-3.449996819167699629e-42
-4.004911011040327189e-42
-4.638297916915144505e-42
-5.369775715292699016e-42
-6.214758689280563710e-42
-7.187259823521986757e-42
-8.299890804195891511e-42
-9.562460720552551692e-42
-1.098898255723521547e-41
-1.259206800042280620e-41
-1.440114431786614504e-41
-1.645124397117335241e-41
-1.875217604959470204e-41
-2.133897301473831436e-41
-2.426488420824853240e-41
-2.757054728559077587e-41
-3.127277782833694257e-41
-3.539679920884487921e-41
-4.005051140886759670e-41
-4.528856506851376292e-41
-5.111936797856932675e-41
-5.760177467453593052e-41
-6.489553318134660337e-41
-7.305669543757433799e-41
-8.206844586164723658e-41
-9.202747404760371150e-41
-1.031944215098081787e-40
-1.156617739469060762e-40
-1.293538612418238638e-40
-1.444164184348513225e-40
-1.612586246775712989e-40
-1.800150046225589754e-40
-2.005019881709878010e-40
-2.228751194523978303e-40
-2.477621801788065815e-40
-2.753397339567189814e-40
-3.052560548715895011e-40
-3.377689818408539068e-40
-3.738538185956822712e-40
-4.137487858750098132e-40
-4.568723448161417337e-40
-5.035257745889078685e-40
-5.552140697439930709e-40
-6.122469172420131257e-40
-6.735453172654379237e-40
-7.395506788305297822e-40
-8.124854613017078611e-40
-8.926957853996603902e-40
-9.784426397301602716e-40
-1.070044119044609239e-39
-1.170601296844558112e-39
-1.280279526348797219e-39
-1.395766137987662693e-39
-1.517121387595120501e-39
-1.648253496588172558e-39
-1.788763094904486290e-39
-1.933611113266349656e-39
-2.082356142657500339e-39
-2.240674843156918172e-39
-2.408469123872100417e-39
-2.578694657422886221e-39
-2.750846976362118647e-39
-2.930992301741859831e-39
-3.114628261596234133e-39
-3.285262974298602783e-39
-3.432406319545030200e-39
-3.556463272591706255e-39
-3.651638062990183506e-39
-3.711504335983068341e-39
-3.762375674133452175e-39
-3.868943021046890188e-39
-4.100157267660485005e-39
-4.505607564029763251e-39
-5.104984956175417257e-39
-5.837190028455956348e-39
-6.469048117706195289e-39
-6.576324521642581660e-39
-5.659379266317780310e-39
-3.342636337323453769e-39
3.329779423913273572e-40
4.487883941052982965e-39
6.991859963059605615e-39
4.418561706022834265e-39
-7.191956975974403544e-39
-3.066274776526549131e-38
-6.519064103273955255e-38
-1.032343192796844349e-37
-1.279708020783106986e-37
-1.138025535652153381e-37
-3.223870407018375358e-38
1.354399695216916947e-37
3.785057371336706529e-37
6.345528758802372806e-37
7.738541401359575807e-37
6.053307582245932754e-37
-7.786809855638445580e-38
-1.401376578306412394e-36
-3.268945828985271459e-36
-5.204463571362956890e-36
-6.247606111798456306e-36
-5.012659039186075504e-36
-1.444979319665210971e-38
9.652082120295358834e-36
2.329226271928460542e-35
3.750502257005783880e-35
4.548491590616597345e-35
3.737000430169080715e-35
2.532167759296254760e-36
-6.569661717387511736e-35
-1.631503047817312079e-34
-2.671753100157649090e-34
-3.313468552829738354e-34
-2.876282459127255662e-34
-6.086771163545860373e-35
4.006352448073656372e-34
1.078328630631790328e-33
1.831031183419398687e-33
2.356440240367505690e-33
2.196568416880866690e-33
8.249432928013613009e-34
-2.156969134608533195e-33
-6.722677171607617232e-33
-1.206615710697101423e-32
-1.631233363699294522e-32
-1.649746224230394728e-32
-9.029650956653590220e-33
9.166896534267815662e-33
3.875285140197658252e-32
7.562563477166326073e-32
1.088627199087481777e-31
1.199936287309500250e-31
8.520839402394513894e-32
-1.814830887618350552e-32
-2.004411119423275385e-31
-4.449129979020496976e-31
-6.927159057135839892e-31
-8.349967075020849455e-31
-7.207724638196882487e-31
-1.892237690205097284e-31
8.662651393526019906e-31
2.407329487602650796e-30
4.151499229251052870e-30
5.499048337214496956e-30
5.540030772261565188e-30
3.203802518081395472e-30
-2.410560310315998836e-30
-1.151599277816964311e-29
-2.299671696423269496e-29
-3.384504098819743118e-29
-3.895239354285917520e-29
-3.161369165655129887e-29
-5.117168778847042716e-30
4.444020753950354146e-29
1.144174757696040754e-28
1.916779730850830571e-28
2.499369566797459118e-28
2.505818543216239777e-28
1.489645663707792638e-28
-9.211274543438971432e-29
-4.815002528005459355e-28
-9.748142561764603951e-28
-1.452759386744413322e-27
-1.712393809954262149e-27
-1.485737662961139278e-27
-4.979731168008788412e-28
1.430704503689765672e-27
4.245172916831244135e-27
7.503100277473991583e-27
1.026501940319337266e-26
1.109689402779232899e-26
8.258536283324174033e-27
1.528626124670325719e-28
-1.396252987362080700e-26
-3.309100782971874039e-26
-5.363077027120870798e-26
-6.886885741369278087e-26
-6.929895300738542737e-26
-4.417373933907202340e-26
1.542242483080917503e-26
1.119667137375597850e-25
2.361217968469466773e-25
3.619735102222860167e-25
4.449268196602870051e-25
4.249544885657080046e-25
2.376655483346576211e-25
-1.658725499456577445e-25
-7.913414290336727007e-25
-1.569565284504877807e-24
-2.330593303445042416e-24
-2.795413814628419202e-24
-2.599736275442668308e-24
-1.364006375012715366e-24
1.185302558709378678e-24
5.053594025709151449e-24
9.799683759675910729e-24
1.439159339073039152e-23
1.717163703948148453e-23
1.600423807344654933e-23
8.677501511867338700e-24
-6.404278117754494368e-24
-2.929545096520596193e-23
-5.751827198036480968e-23
-8.525614864264809264e-23
-1.031307522565465043e-22
-9.900648015896794455e-23
-6.014172673942953185e-23
2.312437038622656652e-23
1.523307321159581735e-22
3.153735137489955763e-22
4.819662451861744335e-22
6.018951151544675150e-22
6.085216477325198825e-22
4.295162593714480640e-22
5.513059749067888007e-24
-6.839425058008131036e-22
-1.590530589136307872e-21
-2.570769503373622680e-21
-3.372902053002778986e-21
-3.647713020581132246e-21
-2.995556636281579405e-21
-1.055464690159190494e-21
2.367178867315441798e-21
7.147254082764435625e-21
1.269017682719806904e-20
1.783450999189338171e-20
2.086214451461518280e-20
1.966910773324363300e-20
1.214777979770413037e-20
-3.219102600720818607e-21
-2.660788806783769726e-20
-5.605666009482914457e-20
-8.681596570867875115e-20
-1.111212850659628573e-19
-1.186610363493837045e-19
-9.797036055963708237e-20
-3.892076390696074876e-20
6.383738589279288128e-20
2.069095496320335882e-19
3.743773698987371417e-19
5.353035227639445738e-19
6.438967241580951691e-19
6.435715387797852601e-19
4.758023533514739106e-19
9.420053015436640773e-20
-5.174243240163405880e-19
-1.325603357128106388e-18
-2.230211280340971096e-18
-3.055460632958840589e-18
-3.555254946387108791e-18
-3.438170012222065383e-18
-2.415367181859687672e-18
-2.721372258017235063e-19
3.044229794987054994e-18
7.333362275963353874e-18
1.206612991742531766e-17
1.634970291750464764e-17
1.896124280587133939e-17
1.847221197336876432e-17
1.347588556359331720e-17
2.918694383684169855e-18
-1.349867273510792801e-17
-3.490843798294645866e-17
-5.893135115826248415e-17
-8.150780999235398248e-17
-9.702092063629597410e-17
-9.880411689616838862e-17
-8.008645561963676439e-17
-3.538382860714803430e-17
3.779338257045785244e-17
1.371392266672321193e-16
2.539652268307668282e-16
3.722415194535683104e-16
4.687288688900981791e-16
5.145891384785773216e-16
4.787214224479755670e-16
3.329372319372782491e-16
5.859545627256185110e-17
-3.460196293378413161e-16
-8.585955293194727760e-16
-1.427385935515938353e-15
-1.969188972040375463e-15
-2.372245153068361194e-15
-2.505164739525058207e-15
-2.232722733029580096e-15
-1.437836310381806690e-15
-4.793579147682779703e-17
1.937014849055394491e-15
4.419004343627101414e-15
7.184353887626157564e-15
9.899369769284047799e-15
1.212369099426804930e-14
1.334565291122909864e-14
1.304018403132899129e-14
1.074675931740914220e-14
6.162466235004257498e-15
-7.588285477205130615e-16
-9.714579367445155128e-15
-1.998361294963581919e-14
-3.039128803760011988e-14
-3.932424996527447703e-14
-4.480255413625428007e-14
-4.461078926512769549e-14
-3.648416543378975307e-14
-1.833605594019505763e-14
1.149672313594104697e-14
5.401911285906474403e-14
1.093833818010050973e-13
1.767678072060047123e-13
2.543543175560769587e-13
3.394206031688551395e-13
4.285515898313357885e-13
5.179600780398641025e-13
6.038859733450974154e-13
6.830337077184944761e-13
7.529991170526773026e-13
8.126298028585110522e-13
8.622675056607631561e-13
9.038335401292951765e-13
9.407355536922290540e-13
9.775908381415288062e-13
1.019793299285309818e-12
1.072972656904203070e-12
1.142404530349305780e-12
1.232445786050750947e-12
1.346072558972011279e-12
1.484582422273117430e-12
1.647499953301434505e-12
1.832712150443005505e-12
2.036811691530360235e-12
2.255606725704017990e-12
2.484727267687558694e-12
2.720252191903971273e-12
2.959261091381448772e-12
3.200239335685028941e-12
3.443277780956766065e-12
3.690036123882300956e-12
3.943480091084250461e-12
4.207431712061060480e-12
4.485999245684713088e-12
4.782965690175444706e-12
5.101227600057267608e-12
5.442367043140272642e-12
5.806405269787040524e-12
6.191778860464847156e-12
6.595524907476724152e-12
7.013637934316641065e-12
7.441536102603674152e-12
7.874569052379598588e-12
8.308466761808297463e-12
8.739682588743136193e-12
9.165568477798036184e-12
9.584364552006618965e-12
9.995016099495490636e-12
1.039685351700292415e-11
1.078920286445850252e-11
1.117097647024278828e-11
1.154032164968343821e-11
1.189438304793899448e-11
1.222919075033468417e-11
1.253971232406669856e-11
1.282002455582631484e-11
1.306358406866214850e-11
1.326353523539713919e-11
1.341302242885422658e-11
1.350543808731341500e-11
1.353460225839153708e-11
1.349482938589607883e-11
1.338091182995215789e-11
1.318802705929655872e-11
1.291159453659096457e-11
1.254715949194906699e-11
1.209026975756977151e-11
1.153642893020334625e-11
1.088110417740706382e-11
1.011981644316595208e-11
9.248273154238706439e-12
8.262542559867025460e-12
7.159246719762313305e-12
5.935705919835054800e-12
4.590088292094618438e-12
3.121507826525649065e-12
1.530073702286915971e-12
-1.831299733167854327e-13
-2.016058544065946201e-12
-3.965752205792316687e-12
-6.028392195156495603e-12
-8.199316225976360784e-12
-1.047303823525913558e-11
-1.284323168648793256e-11
-1.530269834459918599e-11
-1.784324771270107135e-11
-2.045561636743187250e-11
-2.312937168180706493e-11
-2.585280080291685323e-11
-2.861283605881670411e-11
-3.139498730431178330e-11
-3.418335753346823935e-11
-3.696063941016625165e-11
-3.970831302657629180e-11
-4.240678641576067776e-11
-4.503562453517240272e-11
-4.757379906683567583e-11
-5.000004230093502144e-11
-5.229311081378362758e-11
-5.443207343192035808e-11
-5.639656450173724522e-11
-5.816689838122890421e-11
-5.972422556510537106e-11
-6.105057431815552604e-11
-6.212893394197394059e-11
-6.294313681376451086e-11
-6.347791042804473705e-11
-6.371894678558476244e-11
-6.365288851561956562e-11
-6.326759949271121286e-11
-6.255230361462693622e-11
-6.149779296915625082e-11
-6.009670538986711108e-11
-5.834391303416452956e-11
-5.623667156950951096e-11
-5.377486997359959275e-11
-5.096121441505729877e-11
-4.780122825343013915e-11
-4.430334224481136118e-11
-4.047884596958262193e-11
-3.634188089352008433e-11
-3.190920097595473237e-11
-2.720010675028028402e-11
-2.223632389330987280e-11
-1.704180026262935854e-11
-1.164258880276269892e-11
-6.066614224864430582e-12
-3.434847892225256771e-13
5.495786985221240428e-12
1.141888146538594384e-11
1.739243991882855056e-11
2.338230130349838731e-11
2.935365492340302751e-11
3.527124425861671853e-11
4.109950227371150788e-11
4.680271101231703312e-11
5.234514210972207593e-11
5.769136557365328599e-11
6.280646835943315409e-11
6.765637355909959183e-11
7.220821857112369457e-11
7.643074367846836026e-11
8.029471532111642773e-11
8.377336324638662290e-11
8.684271357584094631e-11
8.948175533873836685e-11
9.167263476106413123e-11
9.340070383778709129e-11
9.465447869949628057e-11
9.542555634567406742e-11
9.570846892792417293e-11
9.550064905550215144e-11
9.480224938407388890e-11
9.361635772142662404e-11
9.194895539410552487e-11
8.980900051414053564e-11
8.720860145139397446e-11
8.416304458913614894e-11
8.069085677409049140e-11
7.681367347744938456e-11
7.255616940593512254e-11
6.794562829037786855e-11
6.301165839106559474e-11
5.778578657245070360e-11
5.230105931675055331e-11
4.659170271814616626e-11
4.069279635476874546e-11
3.464002348851913382e-11
2.846944902046288917e-11
2.221747091857295686e-11
1.592065541899945202e-11
9.615568757892489771e-12
3.338627117821513224e-12
-2.874138427255701345e-12
-8.987302221874493569e-12
-1.496637883069418251e-11
-2.077807023659339336e-11
-2.639061538745046676e-11
-3.177401397547185979e-11
-3.690022593039188337e-11
-4.174335530016115570e-11
-4.627971963988564141e-11
-5.048793674800045039e-11
-5.434898364686802097e-11
-5.784629372729277463e-11
-6.096573246239245236e-11
-6.369565985764324978e-11
-6.602702412594751991e-11
-6.795333740150510948e-11
-6.947076247598715781e-11
-7.057802953180924987e-11
-7.127638756987408897e-11
-7.156952114284464983e-11
-7.146344627173562003e-11
-7.096642717918655308e-11
-7.008879587822036683e-11
-6.884291747777382398e-11
-6.724304446592554996e-11
-6.530530283210822518e-11
-6.304753941144269902e-11
-6.048928025137456643e-11
-5.765156407822047413e-11
-5.455681045818394637e-11
-5.122857346662179623e-11
-4.769131270454529670e-11
-4.397021288737867906e-11
-4.009094098367249615e-11
-3.607937559824136997e-11
-3.196146125539200966e-11
-2.776308870300336906e-11
-2.351000817635284790e-11
-1.922768021189735776e-11
-1.494122880973947076e-11
-1.067533388077190892e-11
-6.454132801120282537e-12
-2.301034363050291631e-12
1.761437241724894687e-12
5.711819038578536123e-12
9.529885561243567338e-12
1.319679955591457343e-11
1.669526496217432765e-11
2.000955824643657621e-11
2.312558478045900756e-11
2.603088404551368029e-11
2.871463483655745108e-11
3.116762403720940711e-11
3.338222753779263030e-11
3.535241197005767333e-11
3.707373644190603557e-11
3.854340804854139435e-11
3.976026799468179718e-11
4.072473955285538239e-11
4.143883847174123503e-11
4.190612093446510755e-11
4.213161416966038075e-11
4.212164644856741802e-11
4.188381932945794972e-11
4.142687234920394701e-11
4.076062057323248666e-11
3.989581581764767293e-11
3.884408072973855042e-11
3.761784980738092088e-11
3.623027572396964047e-11
3.469509401998749354e-11
3.302651208070273015e-11
3.123910505276050742e-11
2.934768747464566729e-11
2.736713980433513882e-11
2.531228872337809577e-11
2.319780652293434997e-11
2.103812783704750444e-11
1.884732994672511097e-11
1.663907032989353496e-11
1.442653808914062807e-11
1.222239757320275899e-11
1.003870944704665646e-11
7.886854364036466336e-12
5.777487863123376144e-12
3.720490495545680787e-12
1.724922613598189880e-12
-2.010223449288792152e-13
-2.050009684576026281e-12
-3.815554643071816798e-12
-5.491995313383624122e-12
-7.074479890789575620e-12
-8.558953025483706512e-12
-9.942126982798171753e-12
-1.122144738241459549e-11
-1.239511618345012778e-11
-1.346208561292527861e-11
-1.442205296159349004e-11
-1.527541981793945070e-11
-1.602327298622086005e-11
-1.666735326144586082e-11
-1.720998343834878597e-11
-1.765398417730157377e-11
-1.800262022788601257e-11
-1.825953624412512966e-11
-1.842869953860848398e-11
-1.851433069355312711e-11
-1.852085325382279990e-11
-1.845288331858707664e-11
-1.831518096906403770e-11
-1.811260343098641812e-11
-1.785007038013208813e-11
-1.753254312564234141e-11
-1.716499685444627943e-11
-1.675235991593915230e-11
-1.629950167891802693e-11
-1.581119610238879147e-11
-1.529211479667225149e-11
-1.474680273727546620e-11
-1.417965311140134688e-11
-1.359490471586344285e-11
-1.299662287512770575e-11
-1.238868382880120578e-11
-1.177474610869477800e-11
-1.115823666103521461e-11
-1.054234477493309896e-11
-9.930009939318473755e-12
-9.323915771408675113e-12
-8.726500425049188436e-12
-8.139969601139718236e-12
-7.566311292783733933e-12
-7.007304025224980748e-12
-6.464521192656169646e-12
-5.939342333921571182e-12
-5.432964408219609354e-12
-4.946390519400267749e-12
-4.480432084369434520e-12
-4.035705363641950427e-12
-3.612648374895499614e-12
-3.211516339321485169e-12
-2.832391222604146996e-12
-2.475195829548804127e-12
-2.139710500795310999e-12
-1.825580919073699349e-12
-1.532324614417213127e-12
-1.259342565125554092e-12
-1.005933400813341372e-12
-7.713007749848843631e-13
-5.545570513215691832e-13
-3.547341999136921498e-13
-1.708014290982898253e-13
-1.674687262983079981e-15
1.537756060725550822e-13
2.967139066997054320e-13
4.283242597408198904e-13
5.498023369042426278e-13
6.623496239324677681e-13
7.671664952607626375e-13
8.654435675048421928e-13
9.583514537503390329e-13
1.047034529390311608e-12
1.132598680640695132e-12
1.216101221460097470e-12
1.298537232602425817e-12
1.380831321680375812e-12
1.463830467431093130e-12
1.548297622923355821e-12
1.634905535605191140e-12
1.724232518915402856e-12
1.816760717560095273e-12
1.912873288587024767e-12
2.012848871954520114e-12
2.116857687403661537e-12
2.224959149213501242e-12
2.337101866201063416e-12
2.453122557519171743e-12
2.572745185294711412e-12
2.695586592479926047e-12
2.821164092267625101e-12
2.948898720697701314e-12
3.078120657667993143e-12
3.208076165828188664e-12
3.337937348399377946e-12
3.466810822791432933e-12
3.593744442656476856e-12
3.717740525155388553e-12
3.837769078224306796e-12
3.952781678362438100e-12
4.061723613696388568e-12
4.163546677565799214e-12
4.257224347353760763e-12
4.341760891785062526e-12
4.416206549756607203e-12
4.479662734507838806e-12
4.531290273557253556e-12
4.570319383362386745e-12
4.596053572447633684e-12
4.607875712936415624e-12
4.605255846806821651e-12
4.587755956381167621e-12
4.555034301134686103e-12
4.506854524993775257e-12
4.443082620569915875e-12
4.363694735415313275e-12
4.268778906746373281e-12
4.158537229848047190e-12
4.033283689669486805e-12
3.893448931313603367e-12
3.739577657951853595e-12
3.572330799228584652e-12
3.392477271324523258e-12
3.200892242233299712e-12
2.998550409707978481e-12
2.786518411845850807e-12
2.565938997736716409e-12
2.338019318079420650e-12
2.104020516840998667e-12
1.865241685064522592e-12
1.623005115719555747e-12
1.378642425914344827e-12
1.133484148554964044e-12
8.888493240044592625e-13
6.460333570185161634e-13
4.062993973381889834e-13
1.708692730492331058e-13
-5.908415304321096295e-14
-2.824448574328952688e-13
-4.981609200670200632e-13
-7.052502028551121960e-13
-9.028053912091271727e-13
-1.089998317299611941e-12
-1.266087278420369167e-12
-1.430419259602910831e-12
-1.582433403063410182e-12
-1.721665128170957182e-12
-1.847750034575379452e-12
-1.960427263233976980e-12
-2.059540255353042859e-12
-2.145036535547428791e-12
-2.216967495000110588e-12
-2.275486656738712199e-12
-2.320844254624643277e-12
-2.353377692373981311e-12
-2.373503086780526239e-12
-2.381711798268848490e-12
-2.378559155191695140e-12
-2.364655563372175529e-12
-2.340658049326815870e-12
-2.307263104531220854e-12
-2.265197361281390265e-12
-2.215208268555035609e-12
-2.158057369958110705e-12
-2.094512280628735290e-12
-2.025342133588070581e-12
-1.951310857686849864e-12
-1.873172407115819560e-12
-1.791670327724870226e-12
-1.707535263358039845e-12
-1.621479643262868642e-12
-1.534193995803012633e-12
-1.446344563213464163e-12
-1.358568097430123967e-12
-1.271462644371335049e-12
-1.185577569277895815e-12
-1.101403907313724950e-12
-1.019364063645222807e-12
-9.398014051004155434e-13
-8.629720744425528611e-13
-7.890409246119611808e-13
-7.180838497607144877e-13
-6.500965130801228398e-13
-5.850056767134348412e-13
-5.226869826714664047e-13
-4.629852816233348545e-13
-4.057357748388223939e-13
-3.507800332754745787e-13
-2.979786556389640850e-13
-2.472163099231927674e-13
-1.983987789593716355e-13
-1.514403430132385542e-13
-1.062457278188863596e-13
-6.268974190671086633e-14
-2.059954312162715073e-14
2.025752646411891483e-14
6.017740152757314331e-14
9.951004050715722693e-14
1.386376771847150358e-13
1.779462265472792071e-13
2.177943291209807897e-13
2.584843688917259907e-13
3.002386750675101190e-13
3.431883954536224524e-13
3.873768168217994745e-13
4.327744759780038919e-13
4.793010606463088408e-13
5.268516200564177243e-13
5.753199566055355874e-13
6.246149973111736475e-13
6.746636669469063818e-13
7.254017265340140241e-13
7.767539324417260804e-13
8.286108886708387633e-13
8.808047607250513167e-13
9.330908441740337622e-13
9.851436073154973272e-13
1.036564822691488086e-12
1.086902486416296831e-12
1.135677489549902219e-12
1.182411373673586397e-12
1.226652351742074654e-12
1.267987451147867262e-12
1.306045657907539681e-12
1.340487616741103949e-12
1.370989693300073142e-12
1.397228144815743089e-12
1.418866760194426035e-12
1.435554366352453926e-12
1.446932634471820300e-12
1.452655270378633290e-12
1.452410240687651566e-12
1.445943083148992780e-12
1.433071326537027623e-12
1.413690236921893995e-12
1.387766746137331086e-12
1.355320478242660887e-12
1.316400656016514237e-12
1.271064308493163875e-12
1.219361092132109636e-12
1.161328411908302272e-12
1.096997709684743860e-12
1.026414847213330539e-12
9.496645006837334257e-13
8.668943926419536705e-13
7.783328560655167205e-13
6.842976164010694529e-13
5.851926473780799665e-13
4.814928837582055365e-13
3.737223204514084074e-13
2.624320032118543367e-13
1.481808789170410701e-13
3.152324931578361078e-14
-8.699661948946210699e-14
-2.068424912685801198e-13
-3.274789836006652965e-13
-4.483650863779109486e-13
-5.689490220096848905e-13
-6.886671679966205328e-13
-8.069453308681695525e-13
-9.232043298237901929e-13
-1.036864713012397576e-12
-1.147351094341053646e-12
-1.254094159248986262e-12
-1.356531532069327195e-12
-1.454107342348243126e-12
-1.546275694291887604e-12
-1.632505220415525482e-12
-1.712286237277871326e-12
-1.785140069619772785e-12
-1.850627723981590478e-12
-1.908356285496015659e-12
-1.957980435771111694e-12
-1.999197031879451636e-12
-2.031737842203562572e-12
-2.055358270733331771e-12
-2.069828683448626805e-12
-2.074925951542350155e-12
-2.070436270346087682e-12
-2.056162315064447021e-12
-2.031938853286341384e-12
-1.997645972251493873e-12
-1.953226859766066248e-12
-1.898700164107425259e-12
-1.834160644545446139e-12
-1.759777436619036628e-12
-1.675785486938974334e-12
-1.582473084862923152e-12
-1.480169394170449682e-12
-1.369234369982819111e-12
-1.250054205113870776e-12
-1.123039378506107688e-12
-9.886294257202554725e-13
-8.472952157598245826e-13
-6.995431252494743735e-13
-5.459191041931599209e-13
-3.870084591336975244e-13
-2.234354465769500253e-13
-5.586250388591069982e-14
1.150106621267479867e-13
2.884469735547207092e-13
4.636720694894957973e-13
6.398761186708623594e-13
8.162183494191121991e-13
9.918347610229916178e-13
1.165848125504742594e-12
1.337381919618019221e-12
1.505573552114392033e-12
1.669585693656050474e-12
1.828611480986230831e-12
1.981877335854864697e-12
2.128640579773799502e-12
2.268183687745284338e-12
2.399807999889369547e-12
2.522831553039561747e-12
2.636591032306734306e-12
2.740446758409120775e-12
2.833791794970563771e-12
2.916061923180501836e-12
2.986746483815694297e-12
3.045394015091518192e-12
3.091613553704575246e-12
3.125073116949650398e-12
3.145497100634497833e-12
3.152663676994627018e-12
3.146407830459385657e-12
3.126624610258477155e-12
3.093283008209768425e-12
3.046437668102752738e-12
2.986244281369399012e-12
2.912970212265442171e-12
2.826999485200376583e-12
2.728829532130938595e-12
2.619061217901119676e-12
2.498384745613924096e-12
2.367561442034871177e-12
2.227405109314628540e-12
2.078767279839466298e-12
1.922525506847794219e-12
1.759575341334085330e-12
1.590826862601923963e-12
1.417204027742702266e-12
1.239642936912144222e-12
1.059089990186612429e-12
8.765008033609356097e-13
6.928386358552585111e-13
5.090686444435277291e-13
3.261538446003992009e-13
1.450516952643948754e-13
-3.328940787849891947e-14
-2.079348656149407337e-13
-3.779695740419031225e-13
-5.425046805014599460e-13
-7.006844648764498640e-13
-8.516940408140327712e-13
-9.947687205219546414e-13
-1.129203284697122278e-12
-1.254358921419507222e-12
-1.369669243474203046e-12
-1.474645492521853285e-12
-1.568879249604082649e-12
-1.652043410925452260e-12
-1.723894789938673622e-12
-1.784275526807432843e-12
-1.833111787363783662e-12
-1.870414630469885431e-12
-1.896279791177568619e-12
-1.910885946004858837e-12
-1.914491785590111128e-12
-1.907433195766361500e-12
-1.890117402869595509e-12
-1.863019287451361805e-12
-1.826676180108344205e-12
-1.781685801498233968e-12
-1.728700190807563875e-12
-1.668424621549535747e-12
-1.601614240537285738e-12
-1.529070706857149631e-12
-1.451637963480190141e-12
-1.370197141511986239e-12
-1.285659187617860244e-12
-1.198956840926801437e-12
-1.111035525733217177e-12
-1.022841425273035565e-12
-9.353109649626323296e-13
-8.493581272334127519e-13
-7.658631216191091884e-13
-6.856612174734044718e-13
-6.095350461345072635e-13
-5.382081499222257648e-13
-4.723379890339551856e-13
-4.125123094673999180e-13
-3.592494953862795937e-13
-3.129973764979393502e-13
-2.741316288551454150e-13
-2.429554767004876714e-13
-2.196997331239611273e-13
-2.045210517869627820e-13
-1.975001244361798691e-13
-1.986398648649509435e-13
-2.078632811665023783e-13
-2.250117681155267002e-13
-2.498439009932656996e-13
-2.820343784903922568e-13
-3.211737787615215334e-13
-3.667687898181726247e-13
-4.182424534742573696e-13
-4.749360084897735756e-13
-5.361143928968303829e-13
-6.009716379054563795e-13
-6.686370207509284569e-13
-7.381844701476181214e-13
-8.086451430341923263e-13
-8.790190255368590666e-13
-9.482868049831560953e-13
-1.015422555067369004e-12
-1.079405987335080308e-12
-1.139232480053264940e-12
-1.193922564979299494e-12
-1.242529950457038623e-12
-1.284148568730936191e-12
-1.317918755898428440e-12
-1.343032564500579173e-12
-1.358740160314897416e-12
-1.364357086509893069e-12
-1.359270768858111822e-12
-1.342947129369387316e-12
-1.314937199924093303e-12
-1.274886446411827023e-12
-1.222540948683792372e-12
-1.157751845781707090e-12
-1.080482491672141165e-12
-9.908149604595517523e-13
-8.889535700433437437e-13
-7.752269963121061203e-13
-6.500900620771965510e-13
-5.141239539131758907e-13
-3.680329966563450350e-13
-2.126381617442371641e-13
-4.887007411160521064e-14
1.222381028863350760e-13
2.995607505541092452e-13
4.818927375194181906e-13
6.679605328054061264e-13
8.564318958875771770e-13
1.045926908450900417e-12
1.235031716652346123e-12
1.422309535772936506e-12
1.606309703305885961e-12
1.785577219935718940e-12
1.958665434703688035e-12
2.124145694407109097e-12
2.280615583535872126e-12
2.426709007352645386e-12
2.561105841292210528e-12
2.682543423504490931e-12
2.789823927429324613e-12
2.881823252254278600e-12
2.957502732298111781e-12
3.015920629553803245e-12
3.056239289422890693e-12
3.077731645928505344e-12
3.079793147939269282e-12
3.061949565424937347e-12
3.023860458903349091e-12
2.965323299408684221e-12
2.886279323183194023e-12
2.786815049560242841e-12
2.667161630443004583e-12
2.527694199783159235e-12
2.368929054655244393e-12
2.191517800564923846e-12
1.996243882002035619e-12
1.784013258301908600e-12
1.555844862666244666e-12
1.312861169604218059e-12
1.056279412894878256e-12
7.873993341026008785e-13
5.075912021430817322e-13
2.182852829697365382e-13
-7.903856876715492641e-14
-3.828638252788285623e-13
-6.916508923753006410e-13
-1.003846636891958521e-12
-1.317894144509113019e-12
-1.632243494011087481e-12
-1.945365309813373855e-12
-2.255758514008165960e-12
-2.561955855795439163e-12
-2.862533344041851002e-12
-3.156123582967462760e-12
-3.441424445763119344e-12
-3.717199291430883790e-12
-3.982289324688803589e-12
-4.235622703269159572e-12
-4.476225813621059757e-12
-4.703218283580445913e-12
-4.915818620221390489e-12
-5.113357220282166438e-12
-5.295275069122640232e-12
-5.461116368149498967e-12
-5.610531570582333316e-12
-5.743281284581458479e-12
-5.859232803800962230e-12
-5.958345795920028110e-12
-6.040666231110769502e-12
-6.106333754613002540e-12
-6.155572145755128233e-12
-6.188668501272420741e-12
-6.205966296413123473e-12
-6.207876660641042932e-12
-6.194866668252085873e-12
-6.167437220649940599e-12
-6.126121745303469979e-12
-6.071494002002353341e-12
-6.004162445005789550e-12
-5.924747237956440316e-12
-5.833875483390871253e-12
-5.732195967889097687e-12
-5.620363549563300865e-12
-5.499017907695247231e-12
-5.368776170161515537e-12
-5.230242888093483700e-12
-5.083993556004307024e-12
-4.930552927745468494e-12
-4.770383740804184924e-12
-4.603898859367738794e-12
-4.431452600706098366e-12
-4.253313413277171051e-12
-4.069665611450279386e-12
-3.880627590102658786e-12
-3.686248788853374592e-12
-3.486500367924638688e-12
-3.281279761790933946e-12
-3.070434097945939911e-12
-2.853767569477305699e-12
-2.631040350864477517e-12
-2.401975320032168071e-12
-2.166280826595978759e-12
-1.923660449681952045e-12
-1.673818202096999386e-12
-1.416457879807597742e-12
-1.151300409174549344e-12
-8.780887258627578795e-13
-5.965936295329599126e-13
-3.066096638734694402e-13
-7.957441705618104738e-15
2.995047244068460568e-13
6.158743762370300079e-13
9.412111931852984448e-13
1.275543147667701493e-12
1.618851862457415525e-12
1.971053528726507409e-12
2.332004814947774562e-12
2.701513708916469803e-12
3.079321519994238088e-12
3.465069594102421213e-12
3.858306035775527221e-12
4.258509777449459577e-12
4.665071280662846931e-12
5.077250252172316181e-12
5.494191473304210760e-12
5.914962963871062129e-12
6.338543405426388944e-12
6.763782676305618580e-12
7.189427438797357794e-12
7.614178385018099959e-12
8.036681563294845176e-12
8.455496719461663702e-12
8.869117246179669678e-12
9.276043475003881156e-12
9.674770533318888255e-12
1.006374584361369173e-11
1.044138126654603482e-11
1.080612248988144231e-11
1.115642560972629482e-11
1.149070855827050153e-11
1.180735197114923807e-11
1.210476770902024768e-11
1.238138844922298532e-11
1.263562258296824226e-11
1.286586982784942990e-11
1.307060362720768865e-11
1.324837115013188793e-11
1.339777681158560441e-11
1.351749788491840576e-11
1.360636256442226966e-11
1.366335950631070162e-11
1.368761094050485738e-11
1.367836920118659094e-11
1.363505836016187800e-11
1.355726468588169809e-11
1.344469934688730106e-11
1.329717065623459149e-11
1.311460922498453030e-11
1.289706102330923088e-11
1.264467697215110320e-11
1.235769906543504604e-11
1.203648812564406256e-11
1.168153941633054416e-11
1.129351386713883798e-11
1.087323200227308106e-11
1.042167567522067628e-11
9.940009752795742060e-12
9.429602931820824097e-12
8.891992177295637845e-12
8.328829813331051213e-12
7.741882655787346579e-12
7.133042420615076651e-12
6.504281488406427059e-12
5.857572239753583432e-12
5.194902667760015191e-12
4.518327118702147871e-12
3.829932898602450564e-12
3.131789532567763601e-12
2.425981074014038619e-12
1.714678420951243343e-12
1.000120992966646583e-12
2.845286126932494719e-13
-4.298787075005666702e-13
-1.140831678257681059e-12
-1.846049571888053187e-12
-2.543365257984264716e-12
-3.230716692434465465e-12
-3.906082055027404465e-12
-4.567513034459125265e-12
-5.213226985517627199e-12
-5.841576354581601294e-12
-6.450966497095755869e-12
-7.039856978613423522e-12
-7.606843106799932031e-12
-8.150621670643953820e-12
-8.669935429306274699e-12
-9.163590893035422624e-12
-9.630553299277977430e-12
-1.006996656199854456e-11
-1.048111597512502158e-11
-1.086345336603899980e-11
-1.121667082132349336e-11
-1.154068854369860730e-11
-1.183560194295552037e-11
-1.210166168663651121e-11
-1.233928584309929022e-11
-1.254901738079183815e-11
-1.273147906544203067e-11
-1.288733529614116691e-11
-1.301729123798223142e-11
-1.312208414844251436e-11
-1.320248424474534943e-11
-1.325927735662535412e-11
-1.329327533466928557e-11
-1.330532906074211041e-11
-1.329634839730697848e-11
-1.326727182976439323e-11
-1.321904391504702403e-11
-1.315262135315187209e-11
-1.306897992603417435e-11
-1.296907459896745607e-11
-1.285378140730708552e-11
-1.272390005857548800e-11
-1.258019296374035534e-11
-1.242334707329817434e-11
-1.225393050918732740e-11
-1.207241858564023218e-11
-1.187925018769631080e-11
-1.167480175034985024e-11
-1.145933608420746097e-11
-1.123302666161674068e-11
-1.099602093407314740e-11
-1.074841344400612186e-11
-1.049018857890438028e-11
-1.022125092897674392e-11
-9.941482533026846369e-12
-9.650722061771421778e-12
-9.348714510859501559e-12
-9.035149364788885862e-12
-8.709714373333898862e-12
-8.372087745289746863e-12
-8.021898249832570826e-12
-7.658763380435917867e-12
-7.282338794489806588e-12
-6.892323517471155014e-12
-6.488433054729902949e-12
-6.070445795341994355e-12
-5.638246813877145769e-12
-5.191847819718820034e-12
-4.731369376148597539e-12
-4.257073860092219775e-12
-3.769390615609991002e-12
-3.268908147641136352e-12
-2.756355690566869576e-12
-2.232603425050827539e-12
-1.698656840187773298e-12
-1.155654565099251130e-12
-6.048456006879643354e-13
-4.758694116925935025e-14
5.146645913264857874e-13
1.080344472735583761e-12
1.647778267999111534e-12
2.215176826692033529e-12
2.780647023400972806e-12
3.342185469351610649e-12
3.897676886105427840e-12
4.444916656964892354e-12
4.981636197304295521e-12
5.505514013431911380e-12
6.014182641483900582e-12
6.505268979745126856e-12
6.976435488331711454e-12
7.425391031212758008e-12
7.849905621359898333e-12
8.247841645769860008e-12
8.617197233551365798e-12
8.956105822244264658e-12
9.262839627266483689e-12
9.535842601660071693e-12
9.773751252772910902e-12
9.975393774896978982e-12
1.013977790620401720e-11
1.026611261278898013e-11
1.035381502756393957e-11
1.040249917455549067e-11
1.041196642792563409e-11
1.038222546129174972e-11
1.031350352342919052e-11
1.020624557090954454e-11
1.006111600282411089e-11
9.879015140656921545e-12
9.661092238710811131e-12
9.408734208404823107e-12
9.123558679380305847e-12
8.807409662692222696e-12
8.462347142468296113e-12
8.090618452971654051e-12
7.694640064004332203e-12
7.276981101034252220e-12
6.840348600045675909e-12
6.387562354048803570e-12
5.921535397440669257e-12
5.445266199749498881e-12
4.961811777420832570e-12
4.474265576093205965e-12
3.985726679256451632e-12
3.499270534793041953e-12
3.017911007902052134e-12
2.544565036108337175e-12
2.082019235835619320e-12
1.632904315235217396e-12
1.199674365924552344e-12
7.845988398910708206e-13
3.897608689788778502e-13
1.706038027591682410e-14
-3.317810436109791539e-13
-6.552090142143696117e-13
-9.518314955658802035e-13
-1.220418948191803743e-12
-1.459914762864944482e-12
-1.669441820027761647e-12
-1.848320541758541324e-12
-1.996088190570066701e-12
-2.112519143990243542e-12
-2.197635736583825050e-12
-2.251716608309140000e-12
-2.275302776050258657e-12
-2.269192646286999349e-12
-2.234427053104948158e-12
-2.172271910960699159e-12
-2.084201301127963646e-12
-1.971874052930644439e-12
-1.837104903965047775e-12
-1.681844767620344072e-12
-1.508161325859680435e-12
-1.318218754639555179e-12
-1.114255172504630131e-12
-8.985663775551433474e-13
-6.734930538612737827e-13
-4.414056197377808077e-13
-2.046907023219024513e-13
3.425816623653724080e-14
2.730497848223850665e-13
5.093057052485416847e-13
7.406723346627119842e-13
9.648319469757193900e-13
1.179515794931529360e-12
1.382523869691842933e-12
1.571740892818140889e-12
1.745155452440028121e-12
1.900878759952817632e-12
2.037168177204673469e-12
2.152444455311153249e-12
2.245309623991054160e-12
2.314561519875524276e-12
2.359205929572394389e-12
2.378463094879212925e-12
2.371774217996280854e-12
2.338804930973603646e-12
2.279446379913063758e-12
2.193812839723641162e-12
2.082240196238371865e-12
1.945282043086526969e-12
1.783703935422098485e-12
1.598475475247940203e-12
1.390760770436649807e-12
1.161907592708844028e-12
9.134359935103475436e-13
6.470251851659059028e-13
3.645002594025725795e-13
6.781895330694107105e-14
-2.409393485506422516e-13
-5.595857436278828256e-13
-8.858337782920167047e-13
-1.217311733185677536e-12
-1.551574732409910506e-12
-1.886118431576599974e-12
-2.218395606101708495e-12
-2.545832902128841724e-12
-2.865852954253567120e-12
-3.175893575901866939e-12
-3.473434647544015874e-12
-3.756019800738030767e-12
-4.021280270577465288e-12
-4.266958314458335622e-12
-4.490928462441701186e-12
-4.691217032892769367e-12
-4.866016877630441329e-12
-5.013702127076857806e-12
-5.132841634364337935e-12
-5.222208082633628123e-12
-5.280788827055626911e-12
-5.307793267406157867e-12
-5.302655450151183558e-12
-5.265043175745054427e-12
-5.194857998630508789e-12
-5.092233058834327863e-12
-4.957536985095156723e-12
-4.791370859097421331e-12
-4.594563011300900612e-12
-4.368164684132036513e-12
-4.113437888919602159e-12
-3.831847599639059965e-12
-3.525052211933443758e-12
-3.194887713761640491e-12
-2.843357927578837874e-12
-2.472619114665675077e-12
-2.084964579457393441e-12
-1.682810249654942414e-12
-1.268676895309350794e-12
-8.451721310656634678e-13
-4.149733941888333888e-13
1.919186414878291252e-14
4.545673191157229009e-13
8.883883212407184260e-13
1.317902818126492903e-12
1.740392010195213057e-12
2.153191253767561264e-12
2.553710064592817908e-12
2.939448380881448664e-12
3.308014886321819503e-12
3.657145766777780693e-12
3.984719672278647096e-12
4.288774630573088942e-12
4.567518238629553196e-12
4.819347178275368293e-12
5.042854588771517044e-12
5.236842643557837462e-12
5.400329489146926676e-12
5.532554882975437849e-12
5.632987132297984090e-12
5.701318757378448510e-12
5.737464756766508245e-12
5.741562173616765463e-12
5.713959253667022509e-12
5.655208940025246989e-12
5.566062367956536860e-12
5.447456288137919600e-12
5.300505694083579300e-12
5.126489944357048856e-12
4.926844088953830081e-12
4.703143256790109916e-12
4.457089645276690604e-12
4.190499943573788855e-12
3.905291021122359041e-12
3.603467134058457866e-12
3.287101927457181105e-12
2.958329111193980232e-12
2.619326413752509630e-12
2.272299319192039313e-12
1.919467839880950599e-12
1.563052205028059305e-12
1.205257356591549200e-12
8.482565778261674794e-13
4.941765855033530830e-13
1.450825543687292440e-13
-1.970374547115988362e-13
-5.302874025309156636e-13
-8.528772848549748264e-13
-1.163134042206359631e-12
-1.459512740699386857e-12
-1.740605923283844447e-12
-2.005152337572480015e-12
-2.252040351077844171e-12
-2.480313046962501211e-12
-2.689172018746632808e-12
-2.877976502946300030e-12
-3.046244896956484816e-12
-3.193651289604138022e-12
-3.320024160105572442e-12
-3.425341607576903868e-12
-3.509726363704057661e-12
-3.573441455934078803e-12
-3.616881100176883024e-12
-3.640564846113525377e-12
-3.645131939344903316e-12
-3.631332864614811307e-12
-3.600020889032995441e-12
-3.552145340021684028e-12
-3.488743365379076700e-12
-3.410930392300226544e-12
-3.319890586397922227e-12
-3.216866226521397643e-12
-3.103147513255910539e-12
-2.980061510060583174e-12
-2.848960000204070475e-12
-2.711206259498055715e-12
-2.568163346913787670e-12
-2.421181527836879788e-12
-2.271585480481674857e-12
-2.120659984422568201e-12
-1.969640379614889802e-12
-1.819701507532744955e-12
-1.671946001785551417e-12
-1.527395722920876775e-12
-1.386985470051838032e-12
-1.251557451426021927e-12
-1.121856405515708754e-12
-9.985261315709204055e-13
-8.821075922656185231e-13
-7.730388594875958752e-13
-6.716558732799970954e-13
-5.781943934052291567e-13
-4.927924930099580880e-13
-4.154947870135816679e-13
-3.462579073292004761e-13
-2.849549751975793965e-13
-2.313796127351858134e-13
-1.852511742096718539e-13
-1.462211834902735208e-13
-1.138792158445964264e-13
-8.775813599036161317e-14
-6.734085403019285376e-14
-5.206808427341350076e-14
-4.134582623103663646e-14
-3.455240176549086162e-14
-3.104634266142512755e-14
-3.017524381407343803e-14
-3.128435553147179693e-14
-3.372504031140359515e-14
-3.686333465043045710e-14
-4.008871075269863915e-14
-4.282277047610964782e-14
-4.452634008028644175e-14
-4.470574843477848059e-14
-4.291874947342892710e-14
-3.877971958853899948e-14
-3.196276115958671116e-14
-2.220394380240530569e-14
-9.302901026288831060e-15
6.876340097236024670e-15
2.640617928581934920e-14
4.929729381327775661e-14
7.550143371832032657e-14
1.049143478798648943e-13
1.373791759604753304e-13
1.726903396757212272e-13
2.105984250920858725e-13
2.508140450972057289e-13
2.930114375958303707e-13
3.368325854780779283e-13
3.818922717120643018e-13
4.277823754950116353e-13
4.740761819568839464e-13
5.203332339651089988e-13
5.661048344506036667e-13
6.109397384691794830e-13
6.543894657921878188e-13
6.960138845477081837e-13
7.353870117021710229e-13
7.721026509116546421e-13
8.057793798518786410e-13
8.360654833380887219e-13
8.626432359236380076e-13
8.852331302884597353e-13
9.035970214253674637e-13
9.175403492545086692e-13
9.269142528176010920e-13
9.316167629003224704e-13
9.315924767716587951e-13
9.268325039737956850e-13
9.173729484390769073e-13
9.032936616575060196e-13
8.847154779612065312e-13
8.617980461200769327e-13
8.347362514746214934e-13
8.037570717496500539e-13
7.691170291791726843e-13
7.310988836897736043e-13
6.900076755626816105e-13
6.461677980879043659e-13
5.999203954790144344e-13
5.516203813171749459e-13
5.016322643727755271e-13
4.503273567848381509e-13
3.980808196100971141e-13
3.452687354771333261e-13
2.922648830849111645e-13
2.394379182771300130e-13
1.871482976185598335e-13
1.357456085471914209e-13
8.556522867629243190e-14
3.692529341645621466e-14
-9.875791760164277094e-15
-5.456163407364933438e-14
-9.688011162614987293e-14
-1.366053266598638016e-13
-1.735384839302023252e-13
-2.075085844257737455e-13
-2.383733672690208083e-13
-2.660194384652286859e-13
-2.903619727469275436e-13
-3.113440223950075803e-13
-3.289357447446711324e-13
-3.431336432439119344e-13
-3.539595645665055690e-13
-3.614594246744567974e-13
-3.657015825147408306e-13
-3.667756202918592834e-13
-3.647909882151245675e-13
-3.598756221408899725e-13
-3.521741817440193767e-13
-3.418466952651716406e-13
-3.290672313631393120e-13
-3.140222999166442097e-13
-2.969090630907528228e-13
-2.779337903487805184e-13
-2.573097984681638195e-13
-2.352554728714956189e-13
-2.119923973777776416e-13
-1.877433077708198783e-13
-1.627302079979658922e-13
-1.371724457112366569e-13
-1.112848149135287068e-13
-8.527552985580430511e-14
-5.934477491668574411e-14
-3.368329852776290323e-14
-8.470779247037995424e-15
1.612527792500470514e-14
3.995017004384572579e-14
6.286265860069514821e-14
8.473538710973560484e-14
1.054551546997642419e-13
1.249231837766040520e-13
1.430550827536541947e-13
1.597807444079363259e-13
1.750441696972415695e-13
1.888035897328749213e-13
2.010312082816392842e-13
2.117126461122220693e-13
2.208464937617990453e-13
2.284438100925295645e-13
2.345272413772914177e-13
2.391303843309044996e-13
2.422967967756484153e-13
2.440791980421602725e-13
2.445386829228596293e-13
2.437439898354820667e-13
2.417704437259610151e-13
2.386990616016354538e-13
2.346156038543489863e-13
2.296092732178428575e-13
2.237714408302032831e-13
2.171950499226665832e-13
2.099736400376639445e-13
2.022005203246649008e-13
1.939679563885479685e-13
1.853668856865303693e-13
1.764860908240115100e-13
1.674112237726177455e-13
1.582240062711001705e-13
1.490013624635966316e-13
1.398148225884368601e-13
1.307297911416760439e-13
1.218051267487529898e-13
1.130928169038383779e-13
1.046376730379737496e-13
9.647720177006352538e-14
8.864129319875041491e-14
8.115211925846174679e-14
7.402417437699093661e-14
6.726420093659812860e-14
6.087141289070827077e-14
5.483812256829208309e-14
4.915029971561124533e-14
4.378836770718881610e-14
3.872806074315185421e-14
3.394150127514032611e-14
2.939810463749477354e-14
2.506544979712609089e-14
2.090999424932300788e-14
1.689764661202443341e-14
1.299383015329049970e-14
9.163853791733459625e-15
5.372909555418844962e-15
1.585910586814304017e-15
-2.232551632374234728e-15
-6.117980064614461644e-15
-1.010566972578551617e-14
-1.423030767386864598e-14
-1.852542540214680705e-14
-2.302247409098449882e-14
-2.774987677795978658e-14
-3.273209069239169100e-14
-3.798864163778031822e-14
-4.353329898171623413e-14
-4.937327944491004539e-14
-5.550872871702867972e-14
-6.193253510944699003e-14
-6.863026856887555205e-14
-7.558044495164020771e-14
-8.275498342147358244e-14
-9.011988068774109961e-14
-9.763599027575245448e-14
-1.052600525188254754e-13
-1.129456500114506268e-13
-1.206442850351999163e-13
-1.283060842901390108e-13
-1.358806730328288026e-13
-1.433176494147758717e-13
-1.505670046107743243e-13
-1.575792583441773531e-13
-1.643054588868972377e-13
-1.706973863473126851e-13
-1.767075662227959865e-13
-1.822891338744414558e-13
-1.873955228189408406e-13
-1.919803698608932296e-13
-1.959969729917188097e-13
-1.993979932340614325e-13
-2.021349125407023717e-13
-2.041577356389628894e-13
-2.054148545054326758e-13
-2.058538886226535247e-13
-2.054228233914004442e-13
-2.040708639398924884e-13
-2.017501291896872662e-13
-1.984181861782591261e-13
-1.940407063543217459e-13
-1.885932274063584213e-13
-1.820636062700373148e-13
-1.744543366103551429e-13
-1.657843648602760900e-13
-1.560901879754314492e-13
-1.454261109321355883e-13
-1.338635419959738337e-13
-1.214892037882178699e-13
-1.084032901421325135e-13
-9.471662007227293900e-14
-8.054676175171804342e-14
-6.601404129282298361e-14
-5.123875092662502628e-14
-3.633779475237242096e-14
-2.142181051956962984e-14
-6.593016893741881004e-15
8.056565736270539235e-15
2.244583608335039976e-14
3.650416218760853260e-14
5.017016465355510213e-14
6.339173570834091831e-14
7.612407747345159570e-14
8.832665095203154348e-14
9.996030289312687889e-14
1.109857784018300486e-13
1.213608206984684301e-13
1.310377858738248635e-13
1.399622876364220447e-13
1.480716184431088434e-13
1.552944920010443375e-13
1.615524391779948887e-13
1.667625727178739803e-13
1.708383190772086446e-13
1.736933080004332552e-13
1.752464682701002086e-13
1.754271099045634497e-13
1.741784749200933624e-13
1.714627382133973588e-13
1.672647345065877977e-13
1.615942487242713610e-13
1.544886993939259545e-13
1.460136265368783270e-13
1.362599947154000124e-13
1.253396529361100464e-13
1.133831459168392619e-13
1.005339000524803350e-13
8.694003091232194169e-14
7.274674027231420315e-14
5.809071892135322934e-14
4.309464433525575511e-14
2.786262872170059551e-14
1.247830811389964017e-14
-2.997351021219061759e-15
-1.852382450987649642e-14
-3.407670128604926851e-14
-4.964199217709699963e-14
-6.521236187769646753e-14
-8.077905206717306275e-14
-9.632360420354021957e-14
-1.118115948678215232e-13
-1.271864287066132304e-13
-1.423636192656244082e-13
-1.572287899919214138e-13
-1.716387584361003804e-13
-1.854204723789054654e-13
-1.983748994065226423e-13
-2.102851042167647178e-13
-2.209255727577547068e-13
-2.300687852035965264e-13
-2.374954887699592954e-13
-2.430050518448245711e-13
-2.464238123452144880e-13
-2.476129381829422771e-13
-2.464741193260178154e-13
-2.429508146311459837e-13
-2.370263002798161933e-13
-2.287244287198231252e-13
-2.181052647515224763e-13
-2.052551515254255610e-13
-1.902777658742763056e-13
-1.732871252090387171e-13
-1.543999438935808599e-13
-1.337260787130298278e-13
-1.113625183279780273e-13
-8.738727108473579031e-14
-6.185946665928504506e-14
-3.481986766517945753e-14
-6.294004522482219560e-15
2.370574846448023076e-14
5.517029839701911853e-14
8.808608681874774415e-14
1.224289902313283052e-13
1.581562029777383582e-13
1.951969266561145999e-13
2.334488396864287107e-13
2.727782734933403841e-13
3.130153471489482975e-13
3.539531948787422166e-13
3.953533735199382670e-13
4.369531266760345867e-13
4.784680139070796034e-13
5.195972775304258384e-13
5.600314591409916165e-13
5.994581458827752396e-13
6.375686111871614603e-13
6.740604710682440714e-13
7.086376299127172818e-13
7.410104431102015887e-13
7.708975601969370040e-13
7.980240275019812035e-13
8.221152708251522334e-13
8.428948728225749143e-13
8.600830551236393617e-13
8.733977083230648475e-13
8.825521693664462042e-13
8.872577694253591662e-13
8.872252433601846011e-13
8.821736201779228903e-13
8.718345056307752472e-13
8.559595090010252427e-13
8.343259893725529786e-13
8.067495781659272946e-13
7.730887327875302084e-13
7.332467424035760128e-13
6.871772573711909526e-13
6.348906860312308886e-13
5.764493157985051131e-13
5.119602116375465695e-13
4.415748365918514828e-13
3.654872086401861342e-13
2.839241699820888032e-13
1.971370251286144737e-13
1.053983425059260015e-13
9.002607517696447487e-15
-9.173518607068220643e-14
-1.964791312503502696e-13
-3.048707662191285639e-13
-4.165202796384270822e-13
-5.309973923235677962e-13
-6.478246758478967138e-13
-7.664711964075476835e-13
-8.863449254062349958e-13
-1.006784824779394238e-12
-1.127061551725594413e-12
-1.246376916605451690e-12
-1.363869737633360835e-12
-1.478623321872485352e-12
-1.589678475660827317e-12
-1.696046406617079949e-12
-1.796728672960601347e-12
-1.890733229703567275e-12
-1.977091667465513680e-12
-2.054876451287879213e-12
-2.123222170996585945e-12
-2.181333455877898508e-12
-2.228492130412762506e-12
-2.264068489979398358e-12
-2.287530408151550176e-12
-2.298438349368492339e-12
-2.296442550009381023e-12
-2.281283235233688700e-12
-2.252790402140769643e-12
-2.210880133482473475e-12
-2.155547225088372265e-12
-2.086864535344457039e-12
-2.004987972523131212e-12
-1.910156928464079584e-12
-1.802696880659482304e-12
-1.683023295381835815e-12
-1.551651602343939729e-12
-1.409204350433235220e-12
-1.256415002419408733e-12
-1.094132380183299169e-12
-9.233247846851533325e-13
-7.450796707039741840e-13
-5.605962200526393158e-13
-3.711792158356264082e-13
-1.782279158242180972e-13
1.677858427282657994e-14
2.123000804018018717e-13
4.067550604062303288e-13
5.985432960896319710e-13
7.860653859596833382e-13
9.677433550694947151e-13
1.142043599446085356e-12
1.307497187776063274e-12
1.462712546571043326e-12
1.606388958484694651e-12
1.737329355898376004e-12
1.854453656607857326e-12
1.956802341690488944e-12
2.043543285978888235e-12
2.113976311710064060e-12
2.167541320041710406e-12
2.203820893137420356e-12
2.222546365698852000e-12
2.223599342848769922e-12
2.207018422184514606e-12
2.173006132671906343e-12
2.121929802006983223e-12
2.054324592382084091e-12
1.970896102571062514e-12
1.872519717407983286e-12
1.760234427834739268e-12
1.635237735150840699e-12
1.498877953177990552e-12
1.352641956775535448e-12
1.198138485127009378e-12
1.037081553446894677e-12
8.712706662909741606e-13
7.025708682363573931e-13
5.328906261571619840e-13
3.641576786211214722e-13
1.982965929046148768e-13
3.720981178343893414e-14
-1.172439830767965652e-13
-2.632721243702590419e-13
-3.991671088717646532e-13
-5.233211867322618005e-13
-6.342435257544742910e-13
-7.305749972000286085e-13
-8.111019451570444794e-13
-8.747681940791951494e-13
-9.206874629005823429e-13
-9.481506291902919159e-13
-9.566354869719462251e-13
-9.458151492905408908e-13
-9.155640655345020917e-13
-8.659585093266641831e-13
-7.972793432398095348e-13
-7.100129945786237684e-13
-6.048471727811144394e-13
-4.826641473651416270e-13
-3.445334837738622813e-13
-1.917022991087050099e-13
-2.558194507737334561e-14
1.522683075547842657e-13
3.401564511833210513e-13
5.362756137598789774e-13
7.387218007443019374e-13
9.455159094909348916e-13
1.154623271992782918e-12
1.363969267392795004e-12
1.571460084455467143e-12
1.775003755088988555e-12
1.972528911042825683e-12
2.162000396419005988e-12
2.341438674891005434e-12
2.508937719039594505e-12
2.662681707066294479e-12
2.800960418464226720e-12
2.922187014933741445e-12
3.024910833968053048e-12
3.107834302407130878e-12
3.169825730023334565e-12
3.209933620990090830e-12
3.227396431701445856e-12
3.221650810708576174e-12
3.192340489177603047e-12
3.139320400857847915e-12
3.062655814720094405e-12
2.962620817073546853e-12
2.839696360001919828e-12
2.694564189831272216e-12
2.528094487225240883e-12
2.341334374642012328e-12
2.135494905908252861e-12
1.911937405271735280e-12
1.672152433879192657e-12
1.417741033078734336e-12
1.150401063472472618e-12
8.719096408413284927e-13
5.841019399925595490e-13
2.888536577896200219e-13
-1.193203962555639680e-14
-3.163396465350604148e-13
-6.224581397193396093e-13
-9.283941887830438056e-13
-1.232281746262053890e-12
-1.532293064133993798e-12
-1.826649942415770056e-12
-2.113634354344862132e-12
-2.391594734751922857e-12
-2.658954870518592806e-12
-2.914222248934228432e-12
-3.155996080791978464e-12
-3.382974672963556806e-12
-3.593958681005759992e-12
-3.787859782777847073e-12
-3.963706966814140031e-12
-4.120646966004892775e-12
-4.257953364894540016e-12
-4.375027683883869756e-12
-4.471398945549154291e-12
-4.546727144089102168e-12
-4.600804112686596170e-12
-4.633547451976527398e-12
-4.644997927960581308e-12
-4.635317303602892736e-12
-4.604782267297879983e-12
-4.553777927657209901e-12
-4.482786537807204041e-12
-4.392384893303624693e-12
-4.283236959556901979e-12
-4.156080427725195037e-12
-4.011718908458750121e-12
-3.851018462452948654e-12
-3.674899794192665325e-12
-3.484330012015757205e-12
-3.280315472378725339e-12
-3.063899828292804273e-12
-2.836161860919617084e-12
-2.598208757517705969e-12
-2.351172425155145795e-12
-2.096209273869109602e-12
-1.834498265101958125e-12
-1.567237116993636104e-12
-1.295638618094285821e-12
-1.020927808438598650e-12
-7.443408411335339370e-13
-4.671188024059358401e-13
-1.905038762373481576e-13
8.426609019937525424e-14
3.559618691386517986e-13
6.233685984936843116e-13
8.852911893147963340e-13
1.140560627714559683e-12
1.388038013520886960e-12
1.626620062603056915e-12
1.855242738948992276e-12
2.072888085138946401e-12
2.278588342313758730e-12
2.471428443839851496e-12
2.650549701596616181e-12
2.815156744870317418e-12
2.964521423481913942e-12
3.097984976191403561e-12
3.214962801187382091e-12
3.314950744459643772e-12
3.397531171331347188e-12
3.462372966459015267e-12
3.509234786439052733e-12
3.537972649222953514e-12
3.548542753042949194e-12
3.541001693252443516e-12
3.515507980209053862e-12
3.472324858200259712e-12
3.411820088602968148e-12
3.334463347798299893e-12
3.240823408245940840e-12
3.131566403760666084e-12
3.007451059022780981e-12
2.869324135928996711e-12
2.718113711538960864e-12
2.554824624426133006e-12
2.380533704188225741e-12
2.196382832553300801e-12
2.003571353964561652e-12
1.803347401962973606e-12
1.597003345538139385e-12
1.385865706048095003e-12
1.171286808862581630e-12
9.546353508041449665e-13
7.372864796982570024e-13
5.206128497053930104e-13
3.059732371982204491e-13
9.470056032759299747e-14
-1.119092543785081550e-13
-3.126069824006816322e-13
-5.062006586467604485e-13
-6.915671919675847601e-13
-8.676621704103992805e-13
-1.033526129262662963e-12
-1.188291869416713276e-12
-1.331191342053561488e-12
-1.461560256502125732e-12
-1.578840573904227718e-12
-1.682581916677416967e-12
-1.772442869557577794e-12
-1.848191521700015549e-12
-1.909702864594242655e-12
-1.956956515239416383e-12
-1.990034222479342141e-12
-2.009118132278997493e-12
-2.014485583554104231e-12
-2.006505638724176421e-12
-1.985634746903830461e-12
-1.952413274455833125e-12
-1.907460083980239141e-12
-1.851466679622659761e-12
-1.785190918701662355e-12
-1.709450398075518240e-12
-1.625114322625909047e-12
-1.533095373741633072e-12
-1.434340059919270161e-12
-1.329819284204281082e-12
-1.220518586371455161e-12
-1.107428493525575153e-12
-9.915335696594751447e-13
-8.738034167760089233e-13
-7.551834591695838483e-13
-6.365870829604103331e-13
-5.188875587883168272e-13
-4.029118618603666491e-13
-2.894353322551584951e-13
-1.791777717950054916e-13
-7.280010334799122407e-14
2.909775353066197667e-14
1.259780718328509796e-13
2.173657711072515819e-13
3.028490544280948438e-13
3.820797031626327334e-13
4.547723417465399098e-13
5.207035974272300471e-13
5.797118427658398687e-13
6.316953253884816100e-13
6.766114361497765906e-13
7.144744323082929949e-13
7.453534317525267738e-13
7.693702445965566739e-13
7.866965542543957746e-13
7.975509358840171537e-13
8.021941401079035749e-13
8.009253525155524134e-13
7.940774231739167188e-13
7.820121503479549041e-13
7.651144800190079476e-13
7.437878980255663297e-13
7.184491174726248541e-13
6.895236335027754571e-13
6.574403022853447798e-13
6.226275463087904694e-13
5.855094512528802309e-13
5.465025133821743708e-13
5.060128748304859592e-13
4.644333420449064942e-13
4.221415697471669892e-13
3.794984346303792444e-13
3.368461651102883092e-13
2.945069047573939391e-13
2.527819262503755438e-13
2.119508995396257589e-13
1.722708754077137416e-13
1.339755942905002106e-13
9.727519489780359074e-14
6.235609224065560841e-14
2.938105555833243898e-14
-1.510542971596155661e-15
-3.020234548025378662e-14
-5.660042882516327922e-14
-8.063225786928210348e-14
-1.022460517944787095e-13
-1.214100163720449599e-13
-1.381111615047017627e-13
-1.523539459738834645e-13
-1.641592135663560992e-13
-1.735630140043548097e-13
-1.806153696656126462e-13
-1.853792726963510162e-13
-1.879297634394330729e-13
-1.883530224150442578e-13
-1.867450963831396304e-13
-1.832109632190700998e-13
-1.778630275830681007e-13
-1.708197927725862986e-13
-1.622046138897992318e-13
-1.521441799585618315e-13
-1.407673619596011561e-13
-1.282044945465771191e-13
-1.145864951318173452e-13
-1.000440575109513841e-13
-8.470713686687877941e-14
-6.870456352274512124e-14
-5.216387014722080606e-14
-3.521090550747708880e-14
-1.796965828633305395e-14
-5.620230894039365474e-16
1.689251189829817784e-14
3.427700424928417644e-14
5.147751596192885748e-14
6.838373454737950441e-14
8.488941158086432681e-14
1.008928455104723954e-13
1.162975694479068123e-13
1.310129034339663212e-13
1.449544287769957696e-13
1.580445030489180391e-13
1.702125446883043236e-13
1.813953853660801863e-13
1.915372022228897797e-13
2.005896127367859383e-13
2.085113359100512764e-13
2.152682464793068129e-13
2.208331309700231615e-13
2.251854301985045659e-13
2.283111037466173388e-13
2.302027925921157347e-13
2.308599817389678233e-13
2.302887427193395231e-13
2.285018149087575390e-13
2.255183209230390839e-13
2.213636310930203188e-13
2.160687400483071730e-13
2.096698330364063501e-13
2.022077438216390854e-13
1.937274938992178397e-13
1.842782111800833622e-13
1.739128318353072578e-13
1.626881409536734546e-13
1.506649216194769214e-13
1.379080768852680716e-13
1.244868059547057926e-13
1.104747261553018500e-13
9.594983905710299799e-14
8.099441527621015213e-14
6.569462855654517597e-14
5.013991880107454557e-14
3.442210099314883809e-14
1.863412175213616240e-14
2.868660882026242281e-15
-1.278333314853538627e-14
-2.823415600709117124e-14
-4.340047066305960377e-14
-5.820427554639392986e-14
-7.257359318536826809e-14
-8.644270059953926277e-14
-9.975192601183874297e-14
-1.124472761540769306e-13
-1.244801245588178507e-13
-1.358067304446652912e-13
-1.463876898389129821e-13
-1.561876713032650521e-13
-1.651755853404254792e-13
-1.733246386042067155e-13
-1.806128217905073052e-13
-1.870233162131265670e-13
-1.925451985351767092e-13
-1.971740235277505415e-13
-2.009122170932090001e-13
-2.037691982379255529e-13
-2.057613655197590430e-13
-2.069115820520217586e-13
-2.072486062973388776e-13
-2.068059401028402022e-13
-2.056206089727161124e-13
-2.037319965508821440e-13
-2.011806113410077868e-13
-1.980069211891810621e-13
-1.942504723696433788e-13
-1.899492119584317296e-13
-1.851393794131614423e-13
-1.798553439427003076e-13
-1.741297264799129829e-13
-1.679938333625299873e-13
-1.614781848817067877e-13
-1.546127998850940766e-13
-1.474274261697994248e-13
-1.399515404823872822e-13
-1.322144569390962254e-13
-1.242449746601329008e-13
-1.160708085635314690e-13
-1.077181489080210330e-13
-9.921120050710233174e-14
-9.057164062796149717e-14
-8.181804300906592164e-14
-7.296534253534159298e-14
-6.402493010586318700e-14
-5.500471700835805888e-14
-4.590921962250096855e-14
-3.673998971265128588e-14
-2.749654785816086494e-14
-1.817728469642992256e-14
-8.780253745745668359e-15
6.960982934984844429e-16
1.025175241600078183e-14
1.988417128162816433e-14
2.958773837372606630e-14
3.935318799888447294e-14
4.916705741543972441e-14
5.901123367084773474e-14
6.886275539597433437e-14
7.869403642179334524e-14
8.847307923168928889e-14
9.816367147310114949e-14
1.077258941772907264e-13
1.171166706366924548e-13
1.262903085059996489e-13
1.351988047340255128e-13
1.437920827329283724e-13
1.520183447439177327e-13
1.598242886776887750e-13
1.671550403517865768e-13
1.739543974360949208e-13
1.801649785306350116e-13
1.857286975040159382e-13
1.905870480965049518e-13
1.946817408888038003e-13
1.979554757960966249e-13
2.003527552196793238e-13
2.018208462763876332e-13
2.023105803976993355e-13
2.017770580611463749e-13
2.001808143076502788e-13
1.974887132083144592e-13
1.936744628604561425e-13
1.887192388038555491e-13
1.826123751996408529e-13
1.753519882465373603e-13
1.669452607839377878e-13
1.574084693969565740e-13
1.467674452023531861e-13
1.350577093738036805e-13
1.223243240641019858e-13
1.086215874732988917e-13
9.401277635068608363e-14
7.856987494425302088e-14
6.237303967586427245e-14
4.550984019973877692e-14
2.807464615059603041e-14
1.016803845575774481e-14
-8.104146118016655048e-15
-2.663185596802220695e-14
-4.530190716371500226e-14
-6.399884149108775455e-14
-8.260609535813701054e-14
-1.010071814058245698e-13
-1.190866388790443042e-13
-1.367308230613289988e-13
-1.538289352669142129e-13
-1.702738021110497546e-13
-1.859629122783271193e-13
-2.007991754642002302e-13
-2.146917219740876459e-13
-2.275568514002734855e-13
-2.393189270886997289e-13
-2.499112028431227372e-13
-2.592764327888352760e-13
-2.673669933454109193e-13
-2.741455608530618537e-13
-2.795849489423130052e-13
-2.836678645885132299e-13
-2.863861491703145745e-13
-2.877403989989119060e-13
-2.877393961119023569e-13
-2.863990511761671520e-13
-2.837416716514051807e-13
-2.797954467941010659e-13
-2.745939868716018584e-13
-2.681760250065196027e-13
-2.605849292857537192e-13
-2.518686756554366912e-13
-2.420800918664228751e-13
-2.312767490540712512e-13
-2.195209888432997358e-13
-2.068798826910037136e-13
-1.934252996486918175e-13
-1.792334591290897783e-13
-1.643842532797826217e-13
-1.489605693568568645e-13
-1.330475036783254628e-13
-1.167311418966837655e-13
-1.000972647325661102e-13
-8.323025022004618134e-14
-6.621210470094535117e-14
-4.912150737166817716e-14
-3.203313265684459843e-14
-1.501729614955798348e-14
1.860089010851653443e-15
1.853738042516435425e-14
3.495699552307635072e-14
5.106515321815115194e-14
6.681150587200396229e-14
8.214884664441840512e-14
9.703275373950867588e-14
1.114215463600062850e-13
1.252761864514381762e-13
1.385601296243280101e-13
1.512392777203511174e-13
1.632818636158536729e-13
1.746583970117440709e-13
1.853413798304226479e-13
1.953050893753471851e-13
2.045252666229083194e-13
2.129787909617777975e-13
2.206434497999468225e-13
2.274976268566014648e-13
2.335202343994868812e-13
2.386907403499616276e-13
2.429890869678347221e-13
2.463958399291643619e-13
2.488926491121812301e-13
2.504628991185919862e-13
2.510922242696111972e-13
2.507692133373734533e-13
2.494862226965627316e-13
2.472406231569107549e-13
2.440354504845004824e-13
2.398802185533954745e-13
2.347916240770520080e-13
2.287941971296225674e-13
2.219206128540804346e-13
2.142120302753985905e-13
2.057174688843005361e-13
1.964935646917714829e-13
1.866040823380807345e-13
1.761187495754462651e-13
1.651117258324660830e-13
1.536599623583323471e-13
1.418416978923170424e-13
1.297346832827145358e-13
1.174139046622793559e-13
1.049499774737581992e-13
9.240760148179413824e-14
7.984425295405606082e-14
6.730937828587288396e-14
5.484397726002350482e-14
4.248054544849638736e-14
3.024357565599433695e-14
1.815094027770441931e-14
6.215533272666213041e-15
-5.552918456270487108e-15
-1.714542916008473389e-14
-2.855077353464303969e-14
-3.975261485549171081e-14
-5.072701766560723524e-14
-6.143976522205232826e-14
-7.184423005514653515e-14
-8.187966635004456650e-14
-9.146999021929225204e-14
-1.005233426338257574e-13
-1.089326721816392951e-13
-1.165767108497403615e-13
-1.233214105920282799e-13
-1.290221185099027501e-13
-1.335271005093244256e-13
-1.366809904189761338e-13
-1.383282594372148289e-13
-1.383173767579085056e-13
-1.365050921690175167e-13
-1.327604069430513012e-13
-1.269683956497263955e-13
-1.190333774473209538e-13
-1.088811861309733897e-13
-9.646114202538358384e-14
-8.174766473554445634e-14
-6.474076781398316327e-14
-4.546494067727072097e-14
-2.396838288823768814e-14
-3.219452324411999902e-16
2.538315152685044485e-14
5.303816400284953880e-14
8.251931852675670198e-14
1.136902123008778909e-13
1.464046440503852242e-13
1.805082098333896101e-13
2.158396210242066737e-13
2.522319104882736474e-13
2.895130424458713936e-13
3.275041370910669603e-13
3.660178984985634765e-13
4.048572458184573897e-13
4.438130635567305582e-13
4.826601900272120549e-13
5.211539750096805257e-13
5.590280842404649064e-13
5.959917889070132091e-13
6.317272551424613081e-13
6.658880261425914604e-13
6.980984258546374388e-13
7.279542637086966472e-13
7.550244609209888491e-13
7.788538152093960054e-13
7.989664160303056040e-13
8.148704150681695957e-13
8.260649109192996775e-13
8.320462374644677084e-13
8.323146317122664950e-13
8.263823111052948089e-13
8.137807918848216637e-13
7.940683158756678406e-13
7.668368435902184199e-13
7.317180715504800759e-13
6.883888532989435038e-13
6.365756988375992353e-13
5.760588945961930829e-13
5.066750513073314810e-13
4.283187303097402143e-13
3.409443951121748917e-13
2.445674142804304951e-13
1.392636142039452296e-13
2.517084780081883799e-14
-9.750976203782082963e-14
-2.285137140276005674e-13
-3.675131759247468599e-13
-5.141132745217769084e-13
-6.678494020827263622e-13
-8.281860982596589427e-13
-9.945157761551137732e-13
-1.166154412618469749e-12
-1.342337916168667711e-12
-1.522221259632472457e-12
-1.704879401716319354e-12
-1.889305118601969369e-12
-2.074409003946509067e-12
-2.259023263589954311e-12
-2.441905835523505708e-12
-2.621747654044104259e-12
-2.797177853924859292e-12
-2.966773961915469826e-12
-3.129073389285252915e-12
-3.282586225408778979e-12
-3.425808465032376127e-12
-3.557235452381068974e-12
-3.675378577872034924e-12
-3.778779806423715470e-12
-3.866027289967099989e-12
-3.935769678914402547e-12
-3.986730650468173209e-12
-4.017722786409105851e-12
-4.027660149841238990e-12
-4.015570861937156621e-12
-3.980604040831892121e-12
-3.922043679410736061e-12
-3.839314716841402131e-12
-3.731992579553145006e-12
-3.599807734885884791e-12
-3.442652196303241929e-12
-3.260589281212089574e-12
-3.053855562526464063e-12
-2.822862603391040892e-12
-2.568204980277211114e-12
-2.290663969270467781e-12
-1.991207979751274948e-12
-1.670989410208767456e-12
-1.331348334528137389e-12
-9.738114177884615863e-13
-6.000858989406443467e-13
-2.120502802212612115e-13
1.882522864806931984e-13
5.986230933695269041e-13
1.016722405051961875e-12
1.440087632476050317e-12
1.866151113846803433e-12
2.292258180144890467e-12
2.715690302843021264e-12
3.133688621093089210e-12
3.543480613099614374e-12
3.942302213844062209e-12
4.327424269617852204e-12
4.696177908353194042e-12
5.045980560475227250e-12
5.374355474541125943e-12
5.678956870730500484e-12
5.957588155441895239e-12
6.208221870612762316e-12
6.429017908315959318e-12
6.618336087504950171e-12
6.774746562354660995e-12
6.897045001091894889e-12
6.984262994336187802e-12
7.035671958227629474e-12
7.050786170192946400e-12
7.029371876243750705e-12
6.971448158338278134e-12
6.877287801743126039e-12
6.747409488777611486e-12
6.582583436665068177e-12
6.383824892319811539e-12
6.152387193453234815e-12
5.889747023424263261e-12
5.597598773388057225e-12
5.277842832912549298e-12
4.932570844828898515e-12
4.564044454868909639e-12
4.174678398111142386e-12
3.767021850703544672e-12
3.343736095298699418e-12
2.907566331797339920e-12
2.461321294347507127e-12
2.007848748375451464e-12
1.550010228675013924e-12
1.090653392252227682e-12
6.325889790291527870e-13
1.785679080729823953e-13
-2.687412467040906083e-13
-7.067741032186491967e-13
-1.133089824224831066e-12
-1.545387407451970230e-12
-1.941522029952347239e-12
-2.319518058527259008e-12
-2.677580379639721286e-12
-3.014103940393586534e-12
-3.327680362166796080e-12
-3.617100976377463084e-12
-3.881363980218210941e-12
-4.119672918773131798e-12
-4.331441455507345495e-12
-4.516283180766578198e-12
-4.674014213862376366e-12
-4.804647565220809824e-12
-4.908387064850305848e-12
-4.985615219277317323e-12
-5.036885838971549845e-12
-5.062919267856402783e-12
-5.064583735031602529e-12
-5.042883211708870661e-12
-4.998946569190199085e-12
-4.934011966356566248e-12
-4.849413405560998314e-12
-4.746560349627726438e-12
-4.626924711426116943e-12
-4.492026542401994504e-12
-4.343416685342882388e-12
-4.182659427143242681e-12
-4.011319922059275456e-12
-3.830948145516765990e-12
-3.643066317365883933e-12
-3.449154807252940991e-12
-3.250642159960404065e-12
-3.048895120746908383e-12
-2.845209744889443115e-12
-2.640802724065971496e-12
-2.436803580099788924e-12
-2.234250761831702015e-12
-2.034087525151773157e-12
-1.837159114073672050e-12
-1.644209616548375497e-12
-1.455881097102429411e-12
-1.272714247359252315e-12
-1.095150337603045809e-12
-9.235309999383600754e-13
-7.581008845854164679e-13
-5.990130266808613158e-13
-4.463341859734654138e-13
-3.000482078508587280e-13
-1.600624201323480600e-13
-2.621556468543513596e-14
1.017132274130742864e-13
2.239970633022975166e-13
3.409522284728710995e-13
4.529273278045670148e-13
5.602924266039088774e-13
6.634296519265892034e-13
7.627234347579170404e-13
8.585506979831569740e-13
9.512700956809672093e-13
1.041214640548626669e-12
1.128684819218239710e-12
1.213942032833592588e-12
1.297202904988747907e-12
1.378635270180006422e-12
1.458356222241996569e-12
1.536429945943329489e-12
1.612867066465295540e-12
1.687623239939040065e-12
1.760600671328604871e-12
1.831650065994838705e-12
1.900572581259307725e-12
1.967119392723426508e-12
2.030994946874975504e-12
2.091861839997877226e-12
2.149342769736106717e-12
2.203023787700209013e-12
2.252457335233382096e-12
2.297169832826684299e-12
2.336666233768158740e-12
2.370434794632392261e-12
2.397954447855288329e-12
2.418703258511012422e-12
2.432167314769806410e-12
2.437846365749285482e-12
2.435263145653121519e-12
2.423972914750160967e-12
2.403573434034411704e-12
2.373710169395470970e-12
2.334084965235905251e-12
2.284463417046023181e-12
2.224682027138213947e-12
2.154654059338678707e-12
2.074372141072644560e-12
1.983913684375226971e-12
1.883443271136209241e-12
1.773214387823518479e-12
1.653569317063008359e-12
1.524938053436286634e-12
1.387836460337021904e-12
1.242863342625077916e-12
1.090697085599778848e-12
9.320888245262226590e-13
7.678572946749617767e-13
5.988827597898371824e-13
4.261000460890201902e-13
2.504889741808402626e-13
7.306695260769421885e-14
-1.051176628922602385e-13
-2.829942768838022982e-13
-4.594800559996892186e-13
-6.334885957817726343e-13
-8.039366698395222777e-13
-9.697534658972828403e-13
-1.129890452034043591e-12
-1.283330755032230375e-12
-1.429095448750306030e-12
-1.566253420362540005e-12
-1.693931236598777978e-12
-1.811322576303342480e-12
-1.917694301967198811e-12
-2.012394591244248687e-12
-2.094861610568710120e-12
-2.164629369846848839e-12
-2.221330541382626755e-12
-2.264700796686391904e-12
-2.294582492762264891e-12
-2.310924455267704403e-12
-2.313781544832638204e-12
-2.303311404452945688e-12
-2.279772507926547398e-12
-2.243521774608625563e-12
-2.195006546315547702e-12
-2.134760901037480174e-12
-2.063398063523180781e-12
-1.981605417950005332e-12
-1.890136484827831254e-12
-1.789804741046674419e-12
-1.681474729418874769e-12
-1.566055228205409655e-12
-1.444491770120903684e-12
-1.317757968716248840e-12
-1.186846844761224595e-12
-1.052762694728204274e-12
-9.165133929567303994e-13
-7.791012843552658218e-13
-6.415138060524017138e-13
-5.047151932502380589e-13
-3.696397571709142404e-13
-2.371837535403154007e-13
-1.081976305425391693e-13
1.652051196852303422e-14
1.362290407433755512e-13
2.502482541934941684e-13
3.579659084342740050e-13
4.588403225078141467e-13
5.524014947723421276e-13
6.382532306489774321e-13
7.160749315553160965e-13
7.856221641115712639e-13
8.467247627867713344e-13
8.992860167471306010e-13
9.432819109145285097e-13
9.787584154610784459e-13
1.005828016362175781e-12
1.024666245949545917e-12
1.035508592935052707e-12
1.038645840341356763e-12
