1.034418861331487527e-12
1.023214173979936081e-12
1.005458195001140975e-12
9.816126861003637849e-13
9.521679235000024555e-13
9.176372769287288733e-13
0.000000000000000000e+00
0.000000000000000000e+00
0.000000000000000000e+00
0.000000000000000000e+00
0.000000000000000000e+00
0.000000000000000000e+00
0.000000000000000000e+00
0.000000000000000000e+00
0.000000000000000000e+00
0.000000000000000000e+00
0.000000000000000000e+00
0.000000000000000000e+00
0.000000000000000000e+00
0.000000000000000000e+00
0.000000000000000000e+00
0.000000000000000000e+00
0.000000000000000000e+00
0.000000000000000000e+00
0.000000000000000000e+00
0.000000000000000000e+00
0.000000000000000000e+00
0.000000000000000000e+00
0.000000000000000000e+00
0.000000000000000000e+00
0.000000000000000000e+00
0.000000000000000000e+00
0.000000000000000000e+00
0.000000000000000000e+00
0.000000000000000000e+00
0.000000000000000000e+00
0.000000000000000000e+00
0.000000000000000000e+00
0.000000000000000000e+00
0.000000000000000000e+00
0.000000000000000000e+00
0.000000000000000000e+00
0.000000000000000000e+00
0.000000000000000000e+00
0.000000000000000000e+00
0.000000000000000000e+00
0.000000000000000000e+00
0.000000000000000000e+00
0.000000000000000000e+00
0.000000000000000000e+00
0.000000000000000000e+00
0.000000000000000000e+00
0.000000000000000000e+00
0.000000000000000000e+00
0.000000000000000000e+00
0.000000000000000000e+00
0.000000000000000000e+00
0.000000000000000000e+00
0.000000000000000000e+00
0.000000000000000000e+00
0.000000000000000000e+00
0.000000000000000000e+00
0.000000000000000000e+00
0.000000000000000000e+00
0.000000000000000000e+00
0.000000000000000000e+00
0.000000000000000000e+00
0.000000000000000000e+00
0.000000000000000000e+00
0.000000000000000000e+00
0.000000000000000000e+00
0.000000000000000000e+00
0.000000000000000000e+00
0.000000000000000000e+00
0.000000000000000000e+00
0.000000000000000000e+00
0.000000000000000000e+00
0.000000000000000000e+00
0.000000000000000000e+00
0.000000000000000000e+00
0.000000000000000000e+00
0.000000000000000000e+00
0.000000000000000000e+00
0.000000000000000000e+00
0.000000000000000000e+00
0.000000000000000000e+00
0.000000000000000000e+00
0.000000000000000000e+00
0.000000000000000000e+00
0.000000000000000000e+00
0.000000000000000000e+00
0.000000000000000000e+00
0.000000000000000000e+00
0.000000000000000000e+00
0.000000000000000000e+00
0.000000000000000000e+00
0.000000000000000000e+00
0.000000000000000000e+00
0.000000000000000000e+00
0.000000000000000000e+00
0.000000000000000000e+00
0.000000000000000000e+00
0.000000000000000000e+00
0.000000000000000000e+00
0.000000000000000000e+00
0.000000000000000000e+00
0.000000000000000000e+00
0.000000000000000000e+00
0.000000000000000000e+00
0.000000000000000000e+00
0.000000000000000000e+00
0.000000000000000000e+00
0.000000000000000000e+00
0.000000000000000000e+00
0.000000000000000000e+00
0.000000000000000000e+00
0.000000000000000000e+00
0.000000000000000000e+00
0.000000000000000000e+00
0.000000000000000000e+00
0.000000000000000000e+00
0.000000000000000000e+00
0.000000000000000000e+00
0.000000000000000000e+00
0.000000000000000000e+00
0.000000000000000000e+00
0.000000000000000000e+00
0.000000000000000000e+00
0.000000000000000000e+00
0.000000000000000000e+00
0.000000000000000000e+00
0.000000000000000000e+00
0.000000000000000000e+00
0.000000000000000000e+00
0.000000000000000000e+00
0.000000000000000000e+00
0.000000000000000000e+00
0.000000000000000000e+00
0.000000000000000000e+00
0.000000000000000000e+00
0.000000000000000000e+00
0.000000000000000000e+00
0.000000000000000000e+00
0.000000000000000000e+00
0.000000000000000000e+00
0.000000000000000000e+00
0.000000000000000000e+00
0.000000000000000000e+00
0.000000000000000000e+00
0.000000000000000000e+00
0.000000000000000000e+00
0.000000000000000000e+00
0.000000000000000000e+00
0.000000000000000000e+00
0.000000000000000000e+00
0.000000000000000000e+00
0.000000000000000000e+00
0.000000000000000000e+00
0.000000000000000000e+00
0.000000000000000000e+00
0.000000000000000000e+00
0.000000000000000000e+00
0.000000000000000000e+00
0.000000000000000000e+00
0.000000000000000000e+00
0.000000000000000000e+00
0.000000000000000000e+00
0.000000000000000000e+00
0.000000000000000000e+00
0.000000000000000000e+00
0.000000000000000000e+00
0.000000000000000000e+00
0.000000000000000000e+00
0.000000000000000000e+00
0.000000000000000000e+00
0.000000000000000000e+00
0.000000000000000000e+00
0.000000000000000000e+00
0.000000000000000000e+00
0.000000000000000000e+00
0.000000000000000000e+00
0.000000000000000000e+00
0.000000000000000000e+00
0.000000000000000000e+00
0.000000000000000000e+00
0.000000000000000000e+00
0.000000000000000000e+00
0.000000000000000000e+00
0.000000000000000000e+00
0.000000000000000000e+00
0.000000000000000000e+00
0.000000000000000000e+00
0.000000000000000000e+00
0.000000000000000000e+00
0.000000000000000000e+00
0.000000000000000000e+00
0.000000000000000000e+00
0.000000000000000000e+00
0.000000000000000000e+00
0.000000000000000000e+00
0.000000000000000000e+00
0.000000000000000000e+00
0.000000000000000000e+00
0.000000000000000000e+00
0.000000000000000000e+00
0.000000000000000000e+00
0.000000000000000000e+00
0.000000000000000000e+00
0.000000000000000000e+00
0.000000000000000000e+00
0.000000000000000000e+00
0.000000000000000000e+00
0.000000000000000000e+00
0.000000000000000000e+00
0.000000000000000000e+00
0.000000000000000000e+00
0.000000000000000000e+00
0.000000000000000000e+00
0.000000000000000000e+00
0.000000000000000000e+00
0.000000000000000000e+00
0.000000000000000000e+00
0.000000000000000000e+00
0.000000000000000000e+00
0.000000000000000000e+00
0.000000000000000000e+00
0.000000000000000000e+00
0.000000000000000000e+00
0.000000000000000000e+00
0.000000000000000000e+00
0.000000000000000000e+00
0.000000000000000000e+00
0.000000000000000000e+00
0.000000000000000000e+00
0.000000000000000000e+00
0.000000000000000000e+00
0.000000000000000000e+00
0.000000000000000000e+00
0.000000000000000000e+00
0.000000000000000000e+00
0.000000000000000000e+00
0.000000000000000000e+00
0.000000000000000000e+00
0.000000000000000000e+00
0.000000000000000000e+00
0.000000000000000000e+00
0.000000000000000000e+00
0.000000000000000000e+00
0.000000000000000000e+00
0.000000000000000000e+00
0.000000000000000000e+00
0.000000000000000000e+00
0.000000000000000000e+00
0.000000000000000000e+00
0.000000000000000000e+00
0.000000000000000000e+00
0.000000000000000000e+00
0.000000000000000000e+00
0.000000000000000000e+00
0.000000000000000000e+00
0.000000000000000000e+00
0.000000000000000000e+00
0.000000000000000000e+00
0.000000000000000000e+00
0.000000000000000000e+00
0.000000000000000000e+00
0.000000000000000000e+00
0.000000000000000000e+00
0.000000000000000000e+00
0.000000000000000000e+00
0.000000000000000000e+00
0.000000000000000000e+00
0.000000000000000000e+00
0.000000000000000000e+00
0.000000000000000000e+00
0.000000000000000000e+00
0.000000000000000000e+00
0.000000000000000000e+00
0.000000000000000000e+00
0.000000000000000000e+00
0.000000000000000000e+00
0.000000000000000000e+00
0.000000000000000000e+00
0.000000000000000000e+00
0.000000000000000000e+00
0.000000000000000000e+00
0.000000000000000000e+00
0.000000000000000000e+00
0.000000000000000000e+00
0.000000000000000000e+00
0.000000000000000000e+00
0.000000000000000000e+00
0.000000000000000000e+00
0.000000000000000000e+00
0.000000000000000000e+00
0.000000000000000000e+00
0.000000000000000000e+00
0.000000000000000000e+00
0.000000000000000000e+00
0.000000000000000000e+00
0.000000000000000000e+00
0.000000000000000000e+00
0.000000000000000000e+00
0.000000000000000000e+00
0.000000000000000000e+00
0.000000000000000000e+00
0.000000000000000000e+00
0.000000000000000000e+00
0.000000000000000000e+00
0.000000000000000000e+00
0.000000000000000000e+00
0.000000000000000000e+00
0.000000000000000000e+00
0.000000000000000000e+00
0.000000000000000000e+00
0.000000000000000000e+00
0.000000000000000000e+00
0.000000000000000000e+00
0.000000000000000000e+00
0.000000000000000000e+00
0.000000000000000000e+00
0.000000000000000000e+00
0.000000000000000000e+00
0.000000000000000000e+00
0.000000000000000000e+00
0.000000000000000000e+00
0.000000000000000000e+00
0.000000000000000000e+00
0.000000000000000000e+00
0.000000000000000000e+00
0.000000000000000000e+00
0.000000000000000000e+00
0.000000000000000000e+00
0.000000000000000000e+00
0.000000000000000000e+00
0.000000000000000000e+00
0.000000000000000000e+00
0.000000000000000000e+00
0.000000000000000000e+00
0.000000000000000000e+00
0.000000000000000000e+00
0.000000000000000000e+00
0.000000000000000000e+00
0.000000000000000000e+00
0.000000000000000000e+00
0.000000000000000000e+00
0.000000000000000000e+00
0.000000000000000000e+00
0.000000000000000000e+00
0.000000000000000000e+00
0.000000000000000000e+00
0.000000000000000000e+00
0.000000000000000000e+00
0.000000000000000000e+00
0.000000000000000000e+00
0.000000000000000000e+00
0.000000000000000000e+00
0.000000000000000000e+00
0.000000000000000000e+00
0.000000000000000000e+00
0.000000000000000000e+00
0.000000000000000000e+00
0.000000000000000000e+00
0.000000000000000000e+00
0.000000000000000000e+00
0.000000000000000000e+00
0.000000000000000000e+00
0.000000000000000000e+00
0.000000000000000000e+00
0.000000000000000000e+00
0.000000000000000000e+00
0.000000000000000000e+00
0.000000000000000000e+00
0.000000000000000000e+00
0.000000000000000000e+00
0.000000000000000000e+00
0.000000000000000000e+00
0.000000000000000000e+00
0.000000000000000000e+00
0.000000000000000000e+00
0.000000000000000000e+00
0.000000000000000000e+00
0.000000000000000000e+00
0.000000000000000000e+00
0.000000000000000000e+00
0.000000000000000000e+00
0.000000000000000000e+00
0.000000000000000000e+00
0.000000000000000000e+00
0.000000000000000000e+00
0.000000000000000000e+00
0.000000000000000000e+00
0.000000000000000000e+00
0.000000000000000000e+00
0.000000000000000000e+00
0.000000000000000000e+00
0.000000000000000000e+00
0.000000000000000000e+00
0.000000000000000000e+00
0.000000000000000000e+00
0.000000000000000000e+00
0.000000000000000000e+00
0.000000000000000000e+00
0.000000000000000000e+00
0.000000000000000000e+00
0.000000000000000000e+00
0.000000000000000000e+00
0.000000000000000000e+00
0.000000000000000000e+00
0.000000000000000000e+00
0.000000000000000000e+00
0.000000000000000000e+00
0.000000000000000000e+00
0.000000000000000000e+00
0.000000000000000000e+00
0.000000000000000000e+00
0.000000000000000000e+00
0.000000000000000000e+00
0.000000000000000000e+00
0.000000000000000000e+00
0.000000000000000000e+00
0.000000000000000000e+00
0.000000000000000000e+00
0.000000000000000000e+00
0.000000000000000000e+00
0.000000000000000000e+00
0.000000000000000000e+00
0.000000000000000000e+00
0.000000000000000000e+00
0.000000000000000000e+00
0.000000000000000000e+00
0.000000000000000000e+00
0.000000000000000000e+00
0.000000000000000000e+00
0.000000000000000000e+00
0.000000000000000000e+00
0.000000000000000000e+00
0.000000000000000000e+00
0.000000000000000000e+00
0.000000000000000000e+00
0.000000000000000000e+00
0.000000000000000000e+00
0.000000000000000000e+00
0.000000000000000000e+00
0.000000000000000000e+00
0.000000000000000000e+00
0.000000000000000000e+00
0.000000000000000000e+00
0.000000000000000000e+00
0.000000000000000000e+00
0.000000000000000000e+00
0.000000000000000000e+00
0.000000000000000000e+00
0.000000000000000000e+00
0.000000000000000000e+00
0.000000000000000000e+00
0.000000000000000000e+00
0.000000000000000000e+00
0.000000000000000000e+00
0.000000000000000000e+00
0.000000000000000000e+00
0.000000000000000000e+00
0.000000000000000000e+00
0.000000000000000000e+00
0.000000000000000000e+00
0.000000000000000000e+00
0.000000000000000000e+00
0.000000000000000000e+00
0.000000000000000000e+00
0.000000000000000000e+00
0.000000000000000000e+00
0.000000000000000000e+00
0.000000000000000000e+00
0.000000000000000000e+00
0.000000000000000000e+00
0.000000000000000000e+00
0.000000000000000000e+00
0.000000000000000000e+00
0.000000000000000000e+00
0.000000000000000000e+00
0.000000000000000000e+00
0.000000000000000000e+00
0.000000000000000000e+00
0.000000000000000000e+00
0.000000000000000000e+00
0.000000000000000000e+00
0.000000000000000000e+00
0.000000000000000000e+00
0.000000000000000000e+00
0.000000000000000000e+00
0.000000000000000000e+00
0.000000000000000000e+00
0.000000000000000000e+00
0.000000000000000000e+00
0.000000000000000000e+00
0.000000000000000000e+00
0.000000000000000000e+00
0.000000000000000000e+00
0.000000000000000000e+00
0.000000000000000000e+00
0.000000000000000000e+00
0.000000000000000000e+00
0.000000000000000000e+00
0.000000000000000000e+00
0.000000000000000000e+00
0.000000000000000000e+00
0.000000000000000000e+00
0.000000000000000000e+00
0.000000000000000000e+00
0.000000000000000000e+00
0.000000000000000000e+00
0.000000000000000000e+00
0.000000000000000000e+00
0.000000000000000000e+00
0.000000000000000000e+00
0.000000000000000000e+00
0.000000000000000000e+00
0.000000000000000000e+00
0.000000000000000000e+00
0.000000000000000000e+00
0.000000000000000000e+00
0.000000000000000000e+00
0.000000000000000000e+00
1.401298464324817071e-45
5.605193857299268284e-45
9.809089250273719496e-45
1.401298464324817071e-44
1.961817850054743899e-44
2.522337235784670728e-44
3.082856621514597556e-44
3.643376007244524384e-44
4.063765546541969506e-44
3.923635700109487799e-44
4.063765546541969506e-44
3.923635700109487799e-44
3.503246160812042677e-44
2.942726775082115849e-44
2.942726775082115849e-44
3.222986467947079263e-44
3.503246160812042677e-44
3.222986467947079263e-44
1.681558157189780485e-44
-1.401298464324817071e-45
-2.802596928649634142e-44
-5.605193857299268284e-44
-7.987401246651457304e-44
-9.668959403841237789e-44
-1.078999817530109145e-43
-1.247155633249087193e-43
-1.373272495038320730e-43
-1.485376372184306095e-43
-1.583467264687043290e-43
-1.779649049692517680e-43
-2.031882773270984753e-43
-2.438259327925181703e-43
-2.830622897936130483e-43
-3.307064375806568287e-43
-3.783505853677006091e-43
-4.273960316190692066e-43
-4.974609548353100602e-43
-5.899466534807479869e-43
-7.034518290910581696e-43
-8.393777801305654255e-43
-9.935206112062953033e-43
-1.171485516175547071e-42
-1.369068599645346278e-42
-1.589072458544342558e-42
-1.832898391336860729e-42
-2.100546398022900789e-42
-2.397621672459762008e-42
-2.733933303897718105e-42
-3.119290381587042800e-42
-3.557896800920710543e-42
-4.063765546541969506e-42
-4.636896618450819688e-42
-5.287099105897534809e-42
-6.024182098132388588e-42
-6.859355982869979562e-42
-7.785614267788683646e-42
-8.819772534460398644e-42
-9.982850259849996813e-42
-1.129166302552937596e-41
-1.276022381614178425e-41
-1.441235470558074357e-41
-1.629149594624032327e-41
-1.841306182122809631e-41
-2.076444064436513936e-41
-2.335684280336605094e-41
-2.626173451991139673e-41
-2.952255604639524605e-41
-3.312669569663867556e-41
-3.710498203685683122e-41
-4.156251245187407432e-41
-4.654973368640609828e-41
-5.204282366655938120e-41
-5.811044601708583911e-41
-6.491234876291850118e-41
-7.251719552880928342e-41
-8.085632269000626981e-41
-8.999418997586840193e-41
-1.001942414976887454e-40
-1.115461603571840885e-40
-1.239070141109932999e-40
-1.373903079347266897e-40
-1.524290430538606265e-40
-1.691451324347913694e-40
-1.872877436524047760e-40
-2.070096182393122514e-40
-2.289413405044599634e-40
-2.532440597712452659e-40
-2.795015903957636881e-40
-3.079045089691634054e-40
-3.394211127302928661e-40
-3.742686029411224170e-40
-4.116832719385950328e-40
-4.519327677293967535e-40
-4.964029744947448233e-40
-5.453545337490036580e-40
-5.976776171084280026e-40
-6.536650959520617439e-40
-7.153502543516401914e-40
-7.830469831631721040e-40
-8.548719372506049278e-40
-9.312048684977706881e-40
-1.014933853039642833e-39
-1.106393801209194994e-39
-1.202857786194851076e-39
-1.304632692360298215e-39
-1.415765469670506482e-39
-1.536543384310662466e-39
-1.662507504567284597e-39
-1.793811973271448606e-39
-1.935613568771869820e-39
-2.087661458643434096e-39
-2.243247627137418536e-39
-2.401657412037017482e-39
-2.569631058955633304e-39
-2.746734165369325309e-39
-2.923594847148689121e-39
-3.099871187468429485e-39
-3.284370347176827875e-39
-3.474874070804858106e-39
-3.655490232468612428e-39
-3.818473855555767577e-39
-3.966770469438334318e-39
-4.091069847119338566e-39
-4.172127956788207610e-39
-4.218677690474613708e-39
-4.275959969099283580e-39
-4.398160201680729253e-39
-4.638389001315325618e-39
-5.061565723258312800e-39
-5.705396506587742978e-39
-6.481551903903365632e-39
-7.119748066107745720e-39
-7.206517868317202718e-39
-6.264657526296706121e-39
-3.918600834727168731e-39
-2.457302974055355967e-40
3.758627200741383289e-39
5.868654784173905791e-39
2.765591438803744373e-39
-9.114380122301583861e-39
-3.179280529364173949e-38
-6.296767720087323574e-38
-9.292367167786571961e-38
-1.027528107065669986e-37
-6.598136012499490302e-38
4.409005971534910472e-38
2.392602333464427660e-37
4.953741635830129718e-37
7.311292001611813549e-37
7.975466219474987118e-37
4.951041277637437222e-37
-3.636178489916243540e-37
-1.841439451211960779e-36
-3.723286879465844557e-36
-5.366455646867143513e-36
-5.646573281698987535e-36
-3.105442055118546652e-36
3.583974225456206225e-36
1.477155732095019787e-35
2.872490341902151809e-35
4.063094214715758315e-35
4.223996604660845274e-35
2.303188038908415097e-35
-2.634565234343432128e-35
-1.082134729811184235e-34
-2.102077313680474846e-34
-2.981177651605134408e-34
-3.137260572109035087e-34
-1.827842172856438402e-34
1.620405187284099631e-34
7.402458024177461142e-34
1.470880836491566132e-33
2.123735888929871651e-33
2.300707298130136300e-33
1.485317743829586983e-33
-8.037949555686182947e-34
-4.748821220511402821e-33
-9.880506828557378795e-33
-1.473236931246797092e-32
-1.669121456804616935e-32
-1.225951270336983377e-32
2.032866869533447139e-33
2.791628636522063600e-32
6.304980829343065761e-32
9.869737390125526555e-32
1.183583162549165833e-31
9.895425468174046004e-32
1.615250313947957732e-32
-1.454678138273938505e-31
-3.777697950181093587e-31
-6.328317095843895059e-31
-8.119524102881128870e-31
-7.687855305790245820e-31
-3.360332568351016132e-31
6.150748799999641624e-31
2.084667573047700769e-30
3.839712988429910647e-30
5.327178273745741576e-30
5.659604314576361852e-30
3.740896607480578134e-30
-1.421442751726190526e-30
-1.019908626886433828e-29
-2.167326003616731995e-29
-3.300882026193772200e-29
-3.915745392442226803e-29
-3.327004858476954570e-29
-8.234245768753019526e-30
4.046568396886483146e-29
1.108465127632184821e-28
1.901666717835980883e-28
2.518814236998478748e-28
2.561619715201186404e-28
1.561658350999618822e-28
-8.796394927790826431e-29
-4.869601678963865298e-28
-9.956898923261597413e-28
-1.489562752423686767e-27
-1.754623290658852192e-27
-1.507149285414361592e-27
-4.565241192062517254e-28
1.584348068712185115e-27
4.546918376054103189e-27
7.941809400249915548e-27
1.074202217623953691e-26
1.139242643701459482e-26
8.027369993587285133e-27
-1.021529998093506065e-27
-1.642952595435232636e-26
-3.690472506113061177e-26
-5.825672457513458568e-26
-7.290323383143694215e-26
-7.034312751198605523e-26
-3.903898515871814819e-26
2.999041777513875267e-26
1.379163425186115446e-25
2.721468803689976405e-25
4.013492557873599394e-25
4.738420724069040060e-25
4.224536022809310919e-25
1.785249051152228917e-25
-3.043228157116358292e-25
-1.018023519073518445e-24
-1.865130856700042031e-24
-2.632903340557006833e-24
-2.990562422577219407e-24
-2.526268278832851341e-24
-8.389461771315596081e-25
2.312332751210986434e-24
6.818764570019339275e-24
1.202532937487306540e-23
1.659287661459160568e-23
1.850967135248115592e-23
1.533410862307035201e-23
4.742576936355810114e-24
-1.459549342434648733e-23
-4.191835509755842730e-23
-7.328532324543855739e-23
-1.008294809129485269e-22
-1.128484331362637857e-22
-9.523859648570651260e-23
-3.456466315884781470e-23
7.713675044400651537e-23
2.362477357294520435e-22
4.214592001169806720e-22
5.896177131659401275e-22
6.758179705399567271e-22
6.006241024639754208e-22
2.863395196867724457e-22
-3.177555202730774930e-22
-1.203071697931136282e-21
-2.267914972376769374e-21
-3.292639078345817810e-21
-3.936214473532091671e-21
-3.766920328945750531e-21
-2.340065074292496961e-21
6.748937032380763390e-22
5.329148254876960326e-21
1.121470714204724401e-20
1.731484669675401321e-20
2.195042339505086654e-20
2.288776927867689892e-20
1.766565851818172715e-20
4.182583433515048615e-21
-1.849137540879144810e-20
-4.919097053775951689e-20
-8.380094407471124984e-20
-1.147535643826539132e-19
-1.312299811336416044e-19
-1.203611251527274570e-19
-6.963830013105069523e-20
2.941539884356662721e-20
1.767192667314380378e-19
3.590366850534818287e-19
5.464140576553919879e-19
6.911954802705484218e-19
7.312836512845886476e-19
5.988116067624103877e-19
2.348087619557074613e-19
-3.905965205545237701e-19
-1.255259814439020345e-18
-2.263853336238962146e-18
-3.234339474399198515e-18
-3.899562672507712413e-18
-3.931248653052168691e-18
-2.990581755589009555e-18
-8.063466212598077051e-19
2.723933260892487522e-18
7.425399353999679052e-18
1.275204710650837693e-17
1.773568042978419785e-17
2.101108900800634791e-17
2.094776336903173832e-17
1.590281362848919912e-17
4.594768686279435905e-18
-1.342733171599767958e-17
-3.729218060242217212e-17
-6.439054467776545408e-17
-9.015667812831043137e-17
-1.081867802622430786e-16
-1.108179557639905541e-16
-9.022526794470332842e-17
-4.003159434168343642e-17
4.267483013676193508e-17
1.552066511904031591e-16
2.874203018600127169e-16
4.206112300274067245e-16
5.277102611666976712e-16
5.752790491493479409e-16
5.275659479283092198e-16
3.526542001856678354e-16
3.039397736720765228e-17
-4.388652929665493290e-16
-1.026112864721041330e-15
-1.667744239793554888e-15
-2.263827053402178886e-15
-2.682479016813247609e-15
-2.771574177370191190e-15
-2.378265016224497506e-15
-1.375843663038158957e-15
3.047030032971118508e-16
2.642468992033217105e-15
5.498689289404898664e-15
8.599308873487310212e-15
1.153469392890056275e-14
1.378159789929131115e-14
1.475057733292886586e-14
1.386003145614116486e-14
1.063226756799467293e-14
4.802759820160713844e-15
-3.568578182386100348e-15
-1.399954709991636792e-14
-2.551939169421861553e-14
-3.665035668617283582e-14
-4.544886060380004533e-14
-4.961524965288628686e-14
-4.666939781134381293e-14
-3.417957513155919780e-14
-1.002654583708365021e-14
2.732666862432543697e-14
7.859566540343101981e-14
1.435017740487182225e-13
2.206954643991718146e-13
3.078019881076060615e-13
4.015969143605219172e-13
4.983009447775965661e-13
5.939738718235831882e-13
6.849649970483429051e-13
7.683636170895125073e-13
8.423931582672572471e-13
9.066938280906378100e-13
9.624471358771202745e-13
1.012318158986891259e-12
1.060217777286431851e-12
1.110902277286218709e-12
1.169462096606288526e-12
1.240768664027835921e-12
1.328952464567378922e-12
1.436986489002090028e-12
1.566434915806214079e-12
1.717403346271351161e-12
1.888692110693646065e-12
2.078132804728127780e-12
2.283051785817447055e-12
2.500782567138593038e-12
2.729143950760959392e-12
2.966807789023251374e-12
3.213496092488443701e-12
3.469975608932918121e-12
3.737861149072374545e-12
4.019261052451428284e-12
4.316328544584635551e-12
4.630811793054911973e-12
4.963680074604459591e-12
5.314891322188985967e-12
5.683350925295149736e-12
6.067060482478625616e-12
6.463421811653269344e-12
6.869638972256675302e-12
7.283128093671376035e-12
7.701854778940919743e-12
8.124514949692240862e-12
8.550529208284363136e-12
8.979824696331295542e-12
9.412461261792959277e-12
9.848154410019294147e-12
1.028579998951784091e-11
1.072308561389512249e-11
1.115628162767778875e-11
1.158024544312130644e-11
1.198866006468790602e-11
1.237446430046862389e-11
1.273039226118433120e-11
1.304952240016588050e-11
1.332572246992569376e-11
1.355391666957306285e-11
1.373009345106979140e-11
1.385108260726353180e-11
1.391412506046574293e-11
1.391631948566285359e-11
1.385407066845090185e-11
1.372265061999611291e-11
1.351597826715345008e-11
1.322665501429787227e-11
1.284629260606129364e-11
1.236605089161013638e-11
1.177731002999227172e-11
1.107235830799524479e-11
1.024495505791422900e-11
9.290687143226339373e-12
8.207050490594003378e-12
6.993245392494795709e-12
5.649758872544596855e-12
4.177826487539171296e-12
2.578880685388806882e-12
8.541317609786491793e-13
-9.956355401588568022e-13
-2.969999463378614202e-12
-5.068571864302873209e-12
-7.290459902442592011e-12
-9.633625494553932356e-12
-1.209427002990537403e-11
-1.466634799718313786e-11
-1.734131761799151406e-11
-2.010813217323548230e-11
-2.295352276304729600e-11
-2.586243545710242842e-11
-2.881857252834407745e-11
-3.180492674781376650e-11
-3.480416996270996322e-11
-3.779887861043995656e-11
-4.077153198389638078e-11
-4.370432141187485797e-11
-4.657887617276479375e-11
-4.937595124432370142e-11
-5.207517403404970935e-11
-5.465499233747728169e-11
-5.709280270771444066e-11
-5.936524188898673060e-11
-6.144870723368001109e-11
-6.331985630270153820e-11
-6.495618626312094079e-11
-6.633644328291055103e-11
-6.744092784227717630e-11
-6.825159881707065779e-11
-6.875205960099606273e-11
-6.892746096109902965e-11
-6.876432756541817071e-11
-6.825055104409116780e-11
-6.737538305046086862e-11
-6.612966424457411563e-11
-6.450610184893790233e-11
-6.249973455441093506e-11
-6.010827946489882834e-11
-5.733253108375357954e-11
-5.417662152229496542e-11
-5.064805866372701360e-11
-4.675767065198677130e-11
-4.251938037769242840e-11
-3.794993833072801692e-11
-3.306864504448725484e-11
-2.789707354011738971e-11
-2.245893401808807255e-11
-1.678001661231665054e-11
-1.088822695199942459e-11
-4.813618253995954888e-12
1.411571272195988325e-12
7.752969273522314353e-12
1.417423817207108527e-11
2.063738763213862626e-11
2.710319815801831567e-11
3.353172253750535958e-11
3.988279151379003906e-11
4.611649603858403168e-11
5.219360707520159792e-11
5.807584274597488161e-11
6.372610078519969079e-11
6.910856609199100831e-11
7.418884950816106993e-11
7.893406067660535541e-11
8.331305784148312910e-11
8.729669764839798063e-11
9.085818902798692420e-11
9.397347483508511345e-11
9.662160654899665246e-11
9.878511203487150283e-11
1.004502314660982165e-10
1.016070352855003023e-10
1.022494172664423218e-10
1.023750459405725621e-10
1.019851564310059189e-10
1.010844255522336255e-10
9.968080527666955959e-11
9.778545334571120407e-11
9.541264306411889606e-11
9.257979105559144273e-11
8.930742256829660164e-11
8.561912984150765737e-11
8.154145414440705508e-11
7.710369148705709108e-11
7.233758037017423703e-11
6.727692014596442505e-11
6.195714080670100543e-11
5.641486236496184858e-11
5.068748892833596642e-11
4.481287910196307678e-11
3.882902679941402369e-11
3.277388430089622773e-11
2.668515235171309286e-11
2.060009975102250479e-11
1.455539334893618530e-11
8.586852583147841500e-12
2.729194474582197216e-12
-2.984281658596765752e-12
-8.522001680721924544e-12
-1.385441674578435922e-11
-1.895423921982608562e-11
-2.379664174045892366e-11
-2.835937214229478087e-11
-3.262278988613864783e-11
-3.656988253886161999e-11
-4.018623628310180607e-11
-4.346004112143475595e-11
-4.638208220275608085e-11
-4.894579186398573256e-11
-5.114726697730276328e-11
-5.298533140019046073e-11
-5.446157066990586770e-11
-5.558028343122245474e-11
-5.634841551693803297e-11
-5.677537606718630059e-11
-5.687282589317277370e-11
-5.665443114644119760e-11
-5.613555800754177483e-11
-5.533296390525244135e-11
-5.426455465529222977e-11
-5.294912078235292086e-11
-5.140615710885754197e-11
-4.965568234371886547e-11
-4.771808989612047469e-11
-4.561399175040392606e-11
-4.336409356597847875e-11
-4.098907324667777630e-11
-3.850942134620005675e-11
-3.594531616801788232e-11
-3.331648498750006127e-11
-3.064214160186651270e-11
-2.794088571622665995e-11
-2.523067171855686297e-11
-2.252878265884827869e-11
-1.985172443097482642e-11
-1.721520322128800018e-11
-1.463404918078392569e-11
-1.212212708684434759e-11
-9.692163738250769711e-12
-7.355629126626350711e-12
-5.122605898494336785e-12
-3.001662937304749867e-12
-9.998158984753091616e-13
8.775021724874432216e-13
2.626406470779274471e-12
4.244489742316615022e-12
5.730619971611172758e-12
7.084802362833375611e-12
8.308025274683661365e-12
9.402069400810120214e-12
1.036937723186692750e-11
1.121291167555105162e-11
1.193606758570497917e-11
1.254257461780206029e-11
1.303652671924560025e-11
1.342232575085589019e-11
1.370467454797630324e-11
1.388857084894112859e-11
1.397931683605468933e-11
1.398250352308005873e-11
1.390398907119561045e-11
1.374989358482459068e-11
1.352646380320399189e-11
1.324003146702112943e-11
1.289693178641027060e-11
1.250339068392669617e-11
1.206535826109300658e-11
1.158838476567058962e-11
1.107752431450670372e-11
1.053720218718856572e-11
9.971201815617281028e-12
9.382614477027040323e-12
8.773848834964237398e-12
8.146670837927416642e-12
7.502335558351447276e-12
6.841674796143060178e-12
6.165195524238109570e-12
5.473212594947485243e-12
4.765876061851859191e-12
4.043261819103305399e-12
3.305394586511356536e-12
2.552277399842095562e-12
1.783811488277609048e-12
9.997894439423005153e-13
1.998737140422937597e-13
-6.164492744389904466e-13
-1.449823334304101152e-12
-2.301025255752042753e-12
-3.170925327866669363e-12
-4.060434714153737801e-12
-4.970338810666996565e-12
-5.901212244557862974e-12
-6.853346449370301130e-12
-7.826604815630577860e-12
-8.820353301908223642e-12
-9.833358953492687959e-12
-1.086377515724379350e-11
-1.190907962522746999e-11
-1.296613511003741337e-11
-1.403118680270987184e-11
-1.509992131332182907e-11
-1.616753952937699523e-11
-1.722876702414666283e-11
-1.827795033382262346e-11
-1.930910466241275714e-11
-2.031599194429745125e-11
-2.129205492473751349e-11
-2.223047267102540303e-11
-2.312419006278432221e-11
-2.396590911835083659e-11
-2.474810113783920684e-11
-2.546301537675876858e-11
-2.610273455716516366e-11
-2.665920956212985971e-11
-2.712438607055389639e-11
-2.749030864057644408e-11
-2.774920571102512667e-11
-2.789365440014623942e-11
-2.791670367097154326e-11
-2.781201657864329491e-11
-2.757395874131152169e-11
-2.719773364856514775e-11
-2.667940521283718169e-11
-2.601596715834375573e-11
-2.520535863359540940e-11
-2.424647982390837342e-11
-2.313922664587408917e-11
-2.188447513484792495e-11
-2.048406409771441616e-11
-1.894081072539854915e-11
-1.725858692069870415e-11
-1.544233664552141505e-11
-1.349802734862404208e-11
-1.143271241565990692e-11
-9.254550251136528516e-12
-6.972807314181705962e-12
-4.597770948688850723e-12
-2.140741577061344714e-12
3.860599177580442687e-13
2.969569251956571954e-12
5.596016705577966377e-12
8.251049149476941125e-12
1.091982320539086615e-11
1.358714963456408853e-11
1.623764317448816996e-11
1.885586825567386882e-11
2.142640058433453731e-11
2.393396418554072369e-11
2.636355196650175259e-11
2.870054888193251941e-11
3.093078224103429363e-11
3.304063272979718136e-11
3.501712808606782801e-11
3.684804197878754906e-11
3.852200849974174446e-11
4.002859849139284165e-11
4.135841669139495025e-11
4.250322663268413237e-11
4.345602697131134562e-11
4.421114169206319389e-11
4.476425133348449492e-11
4.511247625460512722e-11
4.525436969604612614e-11
4.518991778001968385e-11
4.492050134641267789e-11
4.444885084997629576e-11
4.377903595198517905e-11
4.291637878406362461e-11
4.186736027311788177e-11
4.063956116073796920e-11
3.924165159485681897e-11
3.768329745468257386e-11
3.597504238950222089e-11
3.412826271587121596e-11
3.215508762033358892e-11
3.006833670937680836e-11
2.788134653708418398e-11
2.560789774674887553e-11
2.326210751801838228e-11
2.085833242237988827e-11
1.841100188970656859e-11
1.593452279846641062e-11
1.344317539231365544e-11
1.095100399250981127e-11
8.471700771450763057e-12
6.018485623066061052e-12
3.604056289518986489e-12
1.240499022947538776e-12
-1.060788501310028220e-12
-3.289165597872290014e-12
-5.434788469954598966e-12
-7.488636447061658430e-12
-9.442543101589873089e-12
-1.128922996751491326e-11
-1.302234188538253790e-11
-1.463645177279815357e-11
-1.612705802234160046e-11
-1.749062700229231382e-11
-1.872458785245889601e-11
-1.982734289251997239e-11
-2.079822945810771984e-11
-2.163752683970177060e-11
-2.234641638398926489e-11
-2.292692424799014361e-11
-2.338182772398944564e-11
-2.371458585059826873e-11
-2.392926828909125447e-11
-2.403045470944498163e-11
-2.402312376803550364e-11
-2.391257504508192966e-11
-2.370439955434733292e-11
-2.340442943615794746e-11
-2.301867550735803292e-11
-2.255332552658639855e-11
-2.201475286789378316e-11
-2.140950437767852321e-11
-2.074426221077008137e-11
-2.002581607485343085e-11
-1.926101118876477614e-11
-1.845669450606379769e-11
-1.761961410107204529e-11
-1.675633243269913919e-11
-1.587317083329153888e-11
-1.497613318079960010e-11
-1.407086339805241337e-11
-1.316263330969347223e-11
-1.225635131579805304e-11
-1.135659014744883066e-11
-1.046760594869411420e-11
-9.593349552250440837e-12
-8.737484694099073579e-12
-7.903376737783407435e-12
-7.094084868153327506e-12
-6.312329131619165423e-12
-5.560459644810000768e-12
-4.840447053594543192e-12
-4.153892507741119289e-12
-3.502032431407231527e-12
-2.885775819694291755e-12
-2.305744354128003160e-12
-1.762327805389374280e-12
-1.255709620485989664e-12
-7.858904499391528020e-13
-3.526965232456685806e-13
4.421733568486449495e-14
4.053782862774996110e-13
7.315058389752160384e-13
1.023503005438686220e-12
1.282430216707763915e-12
1.509477655717295086e-12
1.705932920967323518e-12
1.873142699976293457e-12
2.012474171683709123e-12
2.125303405486889119e-12
2.213017963326180393e-12
2.277034246919718008e-12
2.318813327115143430e-12
2.339883712135226723e-12
2.341855442206108862e-12
2.326416620110349776e-12
2.295312377664782133e-12
2.250311265453164289e-12
2.193175545686654182e-12
2.125621727244730863e-12
2.049293894301751351e-12
1.965742672804804414e-12
1.876423495750234594e-12
1.782700831572114897e-12
1.685853930413760970e-12
1.587085497745110985e-12
1.487524296447939598e-12
1.388228182581940917e-12
1.290181720139949029e-12
1.194291518978596311e-12
1.101388186382223910e-12
1.012230230190702684e-12
9.275154429222443042e-13
8.478860517337205582e-13
7.739379883492381040e-13
7.062196964377487340e-13
6.452263853415352024e-13
5.913848512457964279e-13
5.450333652283478880e-13
5.064079038920310527e-13
4.756352646809181017e-13
4.527304095849893351e-13
4.376007748437688027e-13
4.300601487341321194e-13
4.298477264234878970e-13
4.366402259290552701e-13
4.500620525132309480e-13
4.696917767915698150e-13
4.950676912689189191e-13
5.256879458646890324e-13
5.610163483944774487e-13
6.004905231914159369e-13
6.435369815163682894e-13
6.895874930107348533e-13
7.380916082315447380e-13
7.885298317078515140e-13
8.404183382201835251e-13
8.933071296568506625e-13
9.467667535373314180e-13
1.000377732041091150e-12
1.053723189432809182e-12
1.106384732094123358e-12
1.157950037938837440e-12
1.208025649998556439e-12
1.256254648918098127e-12
1.302335734913728782e-12
1.346038406603577986e-12
1.387210442002628774e-12
1.425775730118372664e-12
1.461730476243205956e-12
1.495133986235963608e-12
1.526098149760846123e-12
1.554780935074384640e-12
1.581383136418923474e-12
1.606144904575668164e-12
1.629342602678385266e-12
1.651280349436456962e-12
1.672280694996197692e-12
1.692673562078694793e-12
1.712779657686569479e-12
1.732894969012910291e-12
1.753282848765413959e-12
1.774172822543995665e-12
1.795761998303613272e-12
1.818217343178829548e-12
1.841682839218150569e-12
1.866282735990543173e-12
1.892119490601307241e-12
1.919264877234261313e-12
1.947749904071538474e-12
1.977553320750558008e-12
2.008590776342300543e-12
2.040705061531755682e-12
2.073663723373142531e-12
2.107159065289909705e-12
2.140813351245163254e-12
2.174179673103404653e-12
2.206747805322262224e-12
2.237949192282484567e-12
2.267161068256196010e-12
2.293713613141235008e-12
2.316897758716796041e-12
2.335976247505588965e-12
2.350197293721212333e-12
2.358809978939002683e-12
2.361077045681669873e-12
2.356287040483628914e-12
2.343765155912724829e-12
2.322879735783267563e-12
2.293045094081680446e-12
2.253725418094321142e-12
2.204439538897040585e-12
2.144766786046914397e-12
2.074355010678319289e-12
1.992927741237271455e-12
1.900295676024454927e-12
1.796365356812601455e-12
1.681148167724522136e-12
1.554760985754410907e-12
1.417429650214796499e-12
1.269492865864363385e-12
1.111399817663172307e-12
9.437094118311395441e-13
7.670879990234746870e-13
5.823086153891599004e-13
3.902461578712823620e-13
1.918689003250345637e-13
-1.177025548559787818e-14
-2.195444618203340470e-13
-4.302660116216328046e-13
-6.426999232291008557e-13
-8.555762977431602412e-13
-1.067600651979971893e-12
-1.277464679177997553e-12
-1.483856006817552142e-12
-1.685467629179704385e-12
-1.881007285695068809e-12
-2.069207652444227108e-12
-2.248836316817715009e-12
-2.418711715287957809e-12
-2.577709747042522537e-12
-2.724778302293229260e-12
-2.858946152733965462e-12
-2.979330974636762441e-12
-3.085149974033085662e-12
-3.175724657203393697e-12
-3.250490154815821597e-12
-3.309000642937043324e-12
-3.350935414564437664e-12
-3.376101698551736696e-12
-3.384436394332501763e-12
-3.376004770877516492e-12
-3.350999599333048806e-12
-3.309735948850422993e-12
-3.252645115053853786e-12
-3.180269199029583937e-12
-3.093255469474587294e-12
-2.992347472238754413e-12
-2.878378525111857655e-12
-2.752262176844433306e-12
-2.614984184051705185e-12
-2.467591452351425296e-12
-2.311180543820845479e-12
-2.146887919177165038e-12
-1.975879312596240389e-12
-1.799340299153684430e-12
-1.618465778063793437e-12
-1.434451624322818919e-12
-1.248485798251153245e-12
-1.061739888716384250e-12
-8.753591926834169978e-13
-6.904534452858990257e-13
-5.080883630492749603e-13
-3.292763468571574537e-13
-1.549679574117460157e-13
1.395557507852555543e-14
1.766881996614899641e-13
3.325041251448640489e-13
4.807599630896053355e-13
6.208956417584621246e-13
7.524339224601606091e-13
8.749772824681589789e-13
9.882037679473376635e-13
1.091862819775635263e-12
1.185770123583729241e-12
1.269804790829387464e-12
1.343905455669647253e-12
1.408069841279946388e-12
1.462355301955209352e-12
1.506879039950281829e-12
1.541821141246013660e-12
1.567427394474907310e-12
1.584010049862638603e-12
1.591945000302408264e-12
1.591667878227120969e-12
1.583665924093091704e-12
1.568465626475279429e-12
1.546617217976220537e-12
1.518679930076483053e-12
1.485207790086207069e-12
1.446737044399903915e-12
1.403779111182335004e-12
1.356814617256563160e-12
1.306293398103952619e-12
1.252637967311120981e-12
1.196248720740367144e-12
1.137508056497926745e-12
1.076787639088527815e-12
1.014450784660170246e-12
9.508526778445602901e-13
8.863393959751553197e-13
8.212427591268445237e-13
7.558724154400897621e-13
6.905074385540888038e-13
6.253893345027627948e-13
5.607168917544369524e-13
4.966439043872783454e-13
4.332809881279348074e-13
3.706988600631067055e-13
3.089348438525818530e-13
2.480003778292799721e-13
1.878881571810639417e-13
1.285764572069025835e-13
7.003309743106381213e-14
1.221855190809695291e-14
-4.491277683961458767e-14
-1.014111551352926688e-13
-1.573304746031733981e-13
-2.127245184472756345e-13
-2.676430854286343530e-13
-3.221249764324973786e-13
-3.761925124710907564e-13
-4.298453682837627410e-13
-4.830556527696261426e-13
-5.357659845287021660e-13
-5.878911723752877627e-13
-6.393214408394187753e-13
-6.899266856603969433e-13
-7.395645510929749200e-13
-7.880867724900653126e-13
-8.353425915395840118e-13
-8.811788646846674400e-13
-9.254395210225863089e-13
-9.679627975892057812e-13
-1.008573758363995321e-12
-1.047078656418731768e-12
-1.083258699755007548e-12
-1.116867774479668451e-12
-1.147632011123944640e-12
-1.175252495148881859e-12
-1.199409278493379638e-12
-1.219771028973526406e-12
-1.236004788102151863e-12
-1.247784969966858615e-12
-1.254803444310226279e-12
-1.256777125945018891e-12
-1.253454805227871560e-12
-1.244619208043418190e-12
-1.230090682091677934e-12
-1.209727413728489687e-12
-1.183424452183556852e-12
-1.151114143241316334e-12
-1.112765370299417800e-12
-1.068382687006985687e-12
-1.018008377248746932e-12
-9.617249488100276800e-13
-8.996552960070791638e-13
-8.319637296791415615e-13
-7.588593382151787026e-13
-6.805988606896351545e-13
-5.974868494927620954e-13
-5.098750198093138231e-13
-4.181646077582729104e-13
-3.228058553968182753e-13
-2.242969536232070071e-13
-1.231792716872154303e-13
-2.003384539153978822e-14
8.452275473492046332e-14
1.898436648769402657e-13
2.952597205358592491e-13
4.000846149602305113e-13
5.036178722314654799e-13
6.051506409691931321e-13
7.039712237623396707e-13
7.993674624139079921e-13
8.906281202987476053e-13
9.770485202148515569e-13
1.057936941176174095e-12
1.132618304700017120e-12
1.200439921078544359e-12
1.260779241424314634e-12
1.313051555505706514e-12
1.356717798002560205e-12
1.391291921080950456e-12
1.416346640664700729e-12
1.431520592169721606e-12
1.436525703078783689e-12
1.431152288691728280e-12
1.415273931035243571e-12
1.388849647267209608e-12
1.351928334905605489e-12
1.304649856030681843e-12
1.247243519401919354e-12
1.180025044691945801e-12
1.103391466736325377e-12
1.017817882927041229e-12
9.238484543344638311e-13
8.220883284011659686e-13
7.131952905851945967e-13
5.978741807188825419e-13
4.768695746441842243e-13
3.509580592721966985e-13
2.209431910430575963e-13
8.765425586971034577e-14
-4.805780339650622679e-14
-1.853270141516372149e-13
-3.232756673032105565e-13
-4.610192978239668893e-13
-5.976720312238226196e-13
-7.323579676726810206e-13
-8.642181479993904514e-13
-9.924171944300508308e-13
-1.116151225263872782e-12
-1.234656799541100636e-12
-1.347214982801159255e-12
-1.453152268654500645e-12
-1.551845024011511143e-12
-1.642720681704901153e-12
-1.725257089968401658e-12
-1.798981211394157231e-12
-1.863470532395550272e-12
-1.918353496888069998e-12
-1.963313843098002387e-12
-1.998095699312640861e-12
-2.022509113311365958e-12
-2.036439159663894216e-12
-2.039857215432872017e-12
-2.032830067472124469e-12
-2.015527718682297298e-12
-1.988227724819546793e-12
-1.951315411335974304e-12
-1.905278669209198306e-12
-1.850697329761064047e-12
-1.788222564816366322e-12
-1.718556828962658489e-12
-1.642431199724847524e-12
-1.560582826160006320e-12
-1.473733786915010224e-12
-1.382576561917425728e-12
-1.287769478726386030e-12
-1.189937688314546271e-12
-1.089679236600249457e-12
-9.875763401501203020e-13
-8.842122455228473843e-13
-7.801813665594958813e-13
-6.760948680246958720e-13
-5.725818582290320702e-13
-4.702823959250312935e-13
-3.698300888622940708e-13
-2.718262355656808626e-13
-1.768155663117026988e-13
-8.526085924515786063e-14
2.476830852164691420e-15
8.615218862742177186e-14
1.656394747924505584e-13
2.409236818292498361e-13
3.120824453896331452e-13
3.792651956380233003e-13
4.426695826304644088e-13
5.025175696567185657e-13
5.590403357250139926e-13
6.124729087612912348e-13
6.630564153287110685e-13
7.110487871241077951e-13
7.567430839947042465e-13
8.004869553671078997e-13
8.426983069687032923e-13
8.838749502269871439e-13
9.245955780515235922e-13
9.655092480728710846e-13
1.007318685929126101e-12
1.050754969145195616e-12
1.096549283666203856e-12
1.145408962989480361e-12
1.197997105163717269e-12
1.254922272868330690e-12
1.316734156604770778e-12
1.383928887287166898e-12
1.456957384599055771e-12
1.536233596929892364e-12
1.622138187662436337e-12
1.715014740465148346e-12
1.815156857286337466e-12
1.922790052177880682e-12
2.038043345198303768e-12
2.160921181576513916e-12
2.291279579264005051e-12
2.428808456439446317e-12
2.573024909455212672e-12
2.723277549646074824e-12
2.878762983202221015e-12
3.038551615180962173e-12
3.201616922965389023e-12
3.366864512882594695e-12
3.533157056853641897e-12
3.699329904904846700e-12
3.864198457742551440e-12
4.026552528901827799e-12
4.185151357416483364e-12
4.338712548956902282e-12
4.485903402212665370e-12
4.625333536317777217e-12
4.755563564468046067e-12
4.875116369623677670e-12
4.982497487510118006e-12
5.076218091704109980e-12
5.154824917613654023e-12
5.216926283330147740e-12
5.261217243118787579e-12
5.286497368334197589e-12
5.291683757846499248e-12
5.275824915829119277e-12
5.238103787524872601e-12
5.177842963416390276e-12
5.094510317077416417e-12
4.987725944066712103e-12
4.857263462970662360e-12
4.703057387978049064e-12
4.525207899369609876e-12
4.323988216092811143e-12
4.099844595761847899e-12
3.853398069381119839e-12
3.585446392909141800e-12
3.296960794652026294e-12
2.989086842625221507e-12
2.663138156180910876e-12
2.320591635518454154e-12
1.963081606992655992e-12
1.592391149496386049e-12
1.210439951396247160e-12
8.192644696328188481e-13
4.210006366960061808e-13
1.785923737726308885e-14
-3.878985620122538114e-13
-7.939873801834917977e-13
-1.198118210546383899e-12
-1.598016532468327089e-12
-1.991436746409669389e-12
-2.376174777773965019e-12
-2.750075557902964540e-12
-3.111038987188563532e-12
-3.457028717110399718e-12
-3.786087762747136765e-12
-4.096350862681230609e-12
-4.386064861999772191e-12
-4.653609528976199172e-12
-4.897515552826359198e-12
-5.116487528794566586e-12
-5.309414800175327187e-12
-5.475379264568980275e-12
-5.613663613818209441e-12
-5.723748731922828625e-12
-5.805309358231092176e-12
-5.858206714864921949e-12
-5.882485037272955353e-12
-5.878369839507069372e-12
-5.846264444775428615e-12
-5.786750419123354305e-12
-5.700585403028979314e-12
-5.588699641956296205e-12
-5.452191215865598295e-12
-5.292312595106540840e-12
-5.110456762630333216e-12
-4.908142468840193118e-12
-4.686992547547896848e-12
-4.448718303462495527e-12
-4.195102164955555324e-12
-3.927986842039432602e-12
-3.649265785388156047e-12
-3.360874729560481278e-12
-3.064788440393373392e-12
-2.763013342427234065e-12
-2.457577110565045686e-12
-2.150515009124998045e-12
-1.843853845648335543e-12
-1.539592129999600711e-12
-1.239679474525356984e-12
-9.459954521118252302e-13
-6.603327910512102328e-13
-3.843836327791644303e-13
-1.197301264209416072e-13
1.321622932620725166e-13
3.699472911171397538e-13
5.923986344871789989e-13
7.984122260898396384e-13
9.870084350521723948e-13
1.157335512147472656e-12
1.308673221872558301e-12
1.440436962416025146e-12
1.552179825642374666e-12
1.643593572873969233e-12
1.714504514922776668e-12
1.764869717382766545e-12
1.794771904879699509e-12
1.804412630597440614e-12
1.794105879485141664e-12
1.764275140911375495e-12
1.715450589738487519e-12
1.648268544221509480e-12
1.563469948125117970e-12
1.461900262303417186e-12
1.344508272077549194e-12
1.212341425166352238e-12
1.066537158068980862e-12
9.083132466655707837e-13
7.389574520864916618e-13
5.598166786906222381e-13
3.722834215381942702e-13
1.777858865984957570e-13
-2.221995441917430647e-14
-2.262581533804888800e-13
-4.328409646762315655e-13
-6.404758451025727162e-13
-8.476737649483478965e-13
-1.052956875337296427e-12
-1.254870664844920380e-12
-1.451993690212982635e-12
-1.642949231522861098e-12
-1.826415321065644193e-12
-2.001133850640379741e-12
-2.165919353591672092e-12
-2.319664208980110054e-12
-2.461343412071825831e-12
-2.590018260625881474e-12
-2.704839173819917342e-12
-2.805051113261014528e-12
-2.889996401911343327e-12
-2.959119494577722165e-12
-3.011970013677700564e-12
-3.048207953409987070e-12
-3.067603896594883750e-12
-3.070038147312548205e-12
-3.055501815105166052e-12
-3.024094212891736966e-12
-2.976021555925467688e-12
-2.911590673421171616e-12
-2.831207924353096317e-12
-2.735378330093185539e-12
-2.624700587081085779e-12
-2.499864898419801307e-12
-2.361651455992652693e-12
-2.210926103654586861e-12
-2.048635349902183656e-12
-1.875797911096710457e-12
-1.693498206251087268e-12
-1.502877900252941323e-12
-1.305127121827009962e-12
-1.101472862571895028e-12
-8.931710080740951074e-13
-6.814976100805170134e-13
-4.677394539395751671e-13
-2.531854934040289606e-13
-3.911845822854136123e-14
1.731929893554126632e-13
3.825024877997934558e-13
5.875943720305698559e-13
7.872924859785024321e-13
9.804671180849156009e-13
1.166041980853183002e-12
1.343002098419532331e-12
1.510398902303256019e-12
1.667354405585075305e-12
1.813066515497785414e-12
1.946811852351904015e-12
2.067948243200667946e-12
2.175916564983726431e-12
2.270242370830399814e-12
2.350539467926848758e-12
2.416509917516074246e-12
2.467947287504435039e-12
2.504736001940344181e-12
2.526852425216441489e-12
2.534367030473938520e-12
2.527443532240880586e-12
2.506338669591712254e-12
2.471402206147277347e-12
2.423077797436556935e-12
2.361900388811455365e-12
2.288494263882889790e-12
2.203567406669493245e-12
2.107903912182407247e-12
2.002356397010074396e-12
1.887833205732603048e-12
1.765285617336131985e-12
1.635695593728281327e-12
1.500063202992951705e-12
1.359395235267513158e-12
1.214695878604121759e-12
1.066958695873643226e-12
9.171621795367457253e-13
7.662678000799894029e-13
6.152200060158263817e-13
4.649478501858594903e-13
3.163666431691553038e-13
1.703786851187105711e-13
2.787235774213275841e-14
-1.102809250169700661e-13
-2.432325445656663421e-13
-3.701657036447869586e-13
-4.903053332262763409e-13
-6.029294901885307034e-13
-7.073808769644807093e-13
-8.030778732986965096e-13
-8.895225593434641365e-13
-9.663059198292134333e-13
-1.033110012468863026e-12
-1.089704932191737363e-12
-1.135942576981074925e-12
-1.171748570567843206e-12
-1.197112396190969097e-12
-1.212078289299090006e-12
-1.216737973395998207e-12
-1.211225564290430157e-12
-1.195716919574763004e-12
-1.170431156508056070e-12
-1.135632820420395817e-12
-1.091637305723758278e-12
-1.038814542199395508e-12
-9.775910549819633033e-13
-9.084509945515850671e-13
-8.319333720183119674e-13
-7.486267465314777603e-13
-6.591605516623189054e-13
-5.641946870631187050e-13
-4.644092185465686917e-13
-3.604939426398584557e-13
-2.531391437611552053e-13
-1.430299021581982188e-13
-3.084353248066634690e-14
8.275051108751207973e-14
1.970897674664212618e-13
3.115168713263560818e-13
4.253784011230138384e-13
5.380263292178999457e-13
6.488229549982127420e-13
7.571480877162362066e-13
8.624071509005792890e-13
9.640414551717602087e-13
1.061538877633605438e-12
1.154442318650195087e-12
1.242354634965747717e-12
1.324940049167444567e-12
1.401921872860867335e-12
1.473075567776094275e-12
1.538217470065106340e-12
1.597195249322669319e-12
1.649875115000698500e-12
1.696134985934572015e-12
1.735857551449226932e-12
1.768930921880462748e-12
1.795251339080372599e-12
1.814731416353854154e-12
1.827309787857944734e-12
1.832961950623546166e-12
1.831708829752587420e-12
1.823624584673666504e-12
1.808839644908133426e-12
1.787541035330741934e-12
1.759965328855528366e-12
1.726391165440821496e-12
1.687131771094252386e-12
1.642524983212767520e-12
1.592923384342859183e-12
1.538688013807965049e-12
1.480185982463688710e-12
1.417789388495627190e-12
1.351875425839588196e-12
1.282829962048759320e-12
1.211052308783266973e-12
1.136957715475173103e-12
1.060976068285868212e-12
9.835511311645506183e-13
9.051381606034469840e-13
8.261975630551032790e-13
7.471870886767428832e-13
6.685539166544074430e-13
5.907290715617685706e-13
5.141207555167670584e-13
4.391088729606418273e-13
3.660410191098917299e-13
2.952315854894832503e-13
2.269608248084767355e-13
1.614747425398091463e-13
9.898561869258956647e-14
3.967433545863825739e-14
-1.630689025922549967e-14
-6.883221477602813332e-14
-1.178012087833454902e-13
-1.631362146065074015e-13
-2.047810705729791181e-13
-2.426988460462603525e-13
-2.768722480016999610e-13
-3.073034990537515387e-13
-3.340136327245613046e-13
-3.570406503002748755e-13
-3.764403610877209427e-13
-3.922871413559320120e-13
-4.046741782816332123e-13
-4.137108136539197067e-13
-4.195246038583844150e-13
-4.222636509117888570e-13
-4.220979848198330719e-13
-4.192183709547658843e-13
-4.138384513546755628e-13
-4.061975907541925945e-13
-3.965613644754673039e-13
-3.852196610743680028e-13
-3.724864112899378688e-13
-3.586987748927655817e-13
-3.442139151835221789e-13
-3.294028732506865120e-13
-3.146443338080534557e-13
-3.003185536625679886e-13
-2.867996367738462338e-13
-2.744452072284825350e-13
-2.635883048288101271e-13
-2.545319098719300843e-13
-2.475444708157498175e-13
-2.428553235248043229e-13
-2.406528752316172692e-13
-2.410866374157744074e-13
-2.442700176245177213e-13
-2.502830028731223289e-13
-2.591749243604363206e-13
-2.709685232270275801e-13
-2.856635013172986737e-13
-3.032393401051353132e-13
-3.236558427949925987e-13
-3.468541101038502550e-13
-3.727572178875704356e-13
-4.012718705492107629e-13
-4.322868560509285363e-13
-4.656719346067539345e-13
-5.012781097331331370e-13
-5.389395527077844861e-13
-5.784723828422544400e-13
-6.196751011627865680e-13
-6.623291867215164164e-13
-7.062018613120113475e-13
-7.510466315703567819e-13
-7.966065415816736550e-13
-8.426180217978307407e-13
-8.888172316201536916e-13
-9.349455888305047147e-13
-9.807551906021449994e-13
-1.026014993452117885e-12
-1.070519432648520119e-12
-1.114092759019191803e-12
-1.156591749457147600e-12
-1.197906465862097480e-12
-1.237961556183053702e-12
-1.276713435492682347e-12
-1.314144322875354653e-12
-1.350254652011939616e-12
-1.385058192270027799e-12
-1.418575109810027435e-12
-1.450824703430608764e-12
-1.481818574095017382e-12
-1.511557155484122283e-12
-1.540027220331419144e-12
-1.567199278337816359e-12
-1.593026275129028058e-12
-1.617444459617312091e-12
-1.640374685044077019e-12
-1.661723818442706335e-12
-1.681385716420513710e-12
-1.699242851462001713e-12
-1.715169781375813773e-12
-1.729032824034082427e-12
-1.740690382633081068e-12
-1.749994246735830927e-12
-1.756788291229494092e-12
-1.760905657399725044e-12
-1.762164849802849709e-12
-1.760365833138044511e-12
-1.755286129119515426e-12
-1.746674528103897561e-12
-1.734248161744389449e-12
-1.717687407240542363e-12
-1.696636971540432803e-12
-1.670706216601314242e-12
-1.639474038299393310e-12
-1.602492335876781748e-12
-1.559294793979093541e-12
-1.509407074155866280e-12
-1.452357114781199776e-12
-1.387685105713742928e-12
-1.314954980839722065e-12
-1.233764934834014060e-12
-1.143756313617960707e-12
-1.044622071136314112e-12
-9.361120819478818689e-13
-8.180398090688878465e-13
-6.902867492018793794e-13
-5.528048179805067353e-13
-4.056182473233249652e-13
-2.488256725229759381e-13
-8.260263268744863496e-14
9.279952023835691399e-14
2.770524152977127397e-13
4.697478842539959398e-13
6.703951087837223266e-13
8.784201664668866982e-13
1.093164187643269614e-12
1.313879235444181948e-12
1.539725812127468174e-12
1.769772588026963245e-12
2.002997160494013329e-12
2.238286812838996553e-12
2.474441007996319719e-12
2.710179953721580937e-12
2.944151866746125279e-12
3.174946416883983602e-12
3.401105785894031897e-12
3.621141147353013068e-12
3.833548062326386230e-12
4.036824260283955468e-12
4.229483950568546646e-12
4.410077338035112149e-12
4.577202332434193721e-12
4.729524497731896204e-12
4.865784424684660436e-12
4.984809873903595090e-12
5.085527918918808510e-12
5.166969716668967649e-12
5.228278747437808960e-12
5.268714284301090345e-12
5.287653995211805125e-12
5.284598713489740973e-12
5.259175907268431871e-12
5.211139245814289112e-12
5.140373370016160237e-12
5.046893025023591051e-12
4.930851300183336505e-12
4.792535292230670763e-12
4.632370442098077135e-12
4.450923570681331043e-12
4.248901144116024042e-12
4.027150141139301809e-12
3.786654583642912186e-12
3.528532284066687730e-12
3.254027906504641798e-12
2.964506461491933642e-12
2.661442247142709050e-12
2.346408657649678986e-12
2.021065389698484260e-12
1.687144889940539461e-12
1.346438585625442386e-12
1.000782139451428243e-12
6.520407044158238463e-13
3.020933655138724472e-13
-4.718141228730009240e-14
-3.939190824659571932e-13
-7.362816953349060611e-13
-1.072472080761166513e-12
-1.400747248227196540e-12
-1.719430370653030060e-12
-2.026922900355554447e-12
-2.321717904735232096e-12
-2.602411992499997773e-12
-2.867717131468938696e-12
-3.116470406391846915e-12
-3.347643993609206170e-12
-3.560355135712178765e-12
-3.753874381479116451e-12
-3.927632091088595345e-12
-4.081222339247236874e-12
-4.214405300434487245e-12
-4.327106381540879454e-12
-4.419414487144557313e-12
-4.491575080617371540e-12
-4.543981510507499877e-12
-4.577165469560329214e-12
-4.591783116930647779e-12
-4.588600766713968326e-12
-4.568477107030899376e-12
-4.532346720154123432e-12
-4.481204903677982188e-12
-4.416087287517633797e-12
-4.338055522440376066e-12
-4.248182534916100650e-12
-4.147537781967747250e-12
-4.037180745958268702e-12
-3.918149225207168129e-12
-3.791453696139202023e-12
-3.658074711199166273e-12
-3.518961814649723685e-12
-3.375033108890534983e-12
-3.227176338660431298e-12
-3.076250192080021151e-12
-2.923083866970821454e-12
-2.768477287695692013e-12
-2.613198503073621559e-12
-2.457981734815817276e-12
-2.303520221791366396e-12
-2.150455378005511342e-12
-1.999372238950525293e-12
-1.850787318541380344e-12
-1.705136574471632915e-12
-1.562764349351264404e-12
-1.423913504466911562e-12
-1.288717179845355609e-12
-1.157193373242659806e-12
-1.029243097000476226e-12
-9.046484264821352816e-13
-7.830777584531822821e-13
-6.640964362626677886e-13
-5.471804107905209325e-13
-4.317279227259579466e-13
-3.170779068993601069e-13
-2.025317034307777542e-13
-8.737480953601578504e-14
2.910321519910587240e-14
1.475878880913272795e-13
2.687204842324875109e-13
3.930811568169517711e-13
5.211726232870472764e-13
6.534097807091299170e-13
7.901139595020700845e-13
9.315087763639429141e-13
1.077716149829044401e-12
1.228759064983431237e-12
1.384565422382633137e-12
1.544970314876215056e-12
1.709721773879291362e-12
1.878486515644040011e-12
2.050851892823613021e-12
2.226323509227357000e-12
2.404331291352979072e-12
2.584226669460898407e-12
2.765276722882514804e-12
2.946657457966739280e-12
3.127450772313911109e-12
3.306639033764935398e-12
3.483101610954331129e-12
3.655610970182410213e-12
3.822834410138753469e-12
3.983339699753507546e-12
4.135603751814764806e-12
4.278029753362888599e-12
4.408960609797452079e-12
4.526698026835473954e-12
4.629530699767903101e-12
4.715757298545675269e-12
4.783712488631852722e-12
4.831789048725942948e-12
4.858463024254300322e-12
4.862315411413575816e-12
4.842052540171559727e-12
4.796517783650644517e-12
4.724705435915632634e-12
4.625769819271985384e-12
4.499035258925809799e-12
4.343996082983858642e-12
4.160326163432648272e-12
3.947881951904541609e-12
3.706706382805569078e-12
3.437030174358035595e-12
3.139279418015727963e-12
2.814088155209115705e-12
2.462300328909261538e-12
2.084974120436511313e-12
1.683395176726998343e-12
1.259083982907416299e-12
8.137986812206676746e-13
3.495334718276593700e-13
-1.314823900797068568e-13
-6.267897984489623209e-13
-1.133710096287710023e-12
-1.649364889458326822e-12
-2.170698733608422692e-12
-2.694504125030916519e-12
-3.217448876768891353e-12
-3.736109512042506964e-12
-4.247007259761126363e-12
-4.746637978503276400e-12
-5.231507935188339786e-12
-5.698165030099122674e-12
-6.143229154542684256e-12
-6.563418645383345407e-12
-6.955577173256566326e-12
-7.316692390846313288e-12
-7.643919351651984329e-12
-7.934594821457086056e-12
-8.186260697096159333e-12
-8.396670511667814196e-12
-8.563813720663393525e-12
-8.685941722819112698e-12
-8.761573064286487522e-12
-8.789512520590569977e-12
-8.768875382758611892e-12
-8.699110008725252641e-12
-8.580011701120326961e-12
-8.411726176715816905e-12
-8.194769515745825572e-12
-7.930036835523956995e-12
-7.618803157805054127e-12
-7.262706928912177062e-12
-6.863750019736603036e-12
-6.424275608013507721e-12
-5.946949530044598475e-12
-5.434725152547725813e-12
-4.890812581315184815e-12
-4.318649604595492519e-12
-3.721862661815178441e-12
-3.104227595460140599e-12
-2.469636474489167455e-12
-1.822068537715715308e-12
-1.165554848817085265e-12
-5.041486434050057586e-13
1.581000955153122334e-13
8.171649121258006687e-13
1.469068464966805099e-12
2.109902964148036020e-12
2.735852993804299693e-12
3.343219364543292826e-12
3.928436569100579590e-12
4.488096526367169048e-12
5.018976553805565288e-12
5.518067773546686539e-12
5.982596796433314879e-12
6.410045671340069973e-12
6.798184844919452630e-12
7.145092677240949541e-12
7.449171487983186069e-12
7.709155362689568136e-12
7.924124030556090048e-12
8.093506767559155435e-12
8.217080661732101277e-12
8.294956735377390089e-12
8.327573006172706016e-12
8.315677139936195061e-12
8.260308236029967333e-12
8.162768204422743423e-12
8.024603551093356657e-12
7.847586296072517342e-12
7.633690554675887086e-12
7.385061312481511209e-12
7.104000547542010935e-12
6.792950316830692614e-12
6.454474541645049968e-12
6.091232986754624434e-12
5.705973887826232271e-12
5.301511400018776854e-12
4.880709985471964885e-12
4.446466198709808637e-12
4.001687869958914234e-12
3.549270035860252470e-12
3.092078893277006024e-12
2.632930548931988746e-12
2.174564781715071504e-12
1.719627153347336179e-12
1.270649275901536424e-12
8.300358013760278375e-13
4.000467220943021429e-13
-1.721230410533635541e-14
-4.197993135838379297e-13
-8.059375649488442761e-13
-1.174018998337245101e-12
-1.522604741940880579e-12
-1.850422809770990717e-12
-2.156360376717736393e-12
-2.439462043826723381e-12
-2.698928754096829863e-12
-2.934109986224564537e-12
-3.144498116752769690e-12
-3.329729070591924689e-12
-3.489581670498842492e-12
-3.623973950789283194e-12
-3.732960121571871071e-12
-3.816731219269398068e-12
-3.875612938214478831e-12
-3.910065413809116208e-12
-3.920672814183845389e-12
-3.908138136027305976e-12
-3.873277566734945054e-12
-3.817009208706423351e-12
-3.740344405728235344e-12
-3.644370395738949497e-12
-3.530242504573566364e-12
-3.399169400813972786e-12
-3.252400085362872062e-12
-3.091213266262493597e-12
-2.916909335598516506e-12
-2.730800177999648248e-12
-2.534203966467196700e-12
-2.328440608725945715e-12
-2.114828711458072164e-12
-1.894684062420104453e-12
-1.669319522022705282e-12
-1.440043397027412908e-12
-1.208158247924251416e-12
-9.749613226125997123e-13
-7.417440685102139053e-13
-5.097866031221476302e-13
-2.803531874966819215e-13
-5.468793346234852859e-14
1.659891977557129139e-13
3.804917535557561514e-13
5.876732477386181763e-13
7.864358578420216350e-13
9.757356598041888596e-13
1.154590420666956607e-12
1.322086645889897216e-12
1.477384187209551669e-12
1.619719224195403928e-12
1.748407300015963894e-12
1.862847983508109095e-12
1.962524110235563946e-12
2.047002975111289480e-12
2.115935465035745366e-12
2.169057034678845142e-12
2.206187055958652721e-12
2.227225565434864940e-12
2.232155215872722032e-12
2.221038890998228155e-12
2.194021440221627373e-12
2.151330112318272647e-12
2.093273254386018856e-12
2.020242046568698768e-12
1.932710285215688550e-12
1.831235250243645751e-12
1.716455753572598830e-12
1.589091597024860913e-12
1.449940970239815830e-12
1.299879691732397369e-12
1.139855787882226856e-12
9.708858066462267011e-13
7.940480955051509859e-13
6.104775972931575367e-13
4.213573392107539117e-13
2.279098134175261414e-13
3.138808657432434757e-14
-1.669325349609382392e-13
-3.657648457115053597e-13
-5.638207999439370788e-13
-7.598203750208698537e-13
-9.525003398860865111e-13
-1.140623403020346593e-12
-1.322987509475015422e-12
-1.498433972388357738e-12
-1.665853544517703622e-12
-1.824193573973786897e-12
-1.972465593635952530e-12
-2.109750525322584558e-12
-2.235204859743489259e-12
-2.348066185930974825e-12
-2.447658395410279297e-12
-2.533397536891301982e-12
-2.604796369917727894e-12
-2.661468918516152193e-12
-2.703135241685639123e-12
-2.729625119685108459e-12
-2.740879788756811486e-12
-2.736953892690241474e-12
-2.718015699662568174e-12
-2.684346018036465331e-12
-2.636336027955765715e-12
-2.574482727696336681e-12
-2.499381561091307269e-12
-2.411720562839336779e-12
-2.312272335408538382e-12
-2.201883207014754262e-12
-2.081461955918961770e-12
-1.951970269448155548e-12
-1.814411034611884688e-12
-1.669819122383786603e-12
-1.519249678318124186e-12
-1.363769882613274920e-12
-1.204451902797609719e-12
-1.042365737995154529e-12
-8.785723342417950388e-13
-7.141182176845228824e-13
-5.500308325120939479e-13
-3.873145294069901823e-13
-2.269449683517041350e-13
-6.986504609432855895e-14
8.301926447728050218e-14
2.308441252821952228e-13
3.727944602321953127e-13
5.081091255208780577e-13
6.360868862881341457e-13
7.560921290103439496e-13
8.675604180365115159e-13
9.700033744980407491e-13
1.063011441024275250e-12
1.146256592247929529e-12
1.219492497435414879e-12
1.282555550478903239e-12
1.335363135172851212e-12
1.377909938926613620e-12
1.410264049636622552e-12
1.432563160978783667e-12
1.445009151397613767e-12
1.447861904153857626e-12
1.441434536834929059e-12
1.426086570881224258e-12
1.402218944256128363e-12
1.370269240956456525e-12
1.330706161581374225e-12
1.284024210741752103e-12
1.230740119192996751e-12
1.171388507026360770e-12
1.106517546860252832e-12
1.036685494393285722e-12
9.624576526381933839e-13
8.844027398445530874e-13
8.030887153204213647e-13
7.190805568178804119e-13
6.329378210781499980e-13
5.452132343687632332e-13
4.564504698691129736e-13
3.671830092581707117e-13
2.779336819285632698e-13
1.892145294613012396e-13
1.015265074701815484e-13
1.535833024884740439e-14
-6.881349195976202426e-14
-1.505248020412103260e-13
-2.293250767233800946e-13
-3.047788529799561053e-13
-3.764669782510554619e-13
-4.439881622075869672e-13
-5.069613891010849027e-13
-5.650275711720220695e-13
-6.178520694198608165e-13
-6.651265367467462664e-13
-7.065711405719599103e-13
-7.419364059756128338e-13
-7.710052756827734388e-13
-7.935935979544450625e-13
-8.095506144785435954e-13
-8.187603156226130885e-13
-8.211419825349119961e-13
-8.166489403119148172e-13
-8.052683411578775985e-13
-7.870215438555983045e-13
-7.619634632451133260e-13
-7.301823533832629831e-13
-6.917994280729311551e-13
-6.469686440226107838e-13
-5.958774055778159884e-13
-5.387466189311906906e-13
-4.758305837022913654e-13
-4.074165863617723593e-13
-3.338243310252453355e-13
-2.554056684027361523e-13
-1.725423460791769559e-13
-8.564442964499249800e-14
4.851990222088081034e-15
9.848772594992991070e-14
1.947844961497011140e-13
2.932486610311701991e-13
3.933752466562384642e-13
4.946521707863138495e-13
5.965648439652804225e-13
6.986004656706068516e-13
8.002516292855699209e-13
9.010191681299573041e-13
1.000415245436259148e-12
1.097966119065207913e-12
1.193213605178711223e-12
1.285716325072350230e-12
1.375050789377552096e-12
1.460812265423327982e-12
1.542615861438445535e-12
1.620097610753601369e-12
1.692914797062072818e-12
1.760748881765583640e-12
1.823305612394521269e-12
1.880317733113368028e-12
1.931545635242004622e-12
1.976779634080272352e-12
2.015840836269711112e-12
2.048582223995731866e-12
2.074888654987616654e-12
2.094676645678084093e-12
2.107895238565027363e-12
2.114523616966734743e-12
2.114568069255806648e-12
2.108061772018721136e-12
2.095060886928012955e-12
2.075642826018797571e-12
2.049900830677908736e-12
2.017943971643898493e-12
1.979892595357912732e-12
1.935876155559346223e-12
1.886029960679325157e-12
1.830492571755493181e-12
1.769404284548969919e-12
1.702904310618702510e-12
1.631130126800162117e-12
1.554215306800998952e-12
1.472289629621259532e-12
1.385477670090562441e-12
1.293899232548967326e-12
1.197668808745888658e-12
1.096896662042268211e-12
9.916894779318785602e-13
8.821515024536041860e-13
7.683857348138312116e-13
6.504961500009009967e-13
5.285897045591292365e-13
4.027790470942371748e-13
2.731857166697604367e-13
1.399432869933492363e-13
3.200669633504431809e-15
-1.368747508997264495e-13
-2.800943884381096316e-13
-4.262459797014367391e-13
-5.750905394258376546e-13
-7.263605407252515800e-13
-8.797585598387114292e-13
-1.034956300348388591e-12
-1.191593156611714388e-12
-1.349275834290619702e-12
-1.507578892452621222e-12
-1.666044797780930065e-12
-1.824184683515972516e-12
-1.981477915774521037e-12
-2.137375346156211720e-12
-2.291299745424413281e-12
-2.442645695086009816e-12
-2.590782189476614761e-12
-2.735053719962743379e-12
-2.874783310707895723e-12
-3.009272952353425623e-12
-3.137805770422885665e-12
-3.259651012652020619e-12
-3.374067518435719393e-12
-3.480307621955835984e-12
-3.577622790032486400e-12
-3.665272078900994046e-12
-3.742527988903621150e-12
-3.808683837064341660e-12
-3.863063514908393614e-12
-3.905028210515748555e-12
-3.933987684223705372e-12
-3.949405472797318239e-12
-3.950810165131990459e-12
-3.937798438019557423e-12
-3.910044163446535492e-12
-3.867304480126287913e-12
-3.809419793499024820e-12
-3.736320280944838146e-12
-3.648023723379356653e-12
-3.544638107338959898e-12
-3.426357721852957283e-12
-3.293464459486195040e-12
-3.146321527966455811e-12
-2.985373016503589660e-12
-2.811139558980824127e-12
-2.624214647667377776e-12
-2.425260513250204752e-12
-2.215007474312691294e-12
-1.994249166845096788e-12
-1.763839400058253570e-12
-1.524688903777049465e-12
-1.277762943195648315e-12
-1.024078391531624277e-12
-7.646987969060770052e-13
-5.007308586865710787e-13
-2.333200364683374328e-13
3.635541981393888844e-14
3.070921880503341139e-13
5.776702358649410396e-13
8.468587701752905428e-13
1.113425866262895969e-12
1.376148869337845415e-12
1.633824369198788595e-12
1.885277741212054714e-12
2.129370898357185737e-12
2.365014434291268230e-12
2.591174453822620016e-12
2.806878861283390592e-12
3.011223432061727046e-12
3.203379402016981459e-12
3.382595202203186879e-12
3.548201012518181763e-12
3.699609195384478966e-12
3.836316680994045214e-12
3.957903015744390629e-12
4.064029061195961745e-12
4.154435909869969024e-12
4.228940548439696911e-12
4.287433689326158870e-12
4.329876301251145421e-12
4.356295706109403199e-12
4.366782109521682997e-12
4.361484264026049829e-12
4.340607300673537949e-12
4.304408825900329916e-12
4.253198487846887588e-12
4.187332338506655205e-12
4.107217170534749329e-12
4.013305746758399906e-12
3.906098968581295239e-12
3.786139370770547075e-12
3.654015891946249539e-12
3.510362790379306652e-12
3.355854439821004398e-12
3.191204245300838238e-12
3.017163125243471633e-12
2.834514957819611602e-12
2.644072244137318783e-12
2.446670253550276009e-12
2.243165072093877832e-12
2.034427097272195617e-12
1.821336267568418599e-12
1.604777291955294949e-12
1.385636072027962573e-12
1.164796991498517897e-12
9.431392299086294173e-13
7.215345400150841026e-13
5.008456214865286693e-13
2.819241964446134174e-13
6.560966098754020259e-14
-1.472721548661723445e-13
-3.559105050607302978e-13
-5.595109336779813258e-13
-7.572974365654960849e-13
-9.485139453382918084e-13
-1.132427593537876920e-12
-1.308330288725401136e-12
-1.475541910878064300e-12
-1.633413239734982092e-12
-1.781329207403703485e-12
-1.918713452009335185e-12
-2.045031461880841839e-12
-2.159796213402342957e-12
-2.262571640460064870e-12
-2.352978705974506646e-12
-2.430699088187826540e-12
-2.495479951153400933e-12
-2.547140016267990248e-12
-2.585573465399559900e-12
-2.610753193493797752e-12
-2.622733627499762576e-12
-2.621654629497705002e-12
-2.607742580901240004e-12
-2.581309948776477903e-12
-2.542754852161155377e-12
-2.492559110500724984e-12
-2.431286942605748180e-12
-2.359578895119729403e-12
-2.278147288869991627e-12
-2.187772098899420925e-12
-2.089293148210824569e-12
-1.983604253075199608e-12
-1.871646067297394467e-12
-1.754397842279598052e-12
-1.632870704967870346e-12
-1.508099526335848761e-12
-1.381134356187585510e-12
-1.253031207439081474e-12
-1.124844249862644308e-12
-9.976162691077705702e-13
-8.723700472938744621e-13
-7.500990388716044510e-13
-6.317587512155720120e-13
-5.182575289058855006e-13
-4.104488558927255060e-13
-3.091235492407029550e-13
-2.150021968187060262e-13
-1.287282590635777102e-13
-5.086215330201218632e-14
1.812428415085432648e-14
7.785242448540147242e-14
1.280406444932602472e-13
1.685070540134031569e-13
1.991715847153921470e-13
2.200570726074851935e-13
2.312890547487289616e-13
2.330942784709716387e-13
2.257982212663933730e-13
2.098214993678099161e-13
1.856746093681360676e-13
1.539515043225136992e-13
1.153224515665005057e-13
7.052571146439617911e-14
2.035811670880304652e-14
-3.433494807913994862e-14
-9.267020202423370545e-14
-1.537376183389366213e-13
-2.166113019204732315e-13
-2.803602890209117016e-13
-3.440595518992145552e-13
-4.068002987418772864e-13
-4.676993926693018278e-13
-5.259081473259208384e-13
-5.806209462874689642e-13
-6.310829137913531728e-13
-6.765965825800135391e-13
-7.165275859623287946e-13
-7.503097535638270088e-13
-7.774495565555927801e-13
-7.975295771012191892e-13
-8.102114899127821346e-13
-8.152373090833386904e-13
-8.124310686002944593e-13
-8.017001775981191791e-13
-7.830341193157397406e-13
-7.565042342561056898e-13
-7.222617686222787547e-13
-6.805355974928706253e-13
-6.316290264256341214e-13
-5.759155630689904992e-13
-5.138340382522532668e-13
-4.458833205000373168e-13
-3.726159463444955744e-13
-2.946308561707633444e-13
-2.125664824281087162e-13
-1.270930924520893845e-13
-3.890494493946107524e-14
5.128805502041880460e-14
1.427685281194662759e-13
2.348193254425590126e-13
3.267310196269218592e-13
4.178095044417295956e-13
5.073828726956386426e-13
5.948074606638986683e-13
6.794729709436175824e-13
7.608080289898955240e-13
8.382839236133199368e-13
9.114184016875692684e-13
9.797778907638665657e-13
1.042979179584346827e-12
1.100690935965098483e-12
1.152634194687141012e-12
1.198582465916642192e-12
1.238360759422962865e-12
1.271845259318005184e-12
1.298961372492302146e-12
1.319683186513931350e-12
1.334030217021997533e-12
1.342065456162722104e-12
1.343893204185098167e-12
1.339655816834373070e-12
1.329530778006182690e-12
1.313727338719816728e-12
1.292483698192570252e-12
1.266063425972574485e-12
1.234752100912062112e-12
1.198854600661936054e-12
1.158691090123731282e-12
1.114595503566573331e-12
1.066911424658922858e-12
1.015991002266403154e-12
9.621915894250654411e-13
9.058743338785646415e-13
8.474028228254437689e-13
7.871406434642458372e-13
7.254501903711241262e-13
6.626915812976696962e-13
5.992207598171095384e-13
5.353878690210478464e-13
4.715358420566417852e-13
4.079989384536686359e-13
3.451004401949092637e-13
2.831504019966402108e-13
2.224440250053749679e-13
1.632593935258289108e-13
1.058550355660312081e-13
5.046718522683929509e-14
-2.692377867351334990e-15
-5.343818378251985468e-14
-1.016125050312503830e-13
-1.470864852441342019e-13
-1.897607098582179685e-13
-2.295649564540425125e-13
-2.664566158862291534e-13
-3.004190592039573948e-13
-3.314596047718915139e-13
-3.596062792161902610e-13
-3.849033993006539811e-13
-4.074068827523286140e-13
-4.271801825033588740e-13
-4.442892993609948160e-13
-4.587972796815664722e-13
-4.707600954022284068e-13
-4.802224698625956467e-13
-4.872149233538236590e-13
-4.917520383951323737e-13
-4.938312129013078255e-13
-4.934328228130280269e-13
-4.905210894586009562e-13
-4.850472237402647657e-13
-4.769527871609224867e-13
-4.661733781115284803e-13
-4.526436192010818704e-13
-4.363032016837381510e-13
-4.171024690999974860e-13
-3.950077840774585125e-13
-3.700069493416807687e-13
-3.421135987349832597e-13
-3.113705582431791630e-13
-2.778528275515501633e-13
-2.416687455621818748e-13
-2.029589197443185111e-13
-1.618943829906696608e-13
-1.186747369211899050e-13
-7.352399803350548324e-14
-2.668519193864491573e-14
2.158489654916807832e-14
7.102099534557829164e-14
1.213553454774973783e-13
1.723221175128908378e-13
2.236615433874947212e-13
2.751234298974808423e-13
3.264696726932442283e-13
3.774728739216332007e-13
4.279150276308152367e-13
4.775862322801971427e-13
5.262813839237989733e-13
5.737936709972191185e-13
6.199092888320434369e-13
6.644019644348742037e-13
7.070275896865763077e-13
7.475182582303285805e-13
7.855778744528252311e-13
8.208785756171066428e-13
8.530592139795178941e-13
8.817263867817726197e-13
9.064556288733427447e-13
9.267943400573241952e-13
9.422665555799958348e-13
9.523814029077648513e-13
9.566389564188981787e-13
9.545386399703592595e-13
9.455872499938844378e-13
9.293089301559698256e-13
9.052518934113407134e-13
8.729968787798969565e-13
8.321635481395306400e-13
7.824154735561195118e-13
7.234639862012393063e-13
6.550724589507450624e-13
5.770576074273781053e-13
4.892905199928299087e-13
3.916978232650775160e-13
2.842617363284921650e-13
1.670188510063952414e-13
4.006197500475150441e-14
-9.645856704522393077e-14
-2.423347709567397201e-13
-3.973003837812877359e-13
-5.610248593815314599e-13
-7.331081271558237411e-13
-9.130782067934273272e-13
-1.100387359356802541e-12
-1.294402952878304092e-12
-1.494401173987580655e-12
-1.699563450044405677e-12
-1.908974063893897899e-12
-2.121614516015224439e-12
-2.336361356117255816e-12
-2.551986399979000453e-12
-2.767161066258294611e-12
-2.980461363821795828e-12
-3.190373095915410850e-12
-3.395301184302979003e-12
-3.593583980734949002e-12
-3.783507361576621264e-12
-3.963317087712914244e-12
-4.131239187549207159e-12
-4.285494702160885794e-12
-4.424319417772881735e-12
-4.545980779313563147e-12
-4.648794370287756550e-12
-4.731141260011506589e-12
-4.791487519251180771e-12
-4.828392460159980359e-12
-4.840528151917045108e-12
-4.826687660663964152e-12
-4.785801529377797792e-12
-4.716948186211933347e-12
-4.619362618113465047e-12
-4.492445911802311898e-12
-4.335779131559025501e-12
-4.149135028608252895e-12
-3.932483678970033480e-12
-3.685999856034571920e-12
-3.410077125190480452e-12
-3.105336517442158772e-12
-2.772629998856745992e-12
-2.413042205287596609e-12
-2.027897381268184418e-12
-1.618762198937750973e-12
-1.187440879131529403e-12
-7.359673309149938891e-13
-2.665981313747928239e-13
2.181956601076534552e-13
7.157446835735770119e-13
1.223203287790963767e-12
1.737569289839147046e-12
2.255704087059107188e-12
2.774359735002729366e-12
3.290209901404828052e-12
3.799877947019414393e-12
4.299964898035746330e-12
4.787079586898723704e-12
5.257871828895366306e-12
5.709059960889995011e-12
6.137459897942454390e-12
6.540010720479383366e-12
6.913802863550699840e-12
7.256103270320002352e-12
7.564375341384543816e-12
7.836302787223026201e-12
8.069806108068622308e-12
8.263058640101128560e-12
8.414503469000855773e-12
8.522869909821650936e-12
8.587173506990897209e-12
8.606738585714701628e-12
8.581206058233536993e-12
8.510530821737027907e-12
8.394990431981330659e-12
8.235185103289133224e-12
8.032042045358345206e-12
7.786807657006455941e-12
7.501035383106202659e-12
7.176577040968190602e-12
6.815574580404382132e-12
6.420440134408123001e-12
5.993828263578526716e-12
5.538616440481369807e-12
5.057880763520428147e-12
4.554865599276647359e-12
4.032947586996016298e-12
3.495607015652213434e-12
2.946399634690122227e-12
2.388919140630663129e-12
1.826764651005619022e-12
1.263510346696805620e-12
7.026790716131714465e-13
1.477124900260001761e-13
-3.980560184854015082e-13
-9.314248591157925361e-13
-1.449343900103428062e-12
-1.948935153886499627e-12
-2.427510449598546671e-12
-2.882587397945446384e-12
-3.311903052152787019e-12
-3.713425834189765240e-12
-4.085361823141786530e-12
-4.426169066679142006e-12
-4.734563869429608829e-12
-5.009522744542360684e-12
-5.250283714730574758e-12
-5.456348914356645707e-12
-5.627484589432185658e-12
-5.763717194490203255e-12
-5.865321249520771829e-12
-5.932818472609291405e-12
-5.966965203191287870e-12
-5.968737223221998178e-12
-5.939313710984217565e-12
-5.880060761215277765e-12
-5.792515338914894230e-12
-5.678361426897371445e-12
-5.539408775429022214e-12
-5.377572085546455938e-12
-5.194851059736604881e-12
-4.993306115808060497e-12
-4.775035401805016733e-12
-4.542157882453379258e-12
-4.296795991926005698e-12
-4.041057419246207871e-12
-3.777018194733861023e-12
-3.506706860653685531e-12
-3.232096014438301523e-12
-2.955090165623897036e-12
-2.677513809626330676e-12
-2.401103404645055228e-12
-2.127500432769213745e-12
-1.858244027402866649e-12
-1.594765660674346552e-12
-1.338382312962571596e-12
-1.090292895029876252e-12
-8.515740196335386258e-13
-6.231780499618699842e-13
-4.059298741327516113e-13
-2.005254008631204843e-13
-7.532631812680497252e-15
1.726063546649350688e-13
3.395738822509902777e-13
4.931719637703280146e-13
6.333170207879768032e-13
7.600317944445045271e-13
8.734391248460537938e-13
9.737538466531026060e-13
1.061272597580042998e-12
1.136364114785737289e-12
1.199460886516789948e-12
1.251049827968864214e-12
1.291663607669302216e-12
1.321870564396920855e-12
1.342268960910497633e-12
1.353479936634649494e-12
1.356140785606363419e-12
1.350898451261961508e-12
1.338405298048628289e-12
1.319315099876372521e-12
1.294279245410423496e-12
1.263941533900803105e-12
1.228934814155591138e-12
1.189878165615276817e-12
1.147372453123851610e-12
1.101996532221205527e-12
1.054303454435523424e-12
1.004817323096984794e-12
9.540307996727670492e-13
9.024019053706366922e-13
8.503519611548215895e-13
7.982645577539471127e-13
7.464845798790809006e-13
6.953182604338414841e-13
6.450334515649414069e-13
5.958614678058804515e-13
5.479981702791181242e-13
5.016067314116134934e-13
4.568201828099305306e-13
4.137441257656693239e-13
3.724600922822007831e-13
3.330284453154780389e-13
2.954904387581641645e-13
2.598705213692487082e-13
2.261786678087185365e-13
1.944124928317941814e-13
1.645578204950703949e-13
1.365902698021934092e-13
1.104765150888864511e-13
8.617572259082828534e-14
6.363986892804138207e-14
4.281493711541344005e-14
2.364196349542019293e-14
6.058189702933675092e-15
-1.000170998403720687e-14
-2.460427254459812002e-14
-3.781607392137030510e-14
-4.970233141612760697e-14
-6.032546966301677305e-14
-6.974413722330569110e-14
-7.801218845178078953e-14
-8.517774837237326868e-14
-9.128282304300336381e-14
-9.636312337272731621e-14
-1.004478076237214079e-13
-1.035597253567707710e-13
-1.057160747288364566e-13
-1.069291749871033315e-13
-1.072071440953378807e-13
-1.065548203057348209e-13
-1.049748734661438976e-13
-1.024689095510331049e-13
-9.903877848035924636e-14
-9.468780739953913672e-14
-8.942146475328024979e-14
-8.324813955589219217e-14
-7.618000875302469166e-14
-6.823320662825704819e-14
-5.942759441013648058e-14
-4.978664168756551101e-14
-3.933732815398008342e-14
-2.810990474405843792e-14
-1.613757345526704856e-14
-3.456543675551615805e-15
9.893969934245301634e-15
2.387146199028106208e-14
3.842934949210494167e-14
5.351625989146596707e-14
6.907513704903708862e-14
8.504217566696753439e-14
1.013459742559355559e-13
1.179067694173641101e-13
1.346358192034352586e-13
1.514351523953377798e-13
1.681981377094077246e-13
1.848102562911763114e-13
2.011503078902868169e-13
2.170921184789162406e-13
2.325069119440276166e-13
2.472654242816063608e-13
2.612400313434237731e-13
2.743069443464363211e-13
2.863477955184628998e-13
2.972512372963892480e-13
3.069138638980145606e-13
3.152409973686265410e-13
3.221465520557298401e-13
3.275531972393719293e-13
3.313921673967629156e-13
3.336030724668953562e-13
3.341337352202183864e-13
3.329404080990722159e-13
3.299879087429596902e-13
3.252501349845782208e-13
3.187107153711232765e-13
3.103637952108634357e-13
3.002147684096068136e-13
2.882810906223304270e-13
2.745927942492121243e-13
2.591928679063909557e-13
2.421373648461844219e-13
2.234951861166539766e-13
2.033475520130459402e-13
1.817870398483634187e-13
1.589168521168998760e-13
1.348495967667950879e-13
1.097058031983115522e-13
8.361272286518117713e-14
5.670312309968839060e-14
2.911412837159829681e-14
9.860662057660420782e-16
-2.753851325849963200e-14
-5.631575460411826495e-14
-8.520133654588840644e-14
-1.140512651768427199e-13
-1.427226663675701390e-13
-1.710747700185005771e-13
-1.989698553486740629e-13
-2.262741047049515730e-13
-2.528586877641875175e-13
-2.786007102101306643e-13
-3.033837287294560703e-13
-3.270988352139375666e-13
-3.496451175463710648e-13
-3.709301203864978635e-13
-3.908702788518736426e-13
-4.093914877240090178e-13
-4.264297519696730321e-13
-4.419312138459474681e-13
-4.558528576316389636e-13
-4.681625638373876352e-13
-4.788396242016990101e-13
-4.878747687959983370e-13
-4.952698407639788414e-13
-5.010378505317103492e-13
-5.052020000256840504e-13
-5.077948695211831343e-13
-5.088574418603275529e-13
-5.084379640397929112e-13
-5.065905377479862359e-13
-5.033739267426562414e-13
-4.988499847577432256e-13
-4.930821376203375905e-13
-4.861346785192677267e-13
-4.780709790715154117e-13
-4.689524051200433252e-13
-4.588375035821656844e-13
-4.477812706130818166e-13
-4.358348263452244131e-13
-4.230450896276077843e-13
-4.094544798702304256e-13
-3.951007273086948324e-13
-3.800169001092618126e-13
-3.642312959486332380e-13
-3.477671709634089225e-13
-3.306425771197607499e-13
-3.128703351083783613e-13
-2.944580072394148429e-13
-2.754076534969979173e-13
-2.557159941695558159e-13
-2.353746266902517759e-13
-2.143702289248913817e-13
-1.926852096932260561e-13
-1.702980611346591178e-13
-1.471841447548208337e-13
-1.233165723398335634e-13
-9.866683614882451603e-14
-7.320584568225319000e-14
-4.690490685199839860e-14
-1.973679601913538861e-14
8.323296411360918412e-15
3.729695453305245656e-14
6.720136464443901558e-14
9.804823782304933344e-14
1.298429544221643694e-13
1.625835425490829156e-13
1.962595803104219550e-13
2.308511997013706907e-13
2.663281379287896211e-13
3.026489649171626439e-13
3.397602837094948480e-13
3.775958766581016812e-13
4.160760549033054589e-13
4.551073060077293064e-13
4.945819686956454131e-13
5.343779346973775990e-13
5.743586487493013149e-13
6.143738946404186940e-13
6.542600120527930496e-13
6.938404928727437415e-13
7.329270653930186619e-13
7.713207785149667206e-13
8.088134112113620766e-13
8.451889361993369931e-13
8.802248751930974446e-13
9.136938167869645966e-13
9.453657474900456492e-13
9.750097864497098143e-13
1.002395974385172916e-12
1.027297387781733740e-12
1.049492415715336247e-12
1.068766928256914550e-12
1.084916119616086139e-12
1.097747327066800338e-12
1.107082090931466034e-12
1.112758214565079395e-12
1.114631715919134347e-12
1.112579104366184790e-12
1.106499115423320578e-12
1.096314228635208998e-12
1.081972619138005243e-12
1.063448808180655902e-12
1.040744855747288700e-12
1.013890577397646986e-12
9.829448453096967242e-13
9.479947209178885004e-13
9.091554007030488993e-13
8.665694572508597648e-13
8.204062429406633328e-13
7.708606973230724968e-13
7.181517208167120803e-13
6.625206568251773565e-13
6.042295570135580718e-13
5.435590671142020991e-13
4.808059874718273452e-13
4.162814027947742135e-13
3.503083511203347600e-13
2.832198993558965316e-13
2.153565005361471330e-13
