0.000000000000000000e+00
0.000000000000000000e+00
0.000000000000000000e+00
0.000000000000000000e+00
0.000000000000000000e+00
0.000000000000000000e+00
0.000000000000000000e+00
0.000000000000000000e+00
0.000000000000000000e+00
0.000000000000000000e+00
0.000000000000000000e+00
0.000000000000000000e+00
0.000000000000000000e+00
0.000000000000000000e+00
0.000000000000000000e+00
0.000000000000000000e+00
0.000000000000000000e+00
0.000000000000000000e+00
0.000000000000000000e+00
0.000000000000000000e+00
0.000000000000000000e+00
0.000000000000000000e+00
0.000000000000000000e+00
0.000000000000000000e+00
0.000000000000000000e+00
0.000000000000000000e+00
0.000000000000000000e+00
0.000000000000000000e+00
0.000000000000000000e+00
0.000000000000000000e+00
0.000000000000000000e+00
0.000000000000000000e+00
0.000000000000000000e+00
0.000000000000000000e+00
0.000000000000000000e+00
0.000000000000000000e+00
0.000000000000000000e+00
0.000000000000000000e+00
0.000000000000000000e+00
0.000000000000000000e+00
0.000000000000000000e+00
0.000000000000000000e+00
0.000000000000000000e+00
0.000000000000000000e+00
0.000000000000000000e+00
0.000000000000000000e+00
0.000000000000000000e+00
0.000000000000000000e+00
0.000000000000000000e+00
0.000000000000000000e+00
0.000000000000000000e+00
0.000000000000000000e+00
0.000000000000000000e+00
0.000000000000000000e+00
0.000000000000000000e+00
1.401298464324817071e-45
-2.662467082217152435e-44
-1.429324433611313412e-43
-4.848492686563867065e-43
-1.468560790612408290e-42
-2.801195630185309325e-42
-5.487484786295983650e-42
-1.191944473754689401e-41
-2.726506422036796575e-41
-1.281025017131818022e-40
-4.263198343984677471e-40
-1.163534548688968059e-39
-2.924794358634151165e-39
-5.477410851635952540e-39
-1.064815454084674049e-38
-2.180005626143975217e-38
-4.541525366007644098e-38
-1.334547555924765837e-37
-3.441323117985160449e-37
-7.862200049330752176e-37
-1.688011573823117137e-36
-3.022029954606203065e-36
-5.557602622542237408e-36
-1.040967761092107987e-35
-1.949712066252604948e-35
-4.357639923458836490e-35
-9.206611804771796699e-35
-1.804792266881373991e-34
-3.377212029890480844e-34
-5.653200748121487992e-34
-9.604281084477495773e-34
-1.632154436991560711e-33
-2.749735119884711169e-33
-5.086173405518014057e-33
-9.143227220830039639e-33
-1.565356015416924180e-32
-2.586583630425079523e-32
-3.982456135656477026e-32
-6.161976064093780374e-32
-9.451168537179077242e-32
-1.431127461603519221e-31
-2.275958072725939227e-31
-3.550787573664464140e-31
-5.350801854575798858e-31
-7.837504200209248940e-31
-1.092183680755781624e-30
-1.515620631967178293e-30
-2.073787009257393544e-30
-2.793282651113218624e-30
-3.850817930581902830e-30
-5.202435941711057215e-30
-6.823517883133444315e-30
-8.713828655978899673e-30
-1.061386838430904868e-29
-1.266972712988589295e-29
-1.474059684428318978e-29
-1.667357599319343672e-29
-1.876525929268503717e-29
-2.003236772354939500e-29
-2.001258782116743047e-29
-1.825838462397769774e-29
-1.309999191652415386e-29
-4.292452474739509168e-30
8.362617275026658584e-30
2.521965238943428552e-29
4.680311895121008871e-29
7.486603074533986483e-29
1.081314450611807288e-28
1.459194785357086052e-28
1.894299554316213609e-28
2.361627779398613155e-28
2.824752782748009083e-28
3.265628480414871469e-28
3.685149466858368183e-28
4.037587905926426989e-28
4.294333626812689401e-28
4.459454193559701260e-28
4.516872424474204020e-28
4.461140345226012285e-28
4.347422367212209654e-28
4.250874536135105327e-28
4.264897232060188791e-28
4.418958627584043046e-28
4.832844343010262708e-28
5.611988450179354812e-28
6.773069020927226722e-28
8.453441934440117811e-28
1.069431342484316518e-27
1.351687064745457282e-27
1.703705939975131328e-27
2.110953263772539847e-27
2.558872376135518012e-27
3.043845995442517718e-27
3.548408440806874438e-27
4.072792171972875712e-27
4.610335782448874969e-27
5.177175098494937348e-27
5.827538914741163126e-27
6.530692855949031916e-27
7.297900915991286906e-27
8.166248801877048710e-27
9.136312751845677988e-27
1.026275142809086225e-26
1.154326064802713660e-26
1.299773295686408793e-26
1.474301375395571208e-26
1.667235952769231314e-26
1.864988282417374977e-26
2.057785271355808059e-26
2.232300871038930844e-26
2.376898766817151206e-26
2.459904960750681113e-26
2.468614170033595744e-26
2.435308524244922846e-26
2.360644996607291793e-26
2.259096411392388232e-26
2.170026773696345103e-26
2.134780714970103178e-26
2.134982090205088307e-26
1.952214265896255093e-26
1.210178803561921255e-26
-5.567970550928406781e-27
-4.027118897416127965e-26
-9.767438453877419667e-26
-1.771093558505620064e-25
-2.679441006369162593e-25
-3.459598803653323586e-25
-3.733000490551591686e-25
-3.080594772563447451e-25
-1.164039823737181119e-25
2.024087167266787707e-25
5.709971954177922937e-25
8.115524891596942100e-25
6.512954948716588144e-25
-2.639578632233180459e-25
-2.230843025271203304e-24
-5.265976286208636184e-24
-8.951187336602906094e-24
-1.221828554115103011e-23
-1.317385563261149311e-23
-9.493079558226375733e-24
1.060927099910547309e-24
1.986113838897493069e-23
4.529771530866764828e-23
7.129302663031030412e-23
8.702575297967607516e-23
7.662150436603960107e-23
2.235798255047349090e-23
-8.706004634094784299e-23
-2.503700877377868829e-22
-4.449103308896460756e-22
-6.129485079406794971e-22
-6.652439527486294495e-22
-4.918740857202606710e-22
2.287190176439782346e-23
9.407519452010615122e-22
2.195171344137727981e-21
3.558687707155112643e-21
4.589150782520531181e-21
4.624440860079714892e-21
2.950943611217876524e-21
-1.047582543455515947e-21
-7.685412619412606974e-21
-1.643630980038880655e-20
-2.557199944697988379e-20
-3.216762907433515297e-20
-3.194476852273746772e-20
-2.006827569317588731e-20
6.972790059349638061e-21
5.027664509173536571e-20
1.069102378144261048e-19
1.666671352831463650e-19
2.117667412642478956e-19
2.184681708462403916e-19
1.574390566707165037e-19
3.251322860777214581e-21
-2.518066773088186230e-19
-5.924693545120249017e-19
-9.708383103060308207e-19
-1.292308717087387609e-18
-1.426840958322705754e-18
-1.224896288898883220e-18
-5.241450113969690842e-19
7.790175560980330774e-19
2.650011231475920512e-18
4.899702615242515410e-18
7.135497364718219442e-18
8.715893753811008163e-18
8.867984971499295703e-18
6.787995894252548581e-18
1.679172507579583415e-18
-6.825809215184491411e-18
-1.826800920427024859e-17
-3.133941833757616121e-17
-4.364571849149502536e-17
-5.156582727290245601e-17
-5.098655268993157073e-17
-3.777446991293244001e-17
-7.822058100317844966e-18
4.087993092558312033e-17
1.063836654932203871e-16
1.829349894028219265e-16
2.599520821717398247e-16
3.213861906960121520e-16
3.489967383892033682e-16
3.242236451901956513e-16
2.276719212496744558e-16
4.776268573567759982e-17
-2.108160185388730824e-16
-5.280359453349169497e-16
-8.640832969660557777e-16
-1.153747177345108323e-15
-1.316046313335557556e-15
-1.259184673949021154e-15
-8.704047567909738246e-16
-4.208165891950015893e-17
1.293754311987955694e-15
3.175563153431340720e-15
5.609153397155173734e-15
8.542183277458585688e-15
1.186719163014755482e-14
1.543973689134212068e-14
1.905704360863434005e-14
2.249452861935626047e-14
2.559611763264680456e-14
2.825073244186893789e-14
3.035352730881152317e-14
3.188691444135777209e-14
3.297432178651568679e-14
3.381166806498518695e-14
3.465126745109438355e-14
3.580546842634098337e-14
3.753963286057260262e-14
4.006220539771315758e-14
4.359479696181868535e-14
4.825889918257976474e-14
5.397986474042076877e-14
6.059938656563165771e-14
6.791151706741702099e-14
7.564717759535669050e-14
8.356654940516045071e-14
9.149164038142407196e-14
9.924850383809941112e-14
1.067492719653700961e-13
1.141261699944343122e-13
1.216108919295522117e-13
1.294123364243074392e-13
1.377952385441666427e-13
1.470101574111912224e-13
1.572058862210276575e-13
1.684992477577612613e-13
1.808863388935710859e-13
1.941927386039585257e-13
2.081949250585385380e-13
2.226204924614741398e-13
2.372061423151772264e-13
2.517570841468336207e-13
2.661367491402916174e-13
2.802752875705888380e-13
2.941416370454835727e-13
3.078401520240775513e-13
3.215382875319111600e-13
3.352972467816212054e-13
3.491947128588662741e-13
3.632176753375765399e-13
3.771936376521095591e-13
3.909812469442275340e-13
4.043070945310839326e-13
4.168210102160202490e-13
4.282559550039533036e-13
4.382821416990673180e-13
4.467017847200466241e-13
4.533816627249470654e-13
4.581433431412318402e-13
4.609873680699871912e-13
4.618220953225837810e-13
4.605046270526880203e-13
4.569488776078045600e-13
4.509360549895258252e-13
4.423316910234093013e-13
4.308516705301551619e-13
4.160517687746417836e-13
3.977921778867271607e-13
3.758242089930974306e-13
3.498402468323641434e-13
3.197283204251638589e-13
2.853573226237887672e-13
2.468085414861209692e-13
2.040390019485485706e-13
1.568479639788358804e-13
1.054207583858421393e-13
4.978567607000564110e-14
-1.022126515913025779e-14
-7.462442258099680203e-14
-1.434194695512994167e-13
-2.163898129691615990e-13
-2.934879715556920621e-13
-3.747437202130526890e-13
-4.597260614726261796e-13
-5.480799733330321555e-13
-6.395647358069245225e-13
-7.337997939317608687e-13
-8.303255001965159643e-13
-9.285451097254537878e-13
-1.028048414626614449e-12
-1.128471014549825568e-12
-1.229185698538304283e-12
-1.329615020514984813e-12
-1.429208314196461771e-12
-1.527350186429632384e-12
-1.623345121520847201e-12
-1.716455428311947085e-12
-1.805938103054127719e-12
-1.890950286978498873e-12
-1.970804162226835743e-12
-2.044787950072901594e-12
-2.112039709789570452e-12
-2.171813943963041282e-12
-2.223454927119394853e-12
-2.266490597632730974e-12
-2.300207116792685191e-12
-2.323676624380044409e-12
-2.336641513958626071e-12
-2.338763080769745706e-12
-2.329230124747949660e-12
-2.307481896529628429e-12
-2.273279221115531712e-12
-2.226724447190742140e-12
-2.167416203111005579e-12
-2.094738662042350263e-12
-2.009184051771084611e-12
-1.911146154526255359e-12
-1.800371266999500897e-12
-1.676914032980314495e-12
-1.541339538640995599e-12
-1.394556562242521558e-12
-1.236825529146723390e-12
-1.068245752272600768e-12
-8.900029693260924635e-13
-7.032092464755168582e-13
-5.083700929837953186e-13
-3.062207876592532019e-13
-9.804276937834185968e-14
1.147236060490552934e-13
3.311201681767406146e-13
5.501604488818145899e-13
7.703929182957536259e-13
9.903542829564626615e-13
1.208863413017235988e-12
1.424786287215762393e-12
1.636656088432886236e-12
1.843218286334824541e-12
2.043240576732330283e-12
2.235199655573061328e-12
2.418175902574315472e-12
2.591051938977129154e-12
2.752420253521181692e-12
2.901250420461742863e-12
3.036569259928789677e-12
3.158013781034973988e-12
3.264640727890233407e-12
3.355008111605162213e-12
3.429329736848174548e-12
3.487454682676860429e-12
3.528368569538642419e-12
3.551730957951360068e-12
3.557558978309338649e-12
3.546641496113278613e-12
3.518779668684746120e-12
3.473185281044344208e-12
3.411210550141596798e-12
3.333713730416243415e-12
3.240487739253339328e-12
3.132053861057415567e-12
3.009365326378521388e-12
2.874087686594029023e-12
2.726854115772670006e-12
2.567768480482568449e-12
2.398752420654237660e-12
2.221216049633212286e-12
2.035701685346169576e-12
1.843293096284726040e-12
1.645335885765153439e-12
1.443553067879965734e-12
1.239058118260305541e-12
1.032673837934872108e-12
8.259963893419985936e-13
6.203074078697801141e-13
4.165964448410441889e-13
2.160056123768142045e-13
1.957945287291932429e-14
-1.716984437656957074e-13
-3.568212077805638094e-13
-5.347236867701832264e-13
-7.048160340951403757e-13
-8.665195839509254316e-13
-1.018890484136281138e-12
-1.161214679100408542e-12
-1.293096489260459059e-12
-1.414573211171166189e-12
-1.525112609986056800e-12
-1.623837132466721123e-12
-1.711280531342673772e-12
-1.787664634378405282e-12
-1.852453086759187073e-12
-1.905611736116585853e-12
-1.947389081588535298e-12
-1.978660074328231211e-12
-1.999464396135186561e-12
-2.009320661244817785e-12
-2.009455319154640485e-12
-2.000551200392886031e-12
-1.982494463731443446e-12
-1.955791865265732454e-12
-1.920988975528947762e-12
-1.879261720197367147e-12
-1.831074137800814405e-12
-1.776323771233989657e-12
-1.716332371365369980e-12
-1.651808030633805657e-12
-1.582933653945794994e-12
-1.510449642964928341e-12
-1.434814289949515320e-12
-1.356987005401988355e-12
-1.277542850154633758e-12
-1.196580920286016703e-12
-1.115054554766403694e-12
-1.033381279852418899e-12
-9.518273755976247585e-13
-8.710637463063553021e-13
-7.912344824473338534e-13
-7.128276376285047622e-13
-6.363028593608932582e-13
-5.617902519051976018e-13
-4.897294592423606652e-13
-4.201828772074089891e-13
-3.533602989207185185e-13
-2.897059762224651891e-13
-2.290789628302258851e-13
-1.715261775930149168e-13
-1.172832040903862283e-13
-6.640011213391791567e-14
-1.887640028010520443e-14
2.549042994368609649e-14
6.661447245594545596e-14
1.042904166346537986e-13
1.387955776786103934e-13
1.703112341910548166e-13
1.987782497197415621e-13
2.242259248283820505e-13
2.468505001101961582e-13
2.669372156042376654e-13
2.845158462126684551e-13
2.995670389267096612e-13
3.123836096480953062e-13
3.231991768399417042e-13
3.320775458000996272e-13
3.391166199847445162e-13
3.445144289206808486e-13
3.484958632435364301e-13
3.511442981003753960e-13
3.525135912341159639e-13
3.527941285462465881e-13
3.521284013072861763e-13
3.506213873925856372e-13
3.484074465563702372e-13
3.455777330962916949e-13
3.422537047607226990e-13
3.385580932355886086e-13
3.345677684549186459e-13
3.303693852773487150e-13
3.259800740972040867e-13
3.215076046104298202e-13
3.171004311994934932e-13
3.127180860183070843e-13
3.083711129329980150e-13
3.041938445927372392e-13
3.002439605531009859e-13
2.965064446140003307e-13
2.928816043856752316e-13
2.894585341816496848e-13
2.863965846162247475e-13
2.835424495022109692e-13
2.808347629966456704e-13
2.784105140440223947e-13
2.763031231763080076e-13
2.744386478053389977e-13
2.726465158243290832e-13
2.709956282813397177e-13
2.696406195112216464e-13
2.683641340834458378e-13
2.670606520215751400e-13
2.658538265833815251e-13
2.647481029977721834e-13
2.636386118096134545e-13
2.623252635079731387e-13
2.608482277833418239e-13
2.593341394494658170e-13
2.575590836526725491e-13
2.554152635919626491e-13
2.529938064599335235e-13
2.502865807402915310e-13
2.471975261205544561e-13
2.435645272708814035e-13
2.393932762526779223e-13
2.347418320922806112e-13
2.294496515529986791e-13
2.234361784134164530e-13
2.167091376140128922e-13
2.092425083026483446e-13
2.009762256789671131e-13
1.918511058568786454e-13
1.818286325542053938e-13
1.708532675146617885e-13
1.589297947803339217e-13
1.460600032848063945e-13
1.321308378465432809e-13
1.171097317427885476e-13
1.010029597936154544e-13
8.392359750935066143e-14
6.577115290113191848e-14
4.632645449979128083e-14
2.585853013377208132e-14
4.495427044260173408e-15
-1.802439016725283782e-14
-4.171425168177436693e-14
-6.646763760047302849e-14
-9.193640044136835998e-14
-1.182786507625266381e-13
-1.459104240425848631e-13
-1.742444892798705736e-13
-2.030193911204888901e-13
-2.326658288774596794e-13
-2.631707243620773351e-13
-2.943200696180203746e-13
-3.255161439875975393e-13
-3.569487912712110411e-13
-3.892162742276383813e-13
-4.214269992003361054e-13
-4.532063472336561594e-13
-4.851095653651826822e-13
-5.170907647379652250e-13
-5.488774040308952440e-13
-5.797026812574823662e-13
-6.097587712527996473e-13
-6.397472070325538329e-13
-6.685956042279395106e-13
-6.958774919144095072e-13
-7.221711835307675909e-13
-7.473840340013748751e-13
-7.712505764242982842e-13
-7.930024367198973412e-13
-8.127927042349269993e-13
-8.312956443004559937e-13
-8.475356375915732432e-13
-8.611668778253644962e-13
-8.726520482789379418e-13
-8.818744887985341396e-13
-8.886694548640439173e-13
-8.924791244577234828e-13
-8.933657849943821283e-13
-8.917871866312432338e-13
-8.871697322089533433e-13
-8.793835343072486932e-13
-8.686247250991319113e-13
-8.548080862938456370e-13
-8.379629455601556032e-13
-8.179717211724557568e-13
-7.947795525008183315e-13
-7.684412459650624694e-13
-7.390667938755868249e-13
-7.068151944809863974e-13
-6.714888519353257035e-13
-6.330853809938252752e-13
-5.918502450283358307e-13
-5.482667813673514079e-13
-5.021562050726291471e-13
-4.530599528353163041e-13
-4.019017378013162167e-13
-3.491431048354559641e-13
-2.941573579769846125e-13
-2.370478216929400306e-13
-1.782068145394360981e-13
-1.186729073300238357e-13
-5.818257795041706371e-14
4.240467586037787243e-15
6.697131049596474761e-14
1.293694291233313254e-13
1.924024362141146804e-13
2.558431168742797412e-13
3.192863183044958308e-13
3.813296249946529493e-13
4.422527611052523566e-13
5.034001644352303906e-13
5.627904826194241039e-13
6.197933876198047365e-13
6.755318960466327738e-13
7.296992328952034423e-13
7.820412611762861399e-13
8.311445065176115143e-13
8.772277609175871405e-13
9.217216833529162656e-13
9.627654576349620186e-13
9.999288723416821512e-13
1.034242027957155141e-12
1.065379880670069834e-12
1.093376257588207778e-12
1.117163219571670751e-12
1.136843223725758634e-12
1.153625805994096254e-12
1.166243859297699803e-12
1.174615092691677631e-12
1.179421035661654127e-12
1.180382939829083266e-12
1.177837341548304551e-12
1.171322804374708149e-12
1.160789780269011473e-12
1.146960347878089870e-12
1.129454928021356164e-12
1.108558882710608540e-12
1.084464224150594180e-12
1.056977747514176169e-12
1.026648818042152911e-12
9.936788804981722123e-13
9.578809100074803240e-13
9.193342701691031849e-13
8.785604080178976982e-13
8.360937268046819693e-13
7.916323304345274092e-13
7.451178888305542980e-13
6.971352206446013167e-13
6.484299317106867466e-13
5.987408919355674541e-13
5.475540268591594373e-13
4.960380522132934455e-13
4.448038888171107486e-13
3.931794668489418942e-13
3.412326031546758509e-13
2.894010172563993288e-13
2.386904150893098819e-13
1.888302068962094404e-13
1.388853360659650371e-13
9.028227384438869407e-14
4.350994120116274955e-14
-2.274660816555798201e-15
-4.690588941021721359e-14
-9.020367596314707304e-14
-1.311760216508167654e-13
-1.700253978408061695e-13
-2.078376939952317204e-13
-2.433038850686158883e-13
-2.761720431336545101e-13
-3.072433529382329054e-13
-3.362987243283460659e-13
-3.634509956450954204e-13
-3.879407645818178096e-13
-4.098610285798581776e-13
-4.301916082475459868e-13
-4.479824172211321898e-13
-4.632329133995305437e-13
-4.765564028466617863e-13
-4.877334430428148515e-13
-4.971148818110060486e-13
-5.042881260144960187e-13
-5.092454236077514906e-13
-5.127026732852646429e-13
-5.141557210368297159e-13
-5.137811291862359742e-13
-5.119162472394522823e-13
-5.083551852039236429e-13
-5.035314613183183852e-13
-4.973418053257072646e-13
-4.896999147331604352e-13
-4.810019028043954759e-13
-4.711427103488985413e-13
-4.604009231148897818e-13
-4.488730079906660952e-13
-4.363881489239523903e-13
-4.233591287868682107e-13
-4.098903291435695984e-13
-3.958349490199020160e-13
-3.812925452803539450e-13
-3.664067747127797148e-13
-3.514465194559557304e-13
-3.363300306660765848e-13
-3.209439821110632307e-13
-3.055933327569815283e-13
-2.904884991404566019e-13
-2.754844692209185153e-13
-2.604730938316618394e-13
-2.457201380302170834e-13
-2.314254473820276381e-13
-2.174093424820583431e-13
-2.036057683129505191e-13
-1.901824102932062055e-13
-1.773589819930795897e-13
-1.650105020071374051e-13
-1.529106295793461467e-13
-1.413350231120602540e-13
-1.303923874255985549e-13
-1.198716012519238094e-13
-1.097512177168115388e-13
-1.000780811303766948e-13
-9.104616881380409033e-14
-8.257770281374504640e-14
-7.442106013475641157e-14
-6.681712339451015281e-14
-5.979928601991882364e-14
-5.317027403756689752e-14
-4.694114292148193757e-14
-4.107175686249124602e-14
-3.570716178248264927e-14
-3.080804518830818073e-14
-2.613986535093901914e-14
-2.189194938067955121e-14
-1.805229482066718349e-14
-1.446333151985598753e-14
-1.115998434072715262e-14
-8.062165471084837415e-15
-5.274809587599640914e-15
-2.792536972265314242e-15
-4.264347138886780478e-16
1.680512732077821432e-15
3.559262514032197552e-15
5.325206777411850903e-15
6.934886591033768283e-15
8.480059340008113539e-15
9.891377166393756221e-15
1.115530702479241437e-14
1.240820851421782153e-14
1.354329957914141708e-14
1.458857211737111387e-14
1.561089683899379715e-14
1.655504380771669753e-14
1.749460663412905764e-14
1.837754361395157326e-14
1.917572308894003458e-14
1.997765153175304342e-14
2.071202232075894378e-14
2.140647244696074897e-14
2.210359580914408872e-14
2.276260777089866849e-14
2.344390178136371988e-14
2.411978325129581630e-14
2.476109222445278119e-14
2.541342279031941903e-14
2.603182291038494411e-14
2.663361949061839040e-14
2.723051852635081233e-14
2.778429342067262331e-14
2.833182568217317010e-14
2.885750449363455594e-14
2.933149396652269536e-14
2.976544588606001851e-14
3.013921442062902911e-14
3.046533904598087983e-14
3.074228493841514587e-14
3.094891354370014891e-14
3.111331586249863057e-14
3.124398255307386796e-14
3.132665635685767669e-14
3.136034455123587472e-14
3.135145748155328260e-14
3.131265998443724663e-14
3.123059265624367198e-14
3.108925335053303041e-14
3.089958234485205846e-14
3.067424108769631341e-14
3.039733246471172656e-14
3.004862255285428718e-14
2.964726446112730951e-14
2.920412054004638269e-14
2.870275496230298429e-14
2.813811941153147866e-14
2.751854530380105912e-14
2.686640447331460624e-14
2.617243546182684150e-14
2.541361930196318203e-14
2.461787250559923507e-14
2.379587785226577185e-14
2.293417768249681604e-14
2.203757806123508856e-14
2.111162197208742153e-14
2.017991622329379231e-14
1.924032967995890908e-14
1.827228960585985940e-14
1.730203877576847599e-14
1.633460348319376587e-14
1.535868261455346218e-14
1.438281934415357177e-14
1.340561606763112507e-14
1.244505360039043634e-14
1.150131066638337626e-14
1.055639120361257996e-14
9.630665507426566102e-15
8.723112903123893258e-15
7.825023350907945457e-15
6.947398961730608807e-15
6.084492617044762880e-15
5.249073338530266253e-15
4.447399852634380951e-15
3.670690545276448016e-15
2.935157415308677943e-15
2.236249989980183817e-15
1.573570057926637709e-15
9.648228312071410392e-16
3.987623063205576659e-16
-1.196372231061329267e-16
-5.784498111082760075e-16
-9.788709785164720172e-16
-1.312100727988128619e-15
-1.588290431758733381e-15
-1.800197640491906816e-15
-1.924784963846463276e-15
-1.979612347731050069e-15
-1.968197308217377491e-15
-1.875768225980040983e-15
-1.700692656771444697e-15
-1.443686237552900108e-15
-1.121690897818914106e-15
-7.236992326616802432e-16
-2.240972039842448931e-16
3.568325872446936973e-16
1.012826517668647189e-15
1.759916565168754936e-15
2.599574608309548895e-15
3.525401313174522828e-15
4.515954040703934122e-15
5.576561686927196393e-15
6.724161310899369817e-15
7.935722933817557223e-15
9.203395830810132128e-15
1.053697974956035316e-14
1.193296204443595673e-14
1.338754546673440182e-14
1.488650748623834147e-14
1.642715538520845425e-14
1.801167450864865627e-14
1.962317840772248578e-14
2.125750137439534615e-14
2.290219710654028268e-14
2.453163438717338024e-14
2.614237765066057539e-14
2.772541785457487140e-14
2.925639263728734007e-14
3.071444127137300251e-14
3.209860830366735585e-14
3.342070814971870307e-14
3.465477077936422734e-14
3.576592215209957459e-14
3.677082171193134241e-14
3.768449243521203307e-14
3.846963099094456717e-14
3.908687745213593190e-14
3.955396868870163229e-14
3.989538395281731764e-14
4.006441784777138582e-14
4.001126144813349494e-14
3.976342638403046470e-14
3.934949832336623321e-14
3.872617355374537162e-14
3.785285886820366485e-14
3.676827722495779049e-14
3.551517668278977857e-14
3.405660288827681847e-14
3.235650273105197816e-14
3.045743453451710270e-14
2.839705738350711828e-14
2.614369732799239759e-14
2.367308687403410494e-14
2.102306806558377344e-14
1.823399524631449248e-14
1.529305450180019899e-14
1.219126050653641935e-14
8.973267143436505777e-15
5.670828830660074732e-15
2.285517026082519755e-15
-1.166516728420558934e-15
-4.666666613008891781e-15
-8.193093047807829127e-15
-1.172815371295460318e-14
-1.525857179051747642e-14
-1.876326886560402557e-14
-2.224461832453245719e-14
-2.567030586036501971e-14
-2.897882671673568389e-14
-3.218370462168031187e-14
-3.528375034094095863e-14
-3.821802154802857177e-14
-4.094641970322013269e-14
-4.347145202403951414e-14
-4.583305780801565088e-14
-4.798455537535946391e-14
-4.984466683258421960e-14
-5.147528995934347318e-14
-5.290868315840045744e-14
-5.407404125162829089e-14
-5.493613105655298368e-14
-5.552076336114326882e-14
-5.589560593348939788e-14
-5.601671470428781774e-14
-5.580261865653982079e-14
-5.533765855486941221e-14
-5.466304763435819725e-14
-5.371636295492532298e-14
-5.248212753055855884e-14
-5.098975712145015216e-14
-4.930954868595863183e-14
-4.742060761534112878e-14
-4.526870347218263368e-14
-4.293576805940516050e-14
-4.045515753447158358e-14
-3.779860132573434339e-14
-3.498628592239240442e-14
-3.203785571255848841e-14
-2.900521687524033887e-14
-2.590484420126205195e-14
-2.272900597388109040e-14
-1.952984723539632345e-14
-1.631550289023318140e-14
-1.309614156892345213e-14
-9.915497276599769677e-15
-6.761809807822455332e-15
-3.640451469059469494e-15
-5.861802573013923795e-16
2.377063923505290909e-15
5.246904087152347990e-15
8.044919880278739860e-15
1.072973988439996154e-14
1.324543281994291707e-14
1.562094095568233865e-14
1.788292041846831909e-14
1.998697058823873524e-14
2.188962004007460188e-14
2.362913941659876282e-14
2.524697912211805451e-14
2.669308459164743130e-14
2.792225984118729826e-14
2.897124746592365241e-14
2.988456582349828528e-14
3.062435762336661316e-14
3.114626544414682285e-14
3.150825005635363163e-14
3.175484506422188158e-14
3.184889282642142105e-14
3.177214825326839243e-14
3.155531459503486957e-14
3.123787375145826994e-14
3.079733191559130834e-14
3.020099022753817974e-14
2.949352120493707596e-14
2.870013593643007399e-14
2.780434438460002711e-14
2.681441697914392630e-14
2.574881734424602081e-14
2.463405761115537024e-14
2.347543512392410298e-14
2.226835218771452268e-14
2.103493669124070070e-14
1.977986595043737528e-14
1.850422755560882093e-14
1.722383391781438094e-14
1.593590338085527219e-14
1.463854875532501210e-14
1.334733850679413469e-14
1.207882874124967254e-14
1.082821085265006297e-14
9.587719242934878566e-15
8.379259031153062781e-15
7.223918796592405933e-15
6.113625468232627286e-15
5.030822594175986956e-15
3.994324470246897463e-15
3.031334618337614729e-15
2.115304484782347220e-15
1.231501731408619297e-15
4.041532475133576604e-16
-3.571930527033096055e-16
-1.060435169139377614e-15
-1.730451888823803658e-15
-2.354013192395186006e-15
-2.901416916645986957e-15
-3.405124752246780316e-15
-3.874095343164201191e-15
-4.286523308478845315e-15
-4.644970711097920132e-15
-4.948372407090253361e-15
-5.218228210239527279e-15
-5.449825652743692586e-15
-5.617806262227850039e-15
-5.752279518868048253e-15
-5.855825061505150197e-15
-5.915803888016700832e-15
-5.946702379383116827e-15
-5.941699802796632929e-15
-5.916559017889178040e-15
-5.875199669624171436e-15
-5.799586732488674554e-15
-5.709098626249971276e-15
-5.596296284048800709e-15
-5.454900227130693099e-15
-5.303893310876564571e-15
-5.130671261514797507e-15
-4.945108365628008915e-15
-4.758529453720988789e-15
-4.562207968854649701e-15
-4.369112832484402242e-15
-4.169574316484391321e-15
-3.961644245075932047e-15
-3.761490783156214504e-15
-3.553636944713008117e-15
-3.341282608462802818e-15
-3.134067856378299800e-15
-2.926703814736843212e-15
-2.727011562256905636e-15
-2.526382491337304803e-15
-2.328010339705663054e-15
-2.148478318403325080e-15
-1.975918013531600438e-15
-1.812818854922469518e-15
-1.666999380195563138e-15
-1.532520723720326179e-15
-1.411613017367760806e-15
-1.293935577038668114e-15
-1.177864958210516830e-15
-1.072249055292088561e-15
-9.661995773837844977e-16
-8.616286484244720188e-16
-7.645007567913606871e-16
-6.707301861238101817e-16
-5.848542801620249757e-16
-5.011091385186171657e-16
-4.190995144445742136e-16
-3.468869646060501180e-16
-2.776940078151487979e-16
-2.158731096364466750e-16
-1.666294331146092340e-16
-1.260397731008607719e-16
-9.951531355195168097e-17
-8.163348188845793887e-17
-6.879348149459741106e-17
-6.458163001671010390e-17
-5.922871927975284739e-17
-5.384504404145351868e-17
-4.990801174155837922e-17
-4.149958184861394399e-17
-3.621257755414246252e-17
-3.292726100654315229e-17
-3.220288570924066511e-17
-4.252650010931892616e-17
-5.885135948430615617e-17
-8.500752513728213706e-17
-1.211667925553067821e-16
-1.574981797151914610e-16
-1.975907107982404539e-16
-2.351713656762068191e-16
-2.669910053727618656e-16
-3.010513119126005535e-16
-3.329585136400780134e-16
-3.698360782322641059e-16
-4.164677566076755008e-16
-4.657661064592802467e-16
-5.235612290932500912e-16
-5.828940341638417112e-16
-6.368200161738723185e-16
-6.893898454957895876e-16
-7.318149729666789151e-16
-7.692181479724159027e-16
-8.068999438782403517e-16
-8.401464635140044705e-16
-8.800383801374522027e-16
-9.244480528641991525e-16
-9.706664056311300505e-16
-1.025990044943689457e-15
-1.081068150580663523e-15
-1.139441743778048851e-15
-1.201959763307231064e-15
-1.257125219216890730e-15
-1.312561408032316551e-15
-1.362709146641560148e-15
-1.402635421038930883e-15
-1.441151809095596835e-15
-1.470863924940264775e-15
-1.499718208167600923e-15
-1.532625120531075271e-15
-1.560300545654070246e-15
-1.593951047066115463e-15
-1.628470180765569965e-15
-1.657997325790381248e-15
-1.691264650672912300e-15
-1.717984516752286018e-15
-1.744695277227476752e-15
-1.775691389141063805e-15
-1.799959835991965171e-15
-1.829146897288453852e-15
-1.857855173211507040e-15
-1.878182905154426180e-15
-1.896888145486879708e-15
-1.902455693049182224e-15
-1.900335146065731083e-15
-1.892694485365023667e-15
-1.868587715927929466e-15
-1.840656380975745285e-15
-1.805115090267191656e-15
-1.759352864742357199e-15
-1.715822676912656230e-15
-1.666552993832360122e-15
-1.618465662867312610e-15
-1.576858875102589343e-15
-1.534396901698494454e-15
-1.500750106055593475e-15
-1.470975733289302343e-15
-1.442322726266057498e-15
-1.422796075733004113e-15
-1.403200603772986315e-15
-1.384410024871096916e-15
-1.367110435714611900e-15
-1.345746464839845530e-15
-1.322391437143439520e-15
-1.291426771328019283e-15
-1.255116586461595563e-15
-1.221256232636868094e-15
-1.187269565023881326e-15
-1.153413869880363755e-15
-1.122345866045378494e-15
-1.096956371088786061e-15
-1.072348052267798908e-15
-1.043960907710873506e-15
-1.015807861884745512e-15
-9.872492990351195222e-16
-9.593638097412054803e-16
-9.275790042746062669e-16
-8.922671536156401469e-16
-8.636417810422994737e-16
-8.303100816557770943e-16
-7.911309432574438558e-16
-7.517665164018987392e-16
-7.016584295224984839e-16
-6.459948123607348828e-16
-5.764562661273538082e-16
-4.871931283490578586e-16
-3.899382347134175853e-16
-2.711899859203178477e-16
-1.362118182342172664e-16
6.722534474936327076e-18
1.706355151433178500e-16
3.428534995903435465e-16
5.275102025724680462e-16
7.319518217272196880e-16
9.472373684309576963e-16
1.184247457347196390e-15
1.435311622803396841e-15
1.697880401507442013e-15
1.987415850515867125e-15
2.291759023629073508e-15
2.609623171921063474e-15
2.949566716290894473e-15
3.311838260908585643e-15
3.695427718984536231e-15
4.090377159432587867e-15
4.498409023750982172e-15
4.924489889625944736e-15
5.359249878594948488e-15
5.790594207204149274e-15
6.218692282042997954e-15
6.652491735649815330e-15
7.076475347947376246e-15
7.486667569797742644e-15
7.893413638102204921e-15
8.290290925538207345e-15
8.684502600289200486e-15
9.060630968649261568e-15
9.413630255351596726e-15
9.765780815040783075e-15
1.008847326289035937e-14
1.038624007220108336e-14
1.067265325188681072e-14
1.092169279684083658e-14
1.115502411578803144e-14
1.135319425006175303e-14
1.150015954860805767e-14
1.162416856021787626e-14
1.168905297804345017e-14
1.171081240742546589e-14
1.170375069374420679e-14
1.162741269640586023e-14
1.151869601762577078e-14
1.136210249556802651e-14
1.113598281513375476e-14
1.087119184549258794e-14
1.053548558344139657e-14
1.015543714660144259e-14
9.744372057298930634e-15
9.258823972812559033e-15
8.743236711884760926e-15
8.189249212293189112e-15
7.575066469272043190e-15
6.926956245065099896e-15
6.222294289651196866e-15
5.490029224552170697e-15
4.739644007129006908e-15
3.935630592716331602e-15
3.117118727103741251e-15
2.282350181650972740e-15
1.414629725209406996e-15
5.294356143406954776e-16
-3.833536123396994681e-16
-1.301599742903661837e-15
-2.222182043275710769e-15
-3.163843393814893407e-15
-4.101589334555393040e-15
-5.030318609572370647e-15
-5.954125352616379888e-15
-6.866510703399612142e-15
-7.762918895215260157e-15
-8.632205939092772728e-15
-9.474968993259964140e-15
-1.028918957820352739e-14
-1.107075619599749011e-14
-1.181278416284656935e-14
-1.250821430616834776e-14
-1.316059061181413734e-14
-1.375633937680418792e-14
-1.429801440547447122e-14
-1.478881748236560850e-14
-1.520874592442818946e-14
-1.557271259373157329e-14
-1.587529478534743799e-14
-1.610166264643525524e-14
-1.626324434551938009e-14
-1.634537943634873508e-14
-1.636428351766555656e-14
-1.632785601873593812e-14
-1.621081808828202242e-14
-1.604254821704637762e-14
-1.582298033645911789e-14
-1.553584971986706614e-14
-1.519393131818071174e-14
-1.478406393346561737e-14
-1.432475862375107850e-14
-1.381939250939779804e-14
-1.324090204070805382e-14
-1.261779495855463659e-14
-1.195297743297957585e-14
-1.123454356887626515e-14
-1.047548769868853272e-14
-9.673039177645909731e-15
-8.847401435606305764e-15
-8.005598069768353475e-15
-7.135347102396865510e-15
-6.258996227255725700e-15
-5.383530925060940261e-15
-4.504547048003260459e-15
-3.627913263857737713e-15
-2.756884720240670300e-15
-1.901291869779654815e-15
-1.061805033173324631e-15
-2.364638056048188729e-16
5.693249369257422435e-16
1.350144577539345078e-15
2.104509049869591163e-15
2.834659497215796971e-15
3.531893185440516600e-15
4.196628972336167301e-15
4.828050529899832743e-15
5.411657501107466559e-15
5.954115611737486463e-15
6.448054828115832790e-15
6.883104925869271140e-15
7.267219967888993021e-15
7.589405890036111241e-15
7.861309395335372430e-15
8.090081135927497391e-15
8.260317817666666673e-15
8.393964370150344689e-15
8.489791748572065450e-15
8.539006056873434808e-15
8.555021755840119119e-15
8.526768124851504677e-15
8.469285927951986093e-15
8.386854375591092092e-15
8.257841093328895099e-15
8.104811038880249674e-15
7.924830090115866921e-15
7.707514470135356371e-15
7.467074003661856169e-15
7.194076978827689678e-15
6.904568317236221484e-15
6.605536887735246818e-15
6.280946239050873639e-15
5.951880715306155992e-15
5.615947024908626850e-15
5.266332481863519877e-15
4.916347785420462774e-15
4.557788150935876761e-15
4.203058799438774695e-15
3.858582781768185935e-15
3.513228602689531278e-15
3.182650913375727891e-15
2.863837664666339482e-15
2.551140840869074375e-15
2.253078840576232256e-15
1.960738124325619308e-15
1.679496292541116272e-15
1.412008052358536530e-15
1.150083336331759847e-15
9.021235466272464060e-16
6.643045412463798559e-16
4.348659210269697432e-16
2.218383656372646868e-16
1.935319406732346603e-17
-1.692694759925232779e-16
-3.413969734979805737e-16
-5.018508217430567124e-16
-6.467642359141970079e-16
-7.808165171796098338e-16
-9.052110875991067375e-16
-1.014100455221317656e-15
-1.112492649407324438e-15
-1.198522503607273113e-15
-1.269381785963660456e-15
-1.327927856244930441e-15
-1.372401109382280666e-15
-1.408092536680735120e-15
-1.437594694233602401e-15
-1.458562465447290572e-15
-1.477542991487601747e-15
-1.494828392842220254e-15
-1.508313792637219156e-15
-1.519492827595963005e-15
-1.525093832959682066e-15
-1.527595968285871270e-15
-1.526328912875897243e-15
-1.516381781459816367e-15
-1.502508228816738182e-15
-1.484071709686801081e-15
-1.459501719106677184e-15
-1.431919785245235402e-15
-1.398914511180761149e-15
-1.363867040680456777e-15
-1.327047259617141189e-15
-1.283579646346418631e-15
-1.238071636584878871e-15
-1.188877868832480429e-15
-1.134861307236652815e-15
-1.080970000637900431e-15
-1.024714519204242887e-15
-9.706085956324799445e-16
-9.206855325124955504e-16
-8.700964367981732592e-16
-8.237527231550487248e-16
-7.790032843373343938e-16
-7.321244046902227517e-16
-6.858072137662591175e-16
-6.352200768156273519e-16
-5.833105626156540133e-16
-5.309603265853124216e-16
-4.727814980262363791e-16
-4.142750265352505325e-16
-3.529988896556411323e-16
-2.871274402184995425e-16
-2.222386284095117463e-16
-1.539609436576779011e-16
-8.618764717359929058e-17
-2.198062740397975165e-17
4.292803673970931727e-17
1.028369201673849176e-16
1.606273179456958592e-16
2.183923709100381761e-16
2.711607632836375743e-16
3.244649172312651184e-16
3.752782119788137822e-16
4.215802357190656440e-16
4.684767707091716180e-16
5.103631322860480071e-16
5.503411815723196609e-16
5.902879435791021090e-16
6.247051156875308743e-16
6.598948877229739683e-16
6.938800200887438371e-16
7.247777173617717811e-16
7.576395252208048374e-16
7.875473056762885213e-16
8.174887027518663602e-16
8.471406263177200420e-16
8.684378933478901358e-16
8.857587112676157132e-16
8.956362271633441265e-16
8.948734739943416290e-16
8.885028333189236294e-16
8.733918184794661147e-16
8.549984450902797795e-16
8.360702762740207603e-16
8.117156967602954729e-16
7.882670189836586596e-16
7.632775353364070706e-16
7.335989302327148784e-16
7.031429077021208486e-16
6.674819735897675500e-16
6.305101501124198149e-16
5.940726456061119331e-16
5.533638186445966316e-16
5.146958116903721601e-16
4.761942996498423619e-16
4.353752260562859929e-16
3.962758940434518706e-16
3.540371402907380909e-16
3.112183013180531239e-16
2.687687687103710319e-16
2.212998909108273671e-16
1.735894896073080190e-16
1.230315885282463276e-16
6.826867840932436776e-17
1.476822953925431488e-17
-4.076414218343794751e-17
-9.394572781661983418e-17
-1.424364119006829034e-16
-1.908550386272252534e-16
-2.341194566348353849e-16
-2.755629523291957834e-16
-3.182795650130589970e-16
-3.584303560810113247e-16
-4.017451063745340828e-16
-4.460718492817889163e-16
-4.887007411160521064e-16
-5.329135845616808382e-16
-5.731203856832703565e-16
-6.114698023702088044e-16
-6.484718013963024739e-16
-6.785900165996196481e-16
-7.072095128818887445e-16
-7.323001110872188156e-16
-7.531002756564690419e-16
-7.758467631198320402e-16
-7.966743503807496244e-16
-8.196008852849633649e-16
-8.468301887425513409e-16
-8.728305532727917340e-16
-9.027246223824417388e-16
-9.334172847426749388e-16
-9.616661511709610755e-16
-9.914457120140541396e-16
-1.017322462673554608e-15
-1.042145610225789134e-15
-1.066821797561675039e-15
-1.085271339823176175e-15
-1.102744570733848323e-15
-1.116225100089400513e-15
-1.124625972860268663e-15
-1.135409337553526347e-15
-1.144795203762932843e-15
-1.157697209615510345e-15
-1.179341654274936296e-15
-1.206931846707613807e-15
-1.246261492272762294e-15
-1.293511107652975303e-15
-1.346917699647661414e-15
-1.412004981864102733e-15
-1.480954734320023662e-15
-1.554672329356920641e-15
-1.635667525597508162e-15
-1.719267030513547435e-15
-1.809775042026511190e-15
-1.903214634569922077e-15
-1.999512328035605788e-15
-2.106292265981798278e-15
-2.217616535690010091e-15
-2.336192254459665968e-15
-2.464744115523846181e-15
-2.597288889901383166e-15
-2.737329270587410268e-15
-2.879671675065837745e-15
-3.020817221989794896e-15
-3.165060368401861023e-15
-3.306079283900203655e-15
-3.446889405777048103e-15
-3.588717661256492220e-15
-3.724471631712938935e-15
-3.859190104391367268e-15
-3.989275306848314578e-15
-4.109497234150959188e-15
-4.221825661418140974e-15
-4.320982302839044761e-15
-4.411442033474015020e-15
-4.492184178621610319e-15
-4.553658865318012047e-15
-4.603199704820547938e-15
-4.640082483959315565e-15
-4.655735229308101408e-15
-4.647332662471338749e-15
-4.611689092534404164e-15
-4.555191994952542331e-15
-4.470479806381166127e-15
-4.341945944767115068e-15
-4.179382110980648865e-15
-3.985218019030966480e-15
-3.746791373389563376e-15
-3.458133132877138499e-15
-3.120590503396299814e-15
-2.744711374480968309e-15
-2.321952995341610738e-15
-1.836619633707368103e-15
-1.302795965183421723e-15
-7.273921374930313825e-16
-9.897016182360983318e-17
5.873294163130204481e-16
1.325926211511450122e-15
2.103548514507404786e-15
2.927815968996588109e-15
3.812222550982589941e-15
4.742064827292259699e-15
5.710324706441121875e-15
6.724803361873388577e-15
7.785278870956879177e-15
8.885794050973554181e-15
1.001450526373843034e-14
1.117018685257683067e-14
1.235462097480977822e-14
1.355538673929873594e-14
1.476829048592184779e-14
1.598778584294049260e-14
1.719955287134838917e-14
1.840149262350224135e-14
1.958810616150847422e-14
2.074283568531416072e-14
2.185066668889627112e-14
2.290837536485755555e-14
2.392200444624372618e-14
2.487155040297242548e-14
2.572944570074231496e-14
2.650651033842162108e-14
2.721141793339022785e-14
2.781576916499259311e-14
2.829260636264940149e-14
2.865332550763301234e-14
2.891775564123864883e-14
2.905640477030881075e-14
2.903390079896615850e-14
2.887558017672896271e-14
2.860404174262996813e-14
2.818629017524183072e-14
2.759293343129482629e-14
2.684787816869226018e-14
2.598246460648254152e-14
2.496638929394470047e-14
2.376413105740268067e-14
2.241041824769390844e-14
2.093293020746875982e-14
1.930271704465597732e-14
1.750102206167156171e-14
1.555473855459083704e-14
1.349833991733410607e-14
1.131864631724209189e-14
8.998243603952193331e-15
6.575020408228042512e-15
4.073149779834856279e-15
1.485702671626739236e-15
-1.177583319755554775e-15
-3.899725713115169065e-15
-6.655143372291194917e-15
-9.430346450565660343e-15
-1.222031373662724185e-14
-1.499992519787569228e-14
-1.776588587614619241e-14
-2.050337947112537001e-14
-2.317539911334768471e-14
-2.579157217929162887e-14
-2.834851223123407982e-14
-3.080914633113961132e-14
-3.315084345272348298e-14
-3.536964625805612272e-14
-3.748878716681482148e-14
-3.947647872655501988e-14
-4.127518368323562781e-14
-4.292208678324110904e-14
-4.443540939933279810e-14
-4.576305900525455550e-14
-4.687355308042283342e-14
-4.778319531500638262e-14
-4.853658029961224751e-14
-4.909544925007884586e-14
-4.939781629532610796e-14
-4.950101878961957191e-14
-4.943978169566487502e-14
-4.916552936800287765e-14
-4.865432465554417329e-14
-4.793678610526611039e-14
-4.706635471987685726e-14
-4.601545449474560290e-14
-4.474004310474691271e-14
-4.329914519377725535e-14
-4.172985741679458016e-14
-4.000488159597477555e-14
-3.811764136751535914e-14
-3.610056454076901455e-14
-3.399661601495226892e-14
-3.179656313094005038e-14
-2.948647050268413117e-14
-2.710294520009894764e-14
-2.466888760594646707e-14
-2.218189214665648723e-14
-1.964662427970248482e-14
-1.708321797824069455e-14
-1.450544091579578782e-14
-1.191961704035196523e-14
-9.345949781767136366e-15
-6.785617786387405578e-15
-4.244113639359243378e-15
-1.747906485009636211e-15
6.895319882122506999e-16
3.059032383954593537e-15
5.376929573786513872e-15
7.625251477330965977e-15
9.755275912428935242e-15
1.180348543515161164e-14
1.378192908917368759e-14
1.564600466059159339e-14
1.738449065692010409e-14
1.899893037218911701e-14
2.053036763489078653e-14
2.195810773605779559e-14
2.321951597737247769e-14
2.437553468532388523e-14
2.544632832625435409e-14
2.638418184017915502e-14
2.718817534931756985e-14
2.786513763329036275e-14
2.846491149884576577e-14
2.897463220958088059e-14
2.934036409554634239e-14
2.962411335661295497e-14
2.984398278092943724e-14
2.996266903749870980e-14
2.998509508181021466e-14
2.991766109481340530e-14
2.979758909234242470e-14
2.961902777079764015e-14
2.935306620162336788e-14
2.903932180982858602e-14
2.868972759557421315e-14
2.829010930952089581e-14
2.784476649090889683e-14
2.736202716767562049e-14
2.685275199627076143e-14
2.631447949894959865e-14
2.575306606150944838e-14
2.516775274242957078e-14
2.456383857982798874e-14
2.395449324196861213e-14
2.333445665424899174e-14
2.272065253495526849e-14
2.209646040359641850e-14
2.145964239912579591e-14
2.085150493024920393e-14
2.023085339660987692e-14
1.960285639325196061e-14
1.900025004952093921e-14
1.839677126185424588e-14
1.782150036539701526e-14
1.723617518785587610e-14
1.662963352905191122e-14
1.606481840729558769e-14
1.547207830333418438e-14
1.486253137163336124e-14
1.427794988901991136e-14
1.367256612425484311e-14
1.308990910049755499e-14
1.248592632822724535e-14
1.184240066984731596e-14
1.122931991669054788e-14
1.057248821774220068e-14
9.893256732503713513e-15
9.230882049948534174e-15
8.529482018414507455e-15
7.839339054749490387e-15
7.122510318081226588e-15
6.354113368551173729e-15
5.590660126817770595e-15
4.772186589446043500e-15
3.925405634493551316e-15
3.077872302525660499e-15
2.181502015434402114e-15
1.284641084508446676e-15
3.686269387000585922e-16
-5.848166401354313627e-16
-1.540321367768946251e-15
-2.527932985147253800e-15
-3.523405068276081256e-15
-4.516189092346797190e-15
-5.535073589654207135e-15
-6.550858369891139968e-15
-7.565095197416965567e-15
-8.585484448755172776e-15
-9.603777293548925592e-15
-1.061719376966533540e-14
-1.161146391304200901e-14
-1.258907800054387405e-14
-1.354769737420356140e-14
-1.448405841607530026e-14
-1.538532857700818796e-14
-1.624385745542262366e-14
-1.707570987819623243e-14
-1.785312010531801830e-14
-1.857889350990928751e-14
-1.926636916682340078e-14
-1.988516908644002990e-14
-2.045994362159016949e-14
-2.097149392349135361e-14
-2.139847476187277386e-14
-2.177272779928761393e-14
-2.205395290217140869e-14
-2.226147428018281776e-14
-2.241388430651407304e-14
-2.246396428248753629e-14
-2.245667641100936029e-14
-2.237512238478182175e-14
-2.219253426860579026e-14
-2.194655590072314144e-14
-2.159919107718594189e-14
-2.118061111157538978e-14
-2.071028251508528345e-14
-2.014090696794094276e-14
-1.952375706850556503e-14
-1.884949173743682982e-14
-1.809471761879746787e-14
-1.729242156368535066e-14
-1.641655222677472492e-14
-1.549662023594793048e-14
-1.454630009110544075e-14
-1.353071351657816543e-14
-1.249060787932671987e-14
-1.142538771518918431e-14
-1.032331484158250864e-14
-9.206903394244712185e-15
-8.069744721896868894e-15
-6.934081909733876697e-15
-5.808225621517721163e-15
-4.680044227861352574e-15
-3.568477808981850713e-15
-2.478037874114528798e-15
-1.406373059797808890e-15
-3.560976273442729816e-16
6.659787018666279805e-16
1.655432298267858413e-15
2.612879166570309004e-15
3.527827850810169585e-15
4.405561507237702040e-15
5.237379201660473382e-15
6.012902239375776670e-15
6.742771895299967677e-15
7.408585531620999476e-15
8.019991700641045801e-15
8.583750572312143223e-15
9.074172484377016068e-15
9.516596427452776730e-15
9.903129748536909638e-15
1.021893327742646670e-14
1.048573425625146799e-14
1.068280240066081174e-14
1.083108822357188583e-14
1.094153623769616307e-14
1.098263342926399447e-14
1.098972817723019649e-14
1.095622971823218342e-14
1.086610541264432586e-14
1.074407337593339881e-14
1.057017751186209095e-14
1.036754774912107546e-14
1.014689651339427748e-14
9.878177851976692458e-15
9.595330680998905709e-15
9.292801005425770783e-15
8.956559418551914703e-15
8.608155285588434125e-15
8.231461946252554424e-15
7.846098377668579704e-15
7.460825441609961195e-15
7.053318314202390929e-15
6.649813417470597232e-15
6.245655034819996843e-15
5.831422042294753805e-15
5.423407542151778213e-15
5.009778060601453864e-15
4.603247985698541433e-15
4.209557659726583315e-15
3.814345639064882845e-15
3.433536778396531312e-15
3.062736459032936592e-15
2.696527693518170621e-15
2.345294046994387052e-15
2.001003953055720611e-15
1.670078768475306147e-15
1.355619374993923248e-15
1.049961606746578190e-15
7.605492422133009692e-16
4.829412347120780845e-16
2.145376960206512662e-16
-3.868694939025193590e-17
-2.825755116297345342e-16
-5.151721618440842972e-16
-7.339084678353771218e-16
-9.408312582508734229e-16
-1.132865909371158497e-15
-1.313444016363355532e-15
-1.481887423474069054e-15
-1.633590283173485397e-15
-1.773336319910341630e-15
-1.901847523393053636e-15
-2.018347164408989224e-15
-2.124924661480787937e-15
-2.221963085258845533e-15
-2.313980085967342823e-15
-2.399986964398597225e-15
-2.474921216385106600e-15
-2.542260759208297104e-15
-2.601437022002324288e-15
-2.648516807276612810e-15
-2.682828841420463635e-15
-2.703692533460757934e-15
-2.715555441645291224e-15
-2.717622837311302157e-15
-2.705509419132618408e-15
-2.685381798723488096e-15
-2.658335613201184659e-15
-2.621486927138544018e-15
-2.575964835454256155e-15
-2.520444790377052158e-15
-2.459147980599573832e-15
-2.391024508783699473e-15
-2.310129474189124774e-15
-2.222378343161236953e-15
-2.127395880104402358e-15
-2.022675502769458698e-15
-1.911914509971170996e-15
-1.793405706804348208e-15
-1.672526905451107888e-15
-1.550335626546097030e-15
-1.421172525331354432e-15
-1.291284999188472594e-15
-1.158608828824992786e-15
-1.019999933819825452e-15
-8.799341950849399237e-16
-7.342284874707616371e-16
-5.871143228839770592e-16
-4.413567080319998450e-16
-2.926452510649304702e-16
-1.475984556743772241e-16
-3.737940679801588889e-18
1.397123804120926753e-16
2.753918516738504147e-16
4.084625276325139134e-16
5.353234462361785261e-16
6.521471302939980865e-16
7.633280926154463117e-16
8.640512685327377245e-16
9.592205552940010968e-16
1.050459344482208499e-15
1.130932450789932150e-15
1.208028224978716092e-15
1.279621143746544065e-15
1.341364022249870187e-15
1.396740071726040953e-15
1.440779643994396977e-15
1.478132949935364367e-15
1.508833976745951704e-15
1.524836758460190386e-15
1.533886352589536924e-15
1.534496004553323207e-15
1.522663801313127886e-15
1.502491605795148316e-15
1.469999633696710169e-15
1.430365479787023761e-15
1.383897040542416031e-15
1.322942114438273222e-15
1.255207536624306994e-15
1.179293796913416428e-15
1.092105519278979090e-15
9.989846228819726330e-16
8.966346672499201330e-16
7.906427346424701585e-16
6.827212080416156844e-16
5.665994495992739220e-16
4.493187383268514631e-16
3.284887737169762739e-16
2.018581686656260258e-16
7.577499174366337143e-17
-5.383466457912720329e-17
-1.819962254343579456e-16
-3.053011409067713953e-16
-4.285604754187107230e-16
-5.456133083585421734e-16
-6.601708616451012600e-16
-7.750817335497837968e-16
-8.852198394944843680e-16
-9.972888629215695237e-16
-1.108645955156487440e-15
-1.216415545222428174e-15
-1.325157317353580031e-15
-1.428711965594864960e-15
-1.530099374161481354e-15
-1.630277219679418608e-15
-1.722608893127820871e-15
-1.813263123703304398e-15
-1.899392821911910674e-15
-1.979281157848673638e-15
-2.059745476189569525e-15
-2.135893102873020685e-15
-2.212113574389935715e-15
-2.291644885939430991e-15
-2.369411192585085119e-15
-2.451680961653053548e-15
-2.535010157179800293e-15
-2.618165287435886279e-15
-2.708576101918152602e-15
-2.800040201870329648e-15
-2.895840686995975084e-15
-2.999654315560883015e-15
-3.106301269334356581e-15
-3.221014094348059222e-15
-3.339264552465969448e-15
-3.459481397570930532e-15
-3.588923066746201387e-15
-3.720917057949786264e-15
-3.858955899781451454e-15
-4.006410783371269074e-15
-4.157148343148170735e-15
-4.316479899207914528e-15
-4.479347394305971397e-15
-4.642123833362198429e-15
-4.810045150540048081e-15
-4.975320760307148926e-15
-5.141018615998456040e-15
-5.308405031870114602e-15
-5.468772085707876776e-15
-5.628135405503142605e-15
-5.782302178167003301e-15
-5.925263128455163231e-15
-6.059836758499611079e-15
-6.179597052846002095e-15
-6.289943423016608817e-15
-6.389598543326971761e-15
-6.466589179551177763e-15
-6.530090392573885405e-15
-6.579214915382845807e-15
-6.603866538763261337e-15
-6.601799778371960845e-15
-6.568812927274089372e-15
-6.512658454519391904e-15
-6.424284119000561732e-15
-6.283248051085037200e-15
-6.100809859740669722e-15
-5.878534438337511617e-15
-5.599875421767423755e-15
-5.257850293929715313e-15
-4.853796096331627202e-15
-4.401444080081098886e-15
-3.891173221446742395e-15
-3.303568042969831468e-15
-2.656677757965171180e-15
-1.958192790319120136e-15
-1.193539620536812878e-15
-3.580052514206080727e-16
5.427782890840820301e-16
1.492768726351853016e-15
2.498531624515109781e-15
3.574038156764101568e-15
4.700446286945393279e-15
5.869538524921197320e-15
7.088033536029134801e-15
8.352040474425993094e-15
9.655368376300290517e-15
1.098408524373558834e-14
1.233395591199561506e-14
1.370526413711770086e-14
1.508394578404563535e-14
1.646708451834202197e-14
1.784733317622237692e-14
1.920689898359667636e-14
2.054675772242015724e-14
2.186340775848887030e-14
2.313691163029034381e-14
2.434847875892268837e-14
2.549569001828854570e-14
2.658625340820792993e-14
2.759391598951364127e-14
2.848404427905834591e-14
2.926947082599294647e-14
2.996128667972879078e-14
3.052572571885653341e-14
3.093076670983817278e-14
3.119222545186484119e-14
3.133456425645324284e-14
3.132329871825476064e-14
3.111909262719890490e-14
3.075136174347792295e-14
3.024632343087522990e-14
2.956815158385375786e-14
2.868550259523330870e-14
2.762650981732398675e-14
2.642485975043809554e-14
2.505230723391649317e-14
2.347954662185007535e-14
2.174440809972911365e-14
1.987856222945144635e-14
1.786311848222740806e-14
1.568896447761043700e-14
1.338713889091971976e-14
1.099222861849049118e-14
8.500122162396778897e-15
5.905086380135092169e-15
3.239429437654314965e-15
5.222563218984456381e-16
-2.242745038619729792e-15
-5.037066921063145658e-15
-7.848462446624366456e-15
-1.066001297921493479e-14
-1.344661585041002222e-14
-1.618669120181243093e-14
-1.886513982410440576e-14
-2.148496021391922695e-14
-2.401571678339615296e-14
-2.641021963297775221e-14
-2.868399826471898506e-14
-3.084480641821901736e-14
-3.284731089014079897e-14
-3.465650889097199316e-14
-3.628340846089511684e-14
-3.775958698818381032e-14
-3.904531862761184691e-14
-4.008412322225630986e-14
-4.091851843793757604e-14
-4.157699507486949109e-14
-4.201083518605777667e-14
-4.218851898146920576e-14
-4.213768006397500265e-14
-4.190487475248805271e-14
-4.145915923937926184e-14
-4.075651491644571855e-14
-3.985269349227570090e-14
-3.878524901961867555e-14
-3.752551112727597893e-14
-3.606550415301626455e-14
-3.443714091016028545e-14
-3.268614762533261775e-14
-3.080419965872764620e-14
-2.877204225738838606e-14
-2.663454614466268661e-14
-2.441559256746543560e-14
-2.210994516811670696e-14
-1.973265572208920959e-14
-1.729978058593109602e-14
-1.483767773089502556e-14
-1.236300914208643756e-14
-9.884617843474666904e-15
-7.425941236710240090e-15
-4.991473255094814807e-15
-2.598938698324397729e-15
-2.804362505121049936e-16
1.970189741467556419e-15
4.152761135997867087e-15
6.238666589488675238e-15
8.205714685754865456e-15
1.005851878974365829e-14
1.181522785289939800e-14
1.344895027321265507e-14
1.492414116008485003e-14
1.626526706019742335e-14
1.749063574367232948e-14
1.857055192944472716e-14
1.948253366902859274e-14
2.024740950259690947e-14
2.089443425408194638e-14
2.140261844705074190e-14
2.174742014888954994e-14
2.196160259399816683e-14
2.207098334660890365e-14
2.205799494339570621e-14
2.191188684219202293e-14
2.165611338530732538e-14
2.131849791099302283e-14
2.088820009159015473e-14
2.035151662807804102e-14
1.973465810797651876e-14
1.905534615460804243e-14
1.830595747144732333e-14
1.748692065716567212e-14
1.661244045428854343e-14
1.570106688436080644e-14
1.475476506382009112e-14
1.377232542961771833e-14
1.277135440859531595e-14
1.175956677683647617e-14
1.074079366436163016e-14
9.727083267812523110e-15
8.720120335721243815e-15
7.726594734305206741e-15
6.755511270826672354e-15
5.809357681051726535e-15
4.892414022462845263e-15
3.998337712350988338e-15
3.132778883990815569e-15
2.310656116924080135e-15
1.522506888459649026e-15
7.678679245149333445e-16
5.978162003607309194e-17
-5.975687211563448543e-16
-1.203613383378508272e-15
-1.769139589294051792e-15
-2.290519814427240466e-15
-2.756495720359643763e-15
-3.183892451918165882e-15
-3.579074614668475637e-15
-3.935985923037704781e-15
-4.257940605190222577e-15
-4.546740723721312549e-15
-4.814038910886352107e-15
-5.058329142105123105e-15
-5.268769819169244126e-15
-5.458158762878780393e-15
-5.627557305516641545e-15
-5.771709184128641021e-15
-5.896331447592271721e-15
-5.999526318589210386e-15
-6.090122421528688587e-15
-6.171308835457118766e-15
-6.237017839856844742e-15
-6.298657697977961059e-15
-6.356090766966538894e-15
-6.407743259606579755e-15
-6.461702222961994077e-15
-6.513403843512975688e-15
-6.568521971456707520e-15
-6.629176306743693459e-15
-6.687118866050044755e-15
-6.748645645272702623e-15
-6.808848935515275647e-15
-6.863147135566065316e-15
-6.916758815413105374e-15
-6.962648519396501604e-15
-7.005285616862441320e-15
-7.046136321842621716e-15
-7.076426643552909124e-15
-7.103673999400185457e-15
-7.124948078903424464e-15
-7.134057918251144464e-15
-7.133196485743786841e-15
-7.116531112506558482e-15
-7.089879644337675549e-15
-7.049680307693933709e-15
-6.981193035227213628e-15
-6.893246451346746878e-15
-6.784924066403604306e-15
-6.643767296293096036e-15
-6.465468131445486696e-15
-6.247170376762634786e-15
-5.998425175757779795e-15
-5.709603457886534839e-15
-5.359797908911822020e-15
-4.962548350495501331e-15
-4.521704970899317194e-15
-4.019936628989499369e-15
-3.449052939682572400e-15
-2.811974260822432299e-15
-2.124225224024592698e-15
-1.374354896754241117e-15
-5.407247635825823857e-16
3.567830093474997190e-16
1.309018057455714999e-15
2.332051957413486948e-15
3.431308658228778875e-15
4.599802255669110940e-15
5.819468289826627491e-15
7.097365298009035428e-15
8.448814835682744162e-15
9.852943893445039597e-15
1.130094417567742426e-14
1.279972577716359874e-14
1.434333236221847080e-14
1.592540356044110789e-14
1.753042088120486397e-14
1.915042052073965412e-14
2.078265470416458538e-14
2.241066558131450670e-14
2.403189680675460460e-14
2.563481009767738100e-14
2.719478390037204790e-14
2.871592124243510513e-14
3.019693124565493714e-14
3.161186590272535568e-14
3.293757410913200623e-14
3.417399149037089745e-14
3.533468412612525422e-14
3.638636362156798254e-14
3.728324615183409296e-14
3.804464067998919452e-14
3.868582429226996577e-14
3.916228032510050971e-14
3.943391023875780776e-14
3.952083953606862210e-14
3.945634305933289065e-14
3.919805899679253136e-14
3.869485366348769662e-14
3.798729654946007839e-14
3.711064455410618967e-14
3.601844300246681563e-14
3.467072888009049836e-14
3.310409062216683462e-14
3.136459326849930229e-14
2.941389333163159370e-14
2.720848042312914994e-14
2.479845484775616837e-14
2.222490617378395511e-14
1.945560310350358951e-14
1.647051330771250738e-14
1.330885525890153007e-14
1.001643734589111739e-14
6.579878142180545925e-15
2.983433422862726350e-15
-7.262441431517057885e-16
-4.518083481533331433e-15
-8.393910160041720414e-15
-1.233769048026005927e-14
-1.632782891368162598e-14
-2.033790480861566441e-14
-2.434554633085929398e-14
-2.833170032129697646e-14
-3.227315468904215501e-14
-3.616805273787444819e-14
-3.998301120527666952e-14
-4.366299327846802358e-14
-4.721902393828997235e-14
-5.065494193805947232e-14
-5.391474145930406914e-14
-5.695169000025784856e-14
-5.977504054883661655e-14
-6.241940964752876186e-14
-6.483124448527707862e-14
-6.693562669196281845e-14
-6.878263285542765559e-14
-7.040997288248335151e-14
-7.174768185168670098e-14
-7.274039091334158491e-14
-7.342660957336197280e-14
-7.386858458897568869e-14
-7.400707786398355581e-14
-7.376397940812157161e-14
-7.321253385440470995e-14
-7.240856406218881824e-14
-7.128755322594743093e-14
-6.980548273747763655e-14
-6.801574277751076814e-14
-6.599117140324711750e-14
-6.368999972599168058e-14
-6.105731290570806657e-14
-5.817086179069064222e-14
-5.508670640952048614e-14
-5.176722833494414033e-14
-4.819692347589506209e-14
-4.442310031654329860e-14
-4.050456327221903241e-14
-3.642923704122620621e-14
-3.217871051542330052e-14
-2.780857277307272057e-14
-2.335316761205383923e-14
-1.881143285305079960e-14
-1.420171099453639355e-14
-9.549047106695036230e-15
-4.882575734780486565e-15
-2.253517391884673170e-16
4.400033770223920476e-15
8.973317118380393781e-15
1.349129683837768656e-14
1.792132319823093456e-14
2.221957494841393654e-14
2.639398539951067629e-14
3.045564221280071260e-14
3.435827536650733205e-14
3.805038017523978966e-14
4.155248871763952967e-14
4.489375925588283411e-14
4.801677989680480652e-14
5.086119107258410543e-14
5.346210060481852711e-14
5.586068784727178660e-14
5.799785700527984589e-14
5.980956561176670183e-14
6.134588686644223965e-14
6.265842879271676935e-14
6.368781776911955350e-14
6.437981658197200474e-14
6.478968566075299362e-14
6.497693415220481827e-14
6.489279328735636510e-14
6.448629878783723735e-14
6.381920274363406254e-14
6.294879168703554351e-14
6.183118931137390750e-14
6.043013583024309243e-14
5.880015983665554113e-14
5.699451598607102598e-14
5.498616021054961167e-14
5.275281893171029912e-14
5.034522603496183191e-14
4.781039184887682369e-14
4.513609877022407846e-14
4.231443551127624103e-14
3.938753687896152933e-14
3.638749525758551429e-14
3.331409719484548781e-14
3.017793060258212867e-14
2.700049148293085649e-14
2.380378575186133799e-14
2.060346657823883265e-14
1.741292216482764194e-14
1.425051110372655555e-14
1.111790628500640074e-14
8.037359264191547975e-15
5.047559965213731931e-15
2.138235572488652453e-15
-6.923747896019137420e-16
-3.406958366819349063e-15
-5.980339751784479602e-15
-8.416451400834051855e-15
-1.074047094480872627e-14
-1.292333329515641879e-14
-1.491815263714776213e-14
-1.676267191187946065e-14
-1.847840490917882633e-14
-2.002706573982996480e-14
-2.138921669175928436e-14
-2.258348910167459062e-14
-2.364942754975139783e-14
-2.456383519169619972e-14
-2.528542933572571622e-14
-2.586090182602439336e-14
-2.631568059166880524e-14
-2.661975864346952103e-14
-2.676464024096558009e-14
-2.676956997271860011e-14
-2.667273886025438301e-14
-2.646334892756133095e-14
-2.611497274668510976e-14
-2.566956894170090847e-14
-2.514710377324140544e-14
-2.453295914670288597e-14
-2.383271023294417784e-14
-2.305778858862142511e-14
-2.223488591596850528e-14
-2.136599443647736046e-14
-2.043982150689519633e-14
-1.948277592045150747e-14
-1.850165935171274589e-14
-1.749478281698208654e-14
-1.647714218755771953e-14
-1.544851384674156974e-14
-1.442157618368813954e-14
-1.340786917527082150e-14
-1.240754528742012142e-14
-1.143286616908049252e-14
-1.048008369946033455e-14
-9.553775244606609734e-15
-8.669765921072870168e-15
-7.816664829784440022e-15
-6.993634255156484791e-15
-6.210764477173171330e-15
-5.468811472739924101e-15
-4.768119560749801977e-15
-4.097471907398789887e-15
-3.462969055731250113e-15
-2.880149613406325984e-15
-2.335159297780489349e-15
-1.824391442564331396e-15
-1.358478640586498545e-15
-9.386644420926785158e-16
-5.627767369687560611e-16
-2.188170388190780000e-16
9.050729021146960789e-17
3.553395063867007811e-16
5.906193981592745574e-16
8.012046002200208430e-16
9.821423256378865319e-16
1.137118544161967119e-15
1.267484961557402857e-15
1.383040690232741933e-15
1.484284103198325096e-15
1.564221461166910403e-15
1.633637293502058010e-15
1.693008903269545718e-15
1.739635525917053189e-15
1.779664714817515321e-15
1.810508572558833414e-15
1.838759450690369279e-15
1.867744706387174623e-15
1.892718202287546787e-15
1.922059211822198938e-15
1.953680857567333291e-15
1.986009564065188172e-15
2.025942720605255348e-15
2.067235788542139303e-15
2.112937239453008265e-15
2.165454976248669394e-15
2.218531543031281549e-15
2.277230502759530935e-15
2.336525350166173721e-15
2.394715243093123273e-15
2.459332845540312083e-15
2.523754359860211523e-15
2.591922724422290360e-15
2.667593471556437348e-15
2.744897298212890628e-15
2.829875878646178310e-15
2.917997374830253073e-15
3.005570417180980676e-15
3.097424364047131513e-15
3.185901614069053082e-15
3.274043227285625135e-15
3.362364623245251913e-15
3.442036965780465030e-15
3.519324275294446851e-15
3.590303306933752270e-15
3.650257145973358902e-15
3.703649444287060097e-15
3.744668708823744099e-15
3.778540709351496316e-15
3.805997705853218088e-15
3.818365233916078127e-15
3.824202137955607511e-15
3.821532713622335584e-15
3.805810935088348515e-15
3.781806444879635271e-15
3.744819480688355365e-15
3.700901669406167147e-15
3.650310932565509550e-15
3.583499938301405729e-15
3.508957227294764655e-15
3.424343929819980391e-15
3.324467522152147261e-15
3.214141480772274642e-15
3.088984104244216038e-15
2.955827560320524634e-15
2.816193120174469156e-15
2.661857576195868040e-15
2.502354284206068438e-15
2.335567779419302735e-15
2.157233039187908714e-15
1.973363573920918282e-15
1.778507667811565947e-15
1.578429591824154037e-15
1.375726137216727422e-15
1.163287732946507134e-15
9.500651879253661780e-16
7.332352354609875632e-16
5.108634640600792816e-16
2.918410991606309188e-16
7.021614612140491315e-17
-1.485904238998406158e-16
-3.598981847692642221e-16
-5.695816937878787033e-16
-7.702262230587669269e-16
-9.670111408263725242e-16
-1.161903575231575201e-15
-1.345851708683541877e-15
-1.527602426912094084e-15
-1.703885018070527748e-15
-1.869408702612055696e-15
-2.029428472941443608e-15
-2.177275109269366342e-15
-2.318721988164309210e-15
-2.454334080602090830e-15
-2.573610930893836454e-15
-2.685722517726521139e-15
-2.787859232814102368e-15
-2.874233088269754696e-15
-2.949993197379837014e-15
-3.009781441478255430e-15
-3.060876374680766149e-15
-3.104049855760554651e-15
-3.128882532433445787e-15
-3.145627950284189678e-15
-3.152063706617427852e-15
-3.142021072236544053e-15
-3.120462177904790788e-15
-3.081957965946741616e-15
-3.033317098950663419e-15
-2.976001767541753933e-15
-2.901200287969726670e-15
-2.819174887907041106e-15
-2.728096399704101581e-15
-2.624508505419636921e-15
-2.515763662794051267e-15
-2.396982750292923035e-15
-2.275056380942165959e-15
-2.152706071601308106e-15
-2.022023287400072887e-15
-1.891854440439584215e-15
-1.758830774809493330e-15
-1.619061127029232383e-15
-1.479293490952221166e-15
-1.332884375414907386e-15
-1.184639210085301504e-15
-1.037872117248654375e-15
-8.862728602665990735e-16
-7.376465830502879593e-16
-5.883053570869350123e-16
-4.369686538487489421e-16
-2.925666887590726338e-16
-1.485521088938671595e-16
-9.432895563133197658e-18
1.203289975611334739e-16
2.463704911976683561e-16
3.625214458069107902e-16
4.741792612078835848e-16
5.833908189874063583e-16
6.822572986843163448e-16
7.790158839524248015e-16
8.706860246690214557e-16
9.528945956065507615e-16
1.030878907357004465e-15
1.098782362364829519e-15
1.161802778310851939e-15
1.221230715769332058e-15
1.268806015317764345e-15
1.312603759679679266e-15
1.349574418486724527e-15
1.375977600122943543e-15
1.398085689441872816e-15
1.410538450195050319e-15
1.419223714277959101e-15
1.426871786516954992e-15
1.426356896364142784e-15
1.426224441587015893e-15
1.423555334891099186e-15
1.414661700703165846e-15
1.405490980862361943e-15
1.389568879036349233e-15
1.371430833141200865e-15
1.352886952585199282e-15
1.326182756615349768e-15
1.298986116865790286e-15
1.267772635122114099e-15
1.229938743862698299e-15
1.193179208017756173e-15
1.151592007889938162e-15
1.110554320386651379e-15
1.073494934878381230e-15
1.033391948232389567e-15
9.976835802749900277e-16
9.620775974250898518e-16
9.227846919140285202e-16
8.859826456030460689e-16
8.441486941897810396e-16
8.013332962884442932e-16
7.597750011599513353e-16
7.117479683528364891e-16
6.647651154114493817e-16
6.149137324546263828e-16
5.591648826025453177e-16
5.048747293647545646e-16
4.455347245141112831e-16
3.861943490865535778e-16
3.301425790767106936e-16
2.703609259534130995e-16
2.146126187318138693e-16
1.587756906881081578e-16
9.971328103359277197e-17
4.450135411711987718e-17
-1.441602761495781144e-17
-7.300756966886106161e-17
-1.287154972416779033e-16
-1.892718149347987584e-16
-2.475354261979390361e-16
-3.079950233163952908e-16
-3.733946754019162352e-16
-4.356801843870771428e-16
-5.015679127386737761e-16
-5.659691512073983157e-16
-6.248161299431803910e-16
-6.845919861847452135e-16
-7.377226571968632362e-16
-7.889215636936494202e-16
-8.408874585241743731e-16
-8.857109597852142521e-16
-9.316142692353257537e-16
-9.750333898698180027e-16
-1.012026812687320722e-15
-1.048933414627729876e-15
-1.078913404641966989e-15
-1.107055544918899084e-15
-1.134797779765608743e-15
-1.152783465609369742e-15
-1.168800011609001308e-15
-1.178801776650180086e-15
-1.177924462275061444e-15
-1.172110957520699961e-15
-1.155001633139991941e-15
-1.132522119873691658e-15
-1.107162165191134719e-15
-1.070941659938001549e-15
-1.033072616811274696e-15
-9.907256281297695776e-16
-9.398455236585062308e-16
-8.866689011089996623e-16
-8.247204582972867629e-16
-7.592932511712004520e-16
-6.921390497447810295e-16
-6.147485080903525908e-16
-5.355135521932779131e-16
-4.511599232563862950e-16
-3.582986689274928827e-16
-2.641804971142128937e-16
-1.629245507079883268e-16
-6.027976143584232605e-17
4.054901566717005650e-17
1.465559301698745914e-16
2.496007836909206390e-16
3.534470494940774622e-16
4.608628444858619156e-16
5.642310925391916948e-16
6.706127132419378509e-16
7.757975293297728839e-16
8.760896713560302647e-16
9.775716299753839204e-16
1.073298952630210266e-15
1.167757208171812857e-15
1.262151089209424121e-15
1.347415966778883756e-15
1.430554897529853504e-15
1.507367974472491323e-15
1.572985922830387462e-15
1.632624030338905054e-15
1.680370959938274743e-15
1.722078968140194899e-15
1.759658961273671222e-15
1.785013304362952601e-15
1.807207685163383405e-15
1.824060676198428592e-15
1.830623063957281284e-15
1.831242033283487364e-15
1.820193123761265457e-15
1.802751656586115345e-15
1.778790365057712070e-15
1.738628933138359860e-15
1.690503909207159532e-15
1.631658942174627185e-15
1.557479396544121392e-15
1.473571571635281553e-15
1.375322420138242342e-15
1.269462677610123241e-15
1.158501467398928304e-15
1.035306030934947472e-15
9.095865421672672327e-16
7.795705846537579614e-16
6.420167750635142646e-16
5.034576432439981201e-16
3.583926101752993049e-16
2.121333135905311296e-16
6.675458716377260463e-17
-8.538360776586304641e-17
-2.365473177594622266e-16
-3.906429925953127649e-16
-5.501134355886266609e-16
-7.064820703988749107e-16
-8.661020411771587924e-16
-1.023929002024782930e-15
-1.174652585758054896e-15
-1.323027876524182720e-15
-1.461309710932591488e-15
-1.594022833108395265e-15
-1.722094850007955917e-15
-1.835903255592227779e-15
-1.944026164276291962e-15
-2.043463385360973737e-15
-2.129147967755797878e-15
-2.206579908145523371e-15
-2.269838446228842656e-15
-2.325414818997039064e-15
-2.373844139514540499e-15
-2.404180201003979639e-15
-2.425956147528466819e-15
-2.436232351244555991e-15
-2.428490681864888499e-15
-2.407918580916686493e-15
-2.368778247215249343e-15
-2.318624367617138152e-15
-2.259234229003929256e-15
-2.180829471274282200e-15
-2.095072679320704630e-15
-2.000317432851971000e-15
-1.891685033850133354e-15
-1.776373780059195551e-15
-1.648394619146477651e-15
-1.515076609567215897e-15
-1.378421925450482640e-15
-1.227996497314644189e-15
-1.074191301840142672e-15
-9.131849498854403141e-16
-7.403553414760480084e-16
-5.647797581307756679e-16
-3.794849746415726631e-16
-1.918667136036021083e-16
-7.711624525458340453e-18
1.798013513097852399e-16
3.594319990109191365e-16
5.349159175094308008e-16
7.083237847240017766e-16
8.687240846049436825e-16
1.025254185070762283e-15
1.173209876890644009e-15
1.307392389471697183e-15
1.435302199561858637e-15
1.549224107561062574e-15
1.656051055835827679e-15
1.757515967917117842e-15
1.842082572700684713e-15
1.919976357804900613e-15
1.987621256005576292e-15
2.038101666804854016e-15
2.076394967559036867e-15
2.095880113477674792e-15
2.103577525385848246e-15
2.099477885921137432e-15
2.072040159418965695e-15
2.031667816295747164e-15
1.976361858795961692e-15
1.900039319808902519e-15
1.807549674715837329e-15
1.694987889871686984e-15
1.570228089433245867e-15
1.434854119132761112e-15
1.281341785299772770e-15
1.120142098074859618e-15
9.508978213125171552e-16
7.708155991713783097e-16
5.855300536352562972e-16
3.919663492264996007e-16
1.961183822474552680e-16
-8.123044413205091715e-19
-2.052094809912172668e-16
-4.104018095652526340e-16
-6.183648623190956227e-16
-8.318664517567976677e-16
-1.046991168079675766e-15
-1.266773771519064465e-15
-1.486545151771902044e-15
-1.705378337156537080e-15
-1.928357325301508288e-15
-2.150038553092167501e-15
-2.372254893947254618e-15
-2.597871013294383684e-15
-2.824435809542437566e-15
-3.055235770526762949e-15
-3.286773285449910015e-15
-3.518790009262966201e-15
-3.756007515372163791e-15
-3.993053073793068758e-15
-4.231307348229705612e-15
-4.472833287425112200e-15
-4.714260547282163663e-15
-4.958867145306734142e-15
-5.203254361797965757e-15
-5.447460736754958580e-15
-5.697605659705151301e-15
-5.948892806584716447e-15
-6.204458316880863064e-15
-6.466980085256335622e-15
-6.731051076892336296e-15
-7.001082639378165481e-15
-7.272775656990033977e-15
-7.541739110929375489e-15
-7.811020202223937364e-15
-8.073138782916516876e-15
-8.331257674032161581e-15
-8.584563723941507352e-15
-8.822062444989193369e-15
-9.051177233924956322e-15
-9.268832514117315846e-15
-9.467698062440733225e-15
-9.650807950912273364e-15
-9.812604796365000798e-15
-9.961557234205564021e-15
-1.009557055195540315e-14
-1.019829447263366842e-14
-1.028246837176706452e-14
-1.034740445860242095e-14
-1.037800437085492980e-14
-1.037040648531805873e-14
-1.031881879069848282e-14
-1.023441534563638081e-14
-1.010536479392450462e-14
-9.903037421945658919e-15
-9.645048973903891376e-15
-9.334761323566854313e-15
-8.948408420500486571e-15
-8.476454367784599236e-15
-7.920390790439307133e-15
-7.300696404030377479e-15
-6.602031018366561269e-15
-5.792318766284759030e-15
-4.898474119683976155e-15
-3.931361546662169928e-15
-2.865484508474038655e-15
-1.691038704634232216e-15
-4.155934333176518510e-16
9.362888323129854237e-16
2.377992271615481622e-15
3.936049450508748854e-15
5.580793040015205250e-15
7.299020125827761218e-15
9.106374982965730058e-15
1.100149177080166421e-14
1.297388506848150269e-14
1.500015728490323996e-14
1.707820184912705458e-14
1.921353972190315007e-14
2.138098522557786707e-14
2.357164282013914092e-14
2.577822124597700659e-14
2.797722719726641882e-14
3.016503537299312920e-14
3.233160335053449075e-14
3.445097126412305366e-14
3.649971357056955301e-14
3.847136571442054398e-14
4.037497061942091348e-14
4.217596934132268605e-14
4.382599291070585212e-14
4.534105363840530700e-14
4.673535796101239981e-14
4.795819232190912107e-14
4.895874829678736884e-14
4.975717171726463939e-14
5.038616483136852675e-14
5.078929830415294944e-14
5.090174023383506330e-14
5.076405672232477129e-14
5.041577371507274807e-14
4.979565750625608578e-14
4.884587946249983881e-14
4.761122390979123653e-14
4.614525043545106286e-14
4.439443672160821308e-14
4.230376967240441488e-14
3.993387990620413108e-14
3.733957723095829295e-14
3.447914357994873169e-14
3.132215014157828381e-14
2.792297473699478089e-14
2.434035571295851963e-14
2.055412182686358613e-14
1.654506067740035835e-14
1.237182506100146032e-14
8.077620434240439379e-15
3.659246283126095164e-15
-8.678772634159261957e-16
-5.470879503680645475e-15
-1.011435435459371451e-14
-1.477275943175156148e-14
-1.942146428759745219e-14
-2.402966741603743128e-14
-2.858967606384453519e-14
-3.306032273571631042e-14
-3.737688056195537234e-14
-4.154794862104224662e-14
-4.557662027730030596e-14
-4.939498042901870056e-14
-5.294297782836888955e-14
-5.623070910808214418e-14
-5.929581641233444556e-14
-6.207047950710503637e-14
-6.446537368590826711e-14
-6.653720272236512967e-14
-6.833138113497561061e-14
-6.976813874889908895e-14
-7.078517459679911639e-14
-7.143184020631451747e-14
-7.178148185441393658e-14
-7.177201541419542252e-14
-7.132509372616974153e-14
-7.052539298000801149e-14
-6.943806017374945516e-14
-6.800369458086902297e-14
-6.618686311911717302e-14
-6.404901294661952127e-14
-6.166780682024392002e-14
-5.901374088837160747e-14
-5.604788890487856501e-14
-5.284988551933385292e-14
-4.947511652209253541e-14
-4.590589925334773169e-14
-4.214921326458481721e-14
-3.824937531960413695e-14
-3.425915895915142284e-14
-3.019094441678374374e-14
-2.605191961409149964e-14
-2.188808860450596611e-14
-1.772159791146605406e-14
-1.357429166764850467e-14
-9.486943498035298183e-15
-5.466147130604335699e-15
-1.522049278909894891e-15
2.304460494431388555e-15
5.976471775830842839e-15
9.493325891292859336e-15
1.287242322689464633e-14
1.607043084760409468e-14
1.903294043908727168e-14
2.179012077382653373e-14
2.436889564108330603e-14
2.672140429120593158e-14
2.880574061616195114e-14
3.065529126660034021e-14
3.231420190566609840e-14
3.374078495982715808e-14
3.488847394577526684e-14
3.580599358676828103e-14
3.653572941148680586e-14
3.704046618036027638e-14
3.729167921185695678e-14
3.733258751507755047e-14
3.721196324712496006e-14
3.690693651842331946e-14
3.639319748338643024e-14
3.571954201603971812e-14
3.492487942184825667e-14
3.399428159214963607e-14
3.292223942465491437e-14
3.174099438146837926e-14
3.048570849429645124e-14
2.915303767706337035e-14
2.773687312815353856e-14
2.626825521695203697e-14
2.476572041247657868e-14
2.323008186635652783e-14
2.167247128558470043e-14
2.010274982773303104e-14
1.853563384322711588e-14
1.698179086500467561e-14
1.544614554262104672e-14
1.394066136942324896e-14
1.246408473664934596e-14
1.102611163044655770e-14
9.647178414733288687e-15
8.318698716523222070e-15
7.040171092311583306e-15
5.828836897739733680e-15
4.692912775912513532e-15
3.631140882903250225e-15
2.628934252569040640e-15
1.696045834022807605e-15
8.521005336194860044e-16
7.612060765592272766e-17
-6.416330161988488632e-16
-1.287354978071449454e-15
-1.858389227484750876e-15
-2.361312710576386753e-15
-2.814720341637430741e-15
-3.213152146289881619e-15
-3.540726680289194885e-15
-3.818616379184939028e-15
-4.054601028839407983e-15
-4.238719310034654367e-15
-4.373254823596475771e-15
-4.461584689885575092e-15
-4.519166413156396056e-15
-4.545351166171341870e-15
-4.528758637767577380e-15
-4.487053276543617394e-15
-4.424146680649882271e-15
-4.334343400549034095e-15
-4.224315091250121362e-15
-4.093320598924296561e-15
-3.952593274518046221e-15
-3.805620352675216297e-15
-3.645222805651352968e-15
-3.484407459626256455e-15
-3.322158722096168852e-15
-3.156049420150732962e-15
-2.995326188958650354e-15
-2.833608117570017570e-15
-2.676469529810715162e-15
-2.528121873494491509e-15
-2.381556798015764531e-15
-2.244457103964367546e-15
-2.111439261685789034e-15
-1.980047934424175593e-15
-1.859256165706265652e-15
-1.740220719804487504e-15
-1.626779397123731975e-15
-1.523542492116785815e-15
-1.424050849165242952e-15
-1.335524682990617447e-15
-1.252658708606900397e-15
-1.174049710057846647e-15
-1.109612419749304597e-15
-1.050798792935820659e-15
-1.001294164091779890e-15
-9.659552083785016320e-16
-9.381567517199179695e-16
-9.235659739287522055e-16
-9.150849506652501165e-16
-9.091323207493021141e-16
-9.128978057163211063e-16
-9.159413009749242142e-16
-9.205115731209531985e-16
-9.298267120792639596e-16
-9.365360600544652726e-16
-9.473925872185420469e-16
-9.574291864896766584e-16
-9.645993203881843107e-16
-9.775914293705259897e-16
-9.888786727882815757e-16
-1.003205599816377625e-15
-1.024366494542039777e-15
-1.045097943563443998e-15
-1.072693112314686628e-15
-1.102322960084352495e-15
-1.130671564642177825e-15
-1.164961575929400039e-15
-1.197083500509006464e-15
-1.230859892192837351e-15
-1.268500130544687136e-15
-1.301262200274180998e-15
-1.335587998703424706e-15
-1.366058738431477279e-15
-1.388005785611309828e-15
-1.407485002299316973e-15
-1.416926243287650218e-15
-1.421220594451111114e-15
-1.423463008299848467e-15
-1.416591347636129549e-15
-1.409544774668802618e-15
-1.399565350121607672e-15
-1.384166185261406085e-15
-1.371024363205637208e-15
-1.353873745968750542e-15
-1.338086216502232858e-15
-1.326136169803250782e-15
-1.309734329691736917e-15
-1.296430936101279283e-15
-1.281842064134244841e-15
-1.261562083673727162e-15
-1.241624304523900220e-15
-1.214547943452850848e-15
-1.184697655358662050e-15
-1.153841621518727177e-15
-1.113339576475460332e-15
-1.070748748184264382e-15
-1.022042659651247604e-15
-9.636877011787018700e-16
-9.031275983070979722e-16
-8.343408467539642926e-16
-7.633674796474936367e-16
-6.946292736701494691e-16
-6.222405674483760807e-16
-5.551839336295685129e-16
-4.902755341836754609e-16
-4.250488091682924022e-16
-3.669839065406220631e-16
-3.084572386078001218e-16
-2.533072939889870505e-16
-2.036551093585566214e-16
-1.511238862101884272e-16
-1.021857172670688713e-16
-5.156864961315248694e-17
4.135369944860347948e-18
5.740231772212556313e-17
1.157377613496599457e-16
1.745996028666883739e-16
2.300505485842421413e-16
2.884914279613749830e-16
3.421244159809944075e-16
3.950116444301156240e-16
4.487996130093029837e-16
4.944381717238383132e-16
5.390007868371238676e-16
5.779124745823615607e-16
6.068564903625474610e-16
6.324444557265934165e-16
6.482767720601971713e-16
6.601807084031130913e-16
6.716513344539492333e-16
6.757797200993074897e-16
6.816663343849288601e-16
6.862059015866198760e-16
6.862297243882614032e-16
6.888009987787702387e-16
6.867567906396903916e-16
6.845412171474691589e-16
6.843498406409488904e-16
6.779457421641143459e-16
6.727731766530283507e-16
6.645569041251024340e-16
6.501190687204752745e-16
6.369922814995201618e-16
6.184836586899480383e-16
5.997363843474870157e-16
5.838596517237116135e-16
5.632502283862712150e-16
5.455730213539883907e-16
5.264897396292634278e-16
5.026449680706668224e-16
4.814811087296892809e-16
4.559446535567482275e-16
4.308621815737558773e-16
4.100619905347260494e-16
3.869464349343765914e-16
3.692237792905176536e-16
3.525785230857865840e-16
3.340094962391633882e-16
3.205980794781512289e-16
3.044582637149145614e-16
2.894313433652516377e-16
2.780883281218752764e-16
2.627744224217707552e-16
2.506451753148851913e-16
2.372398466031814222e-16
2.196912429950934422e-16
2.055355754410203716e-16
1.875722565610228056e-16
1.702158897272921492e-16
1.563924708467795779e-16
1.385620037906029286e-16
1.238673188796107034e-16
1.078854284389226599e-16
8.754198006436501216e-17
7.024010127194444883e-17
4.916986885014055944e-17
2.912583007882505576e-17
1.343624789582038867e-17
-4.979816298339194970e-18
-1.890706578447156629e-17
-3.290836820135244114e-17
-5.070829905803608286e-17
-6.599897421781766491e-17
-8.642563034455324686e-17
-1.080233955476516045e-16
-1.280804078196943899e-16
-1.535619381999619223e-16
-1.768153219426974159e-16
-2.015395519285604004e-16
-2.298743392614336451e-16
-2.538887556374975259e-16
-2.801797848175441525e-16
-3.041359676784843001e-16
-3.225994595138355304e-16
-3.426776873142290758e-16
-3.574957875726142128e-16
-3.717327438198440945e-16
-3.882859646009000640e-16
-3.996488851185369014e-16
-4.131308703119671846e-16
-4.246137783405385139e-16
-4.304359122430501507e-16
-4.371577539542234646e-16
-4.378854876048129171e-16
-4.374155696075439923e-16
-4.385423087158494236e-16
-4.337240676745117429e-16
-4.306597936389213030e-16
-4.252576027897905873e-16
-4.136457339949997907e-16
-4.022048599764359560e-16
-3.834478447550815090e-16
-3.619252669609417713e-16
-3.398486766797385178e-16
-3.089159863580771305e-16
-2.774637736721732384e-16
-2.418951661510706586e-16
-1.990102586084998562e-16
-1.568073978769259774e-16
-1.085560800098010531e-16
-5.984361225990026604e-17
-1.393801317385321759e-17
3.753772089545241285e-17
8.627425629245604279e-17
1.369499015686309823e-16
1.933259263785946534e-16
2.469372091789406864e-16
3.057160547020279940e-16
3.641084943824897304e-16
4.177009836393185587e-16
4.745070100189117956e-16
5.254310543243139592e-16
5.754532202991271064e-16
6.285431807902177193e-16
6.759707789684725378e-16
7.269814323927314536e-16
7.765061782692695130e-16
8.202557476323093458e-16
8.666894055865204463e-16
9.062578085636762391e-16
9.440297605388240677e-16
9.828329751272540070e-16
1.012018024720492959e-15
1.041062149207132477e-15
1.064766577994280886e-15
1.078273788887671586e-15
1.090455181460372493e-15
1.092573822619692311e-15
1.090852651670871573e-15
1.088741316170721823e-15
1.075960330150483278e-15
1.062399544423178743e-15
1.043236588661852673e-15
1.013674503527967150e-15
9.822324287676507081e-16
9.408027767680219970e-16
8.956956253487703343e-16
8.506947765643990862e-16
7.969846291372407153e-16
7.441787952603947168e-16
6.880814972296369139e-16
6.245432265154868962e-16
5.609044765179688370e-16
4.895950490896750374e-16
4.158272938204328429e-16
3.421538503759114945e-16
2.606980535004748464e-16
1.796923487573854521e-16
9.577093823416504208e-17
6.424256454772155509e-18
-8.128823655311300639e-17
-1.728894962857411449e-16
-2.636504927172481170e-16
-3.510194530672466375e-16
-4.408114835117640925e-16
-5.271460313447079004e-16
-6.134534476535599690e-16
-7.014527063954340957e-16
-7.854154825667270575e-16
-8.697365007351493850e-16
-9.507150739541470399e-16
-1.025396274847664192e-15
-1.096827092685211374e-15
-1.160324917576129999e-15
-1.218625454181814644e-15
-1.272746412588391350e-15
-1.318821616787236271e-15
-1.361339812003205165e-15
-1.398577392067753937e-15
-1.429403144479824469e-15
-1.457026688834800118e-15
-1.478535290585310160e-15
-1.496968845099931871e-15
-1.512681518029735956e-15
-1.521373664255341179e-15
-1.527101936319385199e-15
-1.528035472506377845e-15
-1.522376868902245491e-15
-1.513158715216395347e-15
-1.497150533667117919e-15
-1.477426418578235874e-15
-1.454817626908360903e-15
-1.424607773328062654e-15
-1.391467079871146120e-15
-1.353220789445535883e-15
-1.308149848684779341e-15
-1.261255775384176325e-15
-1.208791719301547437e-15
-1.155297671155057319e-15
-1.103522888133256618e-15
-1.048213542501682128e-15
-9.960778175652326878e-16
-9.441099110314580059e-16
-8.891998355553955118e-16
-8.371797835558054870e-16
-7.812692562899172573e-16
-7.257492112127132602e-16
-6.729288189570863284e-16
-6.144083184829115824e-16
-5.583020207270892026e-16
-5.002722170271707135e-16
-4.365238027327628242e-16
-3.758274334357693909e-16
-3.101121556982778128e-16
-2.455403724395795401e-16
-1.865403322032506525e-16
-1.235779115443355505e-16
-6.703553078702011495e-17
-1.175009563823208280e-17
4.732999086597356126e-17
1.004047179989033976e-16
1.576064808184318039e-16
2.125165298247146963e-16
2.609055765725521499e-16
3.143625670275998919e-16
3.616600132995531668e-16
4.088616124995686973e-16
4.620039037449318649e-16
5.108151831820857865e-16
