5.661690509829503306e-16
0.000000000000000000e+00
0.000000000000000000e+00
0.000000000000000000e+00
0.000000000000000000e+00
0.000000000000000000e+00
0.000000000000000000e+00
0.000000000000000000e+00
0.000000000000000000e+00
0.000000000000000000e+00
0.000000000000000000e+00
0.000000000000000000e+00
0.000000000000000000e+00
0.000000000000000000e+00
0.000000000000000000e+00
0.000000000000000000e+00
0.000000000000000000e+00
0.000000000000000000e+00
0.000000000000000000e+00
0.000000000000000000e+00
0.000000000000000000e+00
0.000000000000000000e+00
0.000000000000000000e+00
0.000000000000000000e+00
0.000000000000000000e+00
0.000000000000000000e+00
0.000000000000000000e+00
0.000000000000000000e+00
0.000000000000000000e+00
0.000000000000000000e+00
0.000000000000000000e+00
0.000000000000000000e+00
0.000000000000000000e+00
0.000000000000000000e+00
0.000000000000000000e+00
0.000000000000000000e+00
0.000000000000000000e+00
0.000000000000000000e+00
0.000000000000000000e+00
0.000000000000000000e+00
0.000000000000000000e+00
0.000000000000000000e+00
0.000000000000000000e+00
0.000000000000000000e+00
0.000000000000000000e+00
0.000000000000000000e+00
0.000000000000000000e+00
0.000000000000000000e+00
0.000000000000000000e+00
0.000000000000000000e+00
0.000000000000000000e+00
0.000000000000000000e+00
0.000000000000000000e+00
0.000000000000000000e+00
0.000000000000000000e+00
0.000000000000000000e+00
0.000000000000000000e+00
0.000000000000000000e+00
0.000000000000000000e+00
0.000000000000000000e+00
0.000000000000000000e+00
0.000000000000000000e+00
0.000000000000000000e+00
0.000000000000000000e+00
0.000000000000000000e+00
0.000000000000000000e+00
0.000000000000000000e+00
0.000000000000000000e+00
0.000000000000000000e+00
0.000000000000000000e+00
0.000000000000000000e+00
0.000000000000000000e+00
0.000000000000000000e+00
0.000000000000000000e+00
0.000000000000000000e+00
0.000000000000000000e+00
0.000000000000000000e+00
0.000000000000000000e+00
0.000000000000000000e+00
0.000000000000000000e+00
0.000000000000000000e+00
0.000000000000000000e+00
0.000000000000000000e+00
0.000000000000000000e+00
0.000000000000000000e+00
0.000000000000000000e+00
0.000000000000000000e+00
0.000000000000000000e+00
0.000000000000000000e+00
0.000000000000000000e+00
0.000000000000000000e+00
0.000000000000000000e+00
0.000000000000000000e+00
0.000000000000000000e+00
0.000000000000000000e+00
0.000000000000000000e+00
0.000000000000000000e+00
0.000000000000000000e+00
0.000000000000000000e+00
0.000000000000000000e+00
0.000000000000000000e+00
0.000000000000000000e+00
0.000000000000000000e+00
0.000000000000000000e+00
0.000000000000000000e+00
0.000000000000000000e+00
0.000000000000000000e+00
0.000000000000000000e+00
0.000000000000000000e+00
0.000000000000000000e+00
0.000000000000000000e+00
0.000000000000000000e+00
0.000000000000000000e+00
0.000000000000000000e+00
0.000000000000000000e+00
0.000000000000000000e+00
0.000000000000000000e+00
0.000000000000000000e+00
0.000000000000000000e+00
0.000000000000000000e+00
0.000000000000000000e+00
0.000000000000000000e+00
0.000000000000000000e+00
0.000000000000000000e+00
0.000000000000000000e+00
0.000000000000000000e+00
0.000000000000000000e+00
0.000000000000000000e+00
0.000000000000000000e+00
0.000000000000000000e+00
0.000000000000000000e+00
0.000000000000000000e+00
0.000000000000000000e+00
0.000000000000000000e+00
0.000000000000000000e+00
0.000000000000000000e+00
0.000000000000000000e+00
0.000000000000000000e+00
0.000000000000000000e+00
0.000000000000000000e+00
0.000000000000000000e+00
0.000000000000000000e+00
0.000000000000000000e+00
0.000000000000000000e+00
0.000000000000000000e+00
0.000000000000000000e+00
0.000000000000000000e+00
0.000000000000000000e+00
0.000000000000000000e+00
0.000000000000000000e+00
0.000000000000000000e+00
0.000000000000000000e+00
0.000000000000000000e+00
0.000000000000000000e+00
0.000000000000000000e+00
0.000000000000000000e+00
0.000000000000000000e+00
0.000000000000000000e+00
0.000000000000000000e+00
0.000000000000000000e+00
0.000000000000000000e+00
0.000000000000000000e+00
0.000000000000000000e+00
0.000000000000000000e+00
0.000000000000000000e+00
0.000000000000000000e+00
0.000000000000000000e+00
0.000000000000000000e+00
0.000000000000000000e+00
0.000000000000000000e+00
0.000000000000000000e+00
0.000000000000000000e+00
0.000000000000000000e+00
0.000000000000000000e+00
0.000000000000000000e+00
0.000000000000000000e+00
0.000000000000000000e+00
0.000000000000000000e+00
0.000000000000000000e+00
0.000000000000000000e+00
0.000000000000000000e+00
0.000000000000000000e+00
0.000000000000000000e+00
0.000000000000000000e+00
0.000000000000000000e+00
0.000000000000000000e+00
0.000000000000000000e+00
0.000000000000000000e+00
0.000000000000000000e+00
0.000000000000000000e+00
0.000000000000000000e+00
0.000000000000000000e+00
0.000000000000000000e+00
0.000000000000000000e+00
0.000000000000000000e+00
0.000000000000000000e+00
0.000000000000000000e+00
0.000000000000000000e+00
0.000000000000000000e+00
0.000000000000000000e+00
0.000000000000000000e+00
0.000000000000000000e+00
0.000000000000000000e+00
-1.401298464324817071e-45
-2.802596928649634142e-45
-4.203895392974451213e-45
-4.203895392974451213e-45
-4.203895392974451213e-45
-5.605193857299268284e-45
-1.121038771459853657e-44
-1.961817850054743899e-44
-3.082856621514597556e-44
-4.484155085839414627e-44
-5.184804318001823162e-44
-5.465064010866786577e-44
-6.165713243029195112e-44
-7.987401246651457304e-44
-1.078999817530109145e-43
-1.457350402897809754e-43
-1.877739942195254875e-43
-2.368194404708940850e-43
-2.844635882579378654e-43
-3.293051391163320117e-43
-3.615350037958028043e-43
-3.797518838320254262e-43
-3.867583761536495116e-43
-3.811531822963502433e-43
-3.587324068671531702e-43
-3.208973483303831092e-43
-2.424246343281933533e-43
-1.205116679319342681e-43
6.025583396596713405e-44
3.138908560087590239e-43
6.754258598045618282e-43
1.163077725389598169e-42
1.765636065049269509e-42
2.483100878783575850e-42
3.351905926664962434e-42
4.367847313300454810e-42
5.497293875546257369e-42
6.726232628759121940e-42
8.077084348368245597e-42
9.512013975836858277e-42
1.095955528948439431e-41
1.239448491695300699e-41
1.374813923349078028e-41
1.491822345120200254e-41
1.586269861615692924e-41
1.656615044524798741e-41
1.696972440297353473e-41
1.690246207668594351e-41
1.646385565735227577e-41
1.571556227740282345e-41
1.443337418254561583e-41
1.267614590828229522e-41
1.079420207069406590e-41
8.983724454786402242e-42
7.178852032736037854e-42
5.509905561725180723e-42
4.463135608874542371e-42
4.223513571474998652e-42
4.510779756661586151e-42
5.683666571301458040e-42
8.022433708259577731e-42
1.144440455814078102e-41
1.551237400007572498e-41
2.013806023081194613e-41
2.521636586552508319e-41
3.034792084188256330e-41
3.452939545942781744e-41
3.743568847443748805e-41
3.912425312394889262e-41
3.929941543198949475e-41
3.699007556278219622e-41
3.190896733114040952e-41
2.522757625323968173e-41
1.723036591733795070e-41
6.245587255495709685e-42
-6.451578129751457795e-42
-1.820426835004369857e-41
-2.847158219815163325e-41
-3.894909081590829049e-41
-4.795663734458821462e-41
-5.244359502735627888e-41
-5.280092613575910723e-41
-5.327596631516522022e-41
-5.149071207161540327e-41
-4.452485740545673761e-41
-3.397868516294816434e-41
-2.573764889425391514e-41
-1.754705937027535936e-41
-3.747072093604560848e-42
1.495185461434579815e-41
2.916802753492106733e-41
4.668706093590993035e-41
8.154996542984705426e-41
1.366266002716696644e-40
2.033087889950304096e-40
2.966352667190632265e-40
4.452443701591744017e-40
6.577821108402480564e-40
9.161451139016718791e-40
1.255004305947770494e-39
1.728689429738881382e-39
2.358428755711061200e-39
3.130774022502184676e-39
4.103862300800159821e-39
5.389634917129110323e-39
7.047789988666202039e-39
9.046021980614890634e-39
1.152687797925861813e-38
1.473234821640163718e-38
1.881699311006204646e-38
2.381737113587561612e-38
2.999088961135110046e-38
3.784571681288971547e-38
4.774409399871328366e-38
5.969188980679039737e-38
7.429514059956918212e-38
9.257860473362266205e-38
1.153213368927891479e-37
1.428677482136303931e-37
1.761990446964482065e-37
2.172980972994253482e-37
2.677583617427025685e-37
3.278117361065440530e-37
3.995984851926455250e-37
4.868116246050517512e-37
5.925011421084981262e-37
7.181574811704159547e-37
8.667339960134407919e-37
1.044650203058460344e-36
1.257331436702280860e-36
1.505392384924069207e-36
1.794643167468547515e-36
2.135437698428918991e-36
2.536509856348974782e-36
3.001624179106378791e-36
3.535981569135891006e-36
4.153879127146998382e-36
4.867270534401328198e-36
5.673634978275824968e-36
6.580449518326820767e-36
7.603617479615550227e-36
8.755826509908090822e-36
1.003760681570179221e-35
1.144070468177945492e-35
1.297092583341381696e-35
1.462942323656054937e-35
1.638224286890967610e-35
1.819628807860363360e-35
2.003476870492375409e-35
2.185667876390586705e-35
2.360372567436368755e-35
2.515708004398728484e-35
2.640135344171339789e-35
2.723779401057963678e-35
2.753833715119368277e-35
2.711975095970555883e-35
2.570865551334919980e-35
2.299955572936616553e-35
1.863825931823061352e-35
1.191207045482512937e-35
1.811042619448479422e-36
-1.268425702736776499e-35
-3.246952734331541406e-35
-5.853530240263049231e-35
-9.157622159346316287e-35
-1.312667424312296216e-34
-1.760294180778610732e-34
-2.240303281133934923e-34
-2.742792907388143981e-34
-3.278144488410047824e-34
-3.888430620054506966e-34
-4.689429001094122113e-34
-5.891026673344357043e-34
-7.749557628746281566e-34
-1.051481717191451652e-33
-1.436926682168064358e-33
-1.920982766209204866e-33
-2.445226798053051594e-33
-2.895339931701221603e-33
-3.096355710505571510e-33
-2.855587835163281211e-33
-2.054108236123798191e-33
-7.202171235541613369e-34
8.429016322395603243e-34
1.883323049615728146e-33
1.262319853322875667e-33
-2.396389232209208815e-33
-1.046324713271798887e-32
-2.332070001688853415e-32
-3.937229872129352631e-32
-5.453043061826139123e-32
-6.146632924079672467e-32
-5.002751142834048737e-32
-1.063252419670815238e-32
6.266722602454028181e-32
1.672832022272422567e-31
2.823177259206042645e-31
3.655852788543219869e-31
3.553816352408792846e-31
1.737920790169543778e-31
-2.451195598371382230e-31
-9.097110344008014737e-31
-1.742207700517557578e-30
-2.531523004834823247e-30
-2.897379540765540985e-30
-2.360075555095075496e-30
-4.217899425665725458e-31
3.302718204793485453e-30
8.700377239023570072e-30
1.483143302918365995e-29
1.982406184910345587e-29
2.065673164202820108e-29
1.362094092015321064e-29
-4.314144013054554938e-30
-3.448847612702397805e-29
-7.492804568954913383e-29
-1.172630252253740640e-28
-1.462063939491736936e-28
-1.406231471145194017e-28
-7.440888118038417335e-29
7.334440766305919568e-29
3.043925536349220910e-28
5.938324760711133410e-28
8.773616232114829448e-28
1.038850463862363794e-27
9.306741566705409947e-28
3.971437027161586406e-28
-6.967580241590559995e-28
-2.355064499037633113e-27
-4.357840974135864064e-27
-6.232399818744481421e-27
-7.191172041449168335e-27
-6.184720341483264377e-27
-2.231010729087784723e-27
5.340280949927125720e-27
1.655222309924934838e-26
2.994665448382645263e-26
4.225839430565913980e-26
4.851557429462607403e-26
4.199500104497683040e-26
1.576459324844878890e-26
-3.410999733362260525e-26
-1.067860669577470952e-25
-1.938743880456903223e-25
-2.749287490474529623e-25
-3.187603014799579057e-25
-2.863264086213124461e-25
-1.335033313552887638e-25
1.715325776368119279e-25
6.246790814104689945e-25
1.176445031250330852e-24
1.713689678850690900e-24
2.045781384502237871e-24
1.939158944552565916e-24
1.147715308727860518e-24
-5.510851135748495479e-25
-3.212926337325691910e-24
-6.587112804188020885e-24
-1.008466291713062213e-23
-1.267712333122921074e-23
-1.293481105680689601e-23
-9.393526889709294485e-24
-7.860408260924598408e-25
1.364911592901456477e-23
3.319012667404175666e-23
5.496872402178843367e-23
7.398234811951735988e-23
8.260740615840560572e-23
7.159463655336888489e-23
3.298328103380556560e-23
-3.845462147947038778e-23
-1.430677001749123492e-22
-2.704964159195481506e-22
-3.972670449643868587e-22
-4.880051584313712901e-22
-4.932762638911856733e-22
-3.591781898876748662e-22
-4.693430507530088468e-23
4.593706940186500140e-22
1.139741792998699652e-21
1.906667265857675980e-21
2.599911060197994506e-21
2.998330195493689581e-21
2.810158319144596507e-21
1.741912921117573136e-21
-3.842150194322558882e-22
-3.593632049067643330e-21
-7.687635667308843235e-21
-1.208174025022556819e-20
-1.581270447581618777e-20
-1.761883395628011699e-20
-1.588904258347974854e-20
-9.078421121662418162e-21
3.646586956348809081e-21
2.225040238289778270e-20
4.546665122205059770e-20
6.999109912465309710e-20
9.061329340696827839e-20
1.006631953450151794e-19
9.169370114688763723e-20
5.565727403063381476e-20
-1.178462004381207505e-20
-1.106414039884084610e-19
-2.349248774341945926e-19
-3.686350303876057390e-19
-4.863308632844137005e-19
-5.552724899315872149e-19
-5.333307487017938874e-19
-3.788865123635226915e-19
-6.668016008889328571e-20
4.099559073095031144e-19
1.032374033832652225e-18
1.736871043642147893e-18
2.414288538340918524e-18
2.919022154001893993e-18
3.056516735805917667e-18
2.621131461159550380e-18
1.465783277393206898e-18
-4.906734581027405267e-19
-3.241565931025614903e-18
-6.599659276483412474e-18
-1.017035106746198587e-17
-1.338479478017775269e-17
-1.543528122010687725e-17
-1.538263282847910214e-17
-1.242562261164086349e-17
-5.920428601881925606e-18
4.585072888729395591e-18
1.896517853122586670e-17
3.627275328934447018e-17
5.485516722700122417e-17
7.211915783864440862e-17
8.466490031011777257e-17
8.912922054584606463e-17
8.225366882452569690e-17
6.078407691170365596e-17
2.281576880274798966e-17
-3.081040986606889832e-17
-9.683751153343581638e-17
-1.690040635124570633e-16
-2.372453787871181769e-16
-2.894262346977885102e-16
-3.115244243191467484e-16
-2.861477672056611391e-16
-1.955808471981938085e-16
-2.735221091608478020e-17
2.270836568678063442e-16
5.738225230569849681e-16
1.011022231611877122e-15
1.528673394194778740e-15
2.111223268284239188e-15
2.734111815937264808e-15
3.366761147757975359e-15
3.984483641465697001e-15
4.566861567866864827e-15
5.087938872842291682e-15
5.531606683801095284e-15
5.902490224151757739e-15
6.214053929623833405e-15
6.489043599466415638e-15
6.761584073542012061e-15
7.070247961719162630e-15
7.454753909444042370e-15
7.959576228645185575e-15
8.625190812223612613e-15
9.467639617167372679e-15
1.048767226763478583e-14
1.168447815309532969e-14
1.303799783929212794e-14
1.451453974371519351e-14
1.608249598490478494e-14
1.769667481402604353e-14
1.931874460208392319e-14
2.093797005350492291e-14
2.255337708039970024e-14
2.417060861626286333e-14
2.580614284005029735e-14
2.749991735522504255e-14
2.930149544766273706e-14
3.124928159119189086e-14
3.338585782613687214e-14
3.573425328426763081e-14
3.829065631732152253e-14
4.105499577453097793e-14
4.399817438009191728e-14
4.707151484459153046e-14
5.023554204455597805e-14
5.342654554982458059e-14
5.659749470303399033e-14
5.972867057717212713e-14
6.280002559644337623e-14
6.581265073928380116e-14
6.876352379213759858e-14
7.167040534184279665e-14
7.456950774096041124e-14
7.746211170330669082e-14
8.036327408655202786e-14
8.326685559589472319e-14
8.612200714944520663e-14
8.890224033287694172e-14
9.154034138775940521e-14
9.395172899211157169e-14
9.608222014236347808e-14
9.784396058122590834e-14
9.918704990371021712e-14
1.000791992138670705e-13
1.004698440328771758e-13
1.003634566947020357e-13
9.974100267495095151e-14
9.857846689550336938e-14
9.687475160165964772e-14
9.459708678275641214e-14
9.173614830011028731e-14
8.824445487482998618e-14
8.402937498380377845e-14
7.906324114284254967e-14
7.328737090936052190e-14
6.662020517493247307e-14
5.901685119335392526e-14
5.044271275092722384e-14
4.090559271516247541e-14
3.039880969017173806e-14
1.890824702485607162e-14
6.486765080838301570e-15
-6.817799532668911838e-15
-2.100030829029105039e-14
-3.606037790961948153e-14
-5.194938107618528311e-14
-6.861884378848298605e-14
-8.607428870132868837e-14
-1.043008317517732375e-13
-1.232486199686730344e-13
-1.428312221100902502e-13
-1.629821765828515234e-13
-1.836617202722809483e-13
-2.047120068945917915e-13
-2.260113618609768671e-13
-2.474677093019378438e-13
-2.689165893004358265e-13
-2.902547451520687272e-13
-3.113011964091944028e-13
-3.319040734525019465e-13
-3.520078109206514760e-13
-3.714039980510369654e-13
-3.899916685163457020e-13
-4.076699101993735974e-13
-4.241981657431004304e-13
-4.395207613659690704e-13
-4.534471485361651899e-13
-4.657512982057798734e-13
-4.763581564794228118e-13
-4.850377911813641418e-13
-4.917305169820085364e-13
-4.963346899276854796e-13
-4.985766031799510056e-13
-4.985123642012312395e-13
-4.960488400249096763e-13
-4.910103356889350401e-13
-4.833988569673264291e-13
-4.731156330421704137e-13
-4.602631210187668742e-13
-4.448132671659027482e-13
-4.265742761192653498e-13
-4.057372927218638736e-13
-3.823560662963992884e-13
-3.563580637175323140e-13
-3.278323792987869467e-13
-2.968566148106588365e-13
-2.636739025903278577e-13
-2.283898981395027228e-13
-1.910225721091923790e-13
-1.518891891601203969e-13
-1.112336608997781251e-13
-6.917383332805115970e-14
-2.588603159950353394e-14
1.837449090720966877e-14
6.331010883727991589e-14
1.087346019972533495e-13
1.544392055647519912e-13
2.001409427727571244e-13
2.455273668839491608e-13
2.903255977640406549e-13
3.343265063664863090e-13
3.771875932249979524e-13
4.186752398764592709e-13
4.585781624225071518e-13
4.965476814444702569e-13
5.324762440868380242e-13
5.661196880203667181e-13
5.971825139429454143e-13
6.255519648286356205e-13
6.509701631907116592e-13
6.734294111937488836e-13
6.928157591894190670e-13
7.087669752318948024e-13
7.214347392051068120e-13
7.307484153375176650e-13
7.364786948696466773e-13
7.386823899953320893e-13
7.372878891610812335e-13
7.325324158022339383e-13
7.244586874843861324e-13
7.128379375491433745e-13
6.980559793395846313e-13
6.802493681193344521e-13
6.593481186381588977e-13
6.355575787875267224e-13
6.089922403168523957e-13
5.800423617981220747e-13
5.488925828613100411e-13
5.154978006960408976e-13
4.803159822999725215e-13
4.435924013095754459e-13
4.054170194001116556e-13
3.660737349104464800e-13
3.257717446497609970e-13
2.848767229057802552e-13
2.436254865380294010e-13
2.021346821477407185e-13
1.607464703880234769e-13
1.196853624237451119e-13
7.913014996941206136e-14
3.932194603565794533e-14
4.433738375865471561e-16
-3.730773895653689831e-14
-7.374426048110949150e-14
-1.086809407659788951e-13
-1.420123513142662608e-13
-1.736351812114608761e-13
-2.033728410287191646e-13
-2.311096463942369228e-13
-2.567611921688861543e-13
-2.803466822836470085e-13
-3.017905749521515579e-13
-3.209160096950131047e-13
-3.378578070523802213e-13
-3.526520167464880506e-13
-3.651876977900370136e-13
-3.754953975792368892e-13
-3.835981554102529945e-13
-3.896792285552896917e-13
-3.937702215076749335e-13
-3.957568051483201232e-13
-3.959046903246471460e-13
-3.943314045521534306e-13
-3.910013588945271401e-13
-3.860497262576229049e-13
-3.795522110581345254e-13
-3.717537887769351013e-13
-3.627626085807300615e-13
-3.525252193024158709e-13
-3.413180382858677087e-13
-3.292539038721870037e-13
-3.163447964953797209e-13
-3.027478441552933219e-13
-2.885276110912993186e-13
-2.738846204951989050e-13
-2.589447753442719602e-13
-2.437130358634576055e-13
-2.283895186687423529e-13
-2.130433687536764653e-13
-1.977042526002045775e-13
-1.824931942758303838e-13
-1.674275410153136523e-13
-1.526059687688777200e-13
-1.381223829971869876e-13
-1.240011240390137548e-13
-1.103335020460720350e-13
-9.713620017929094907e-14
-8.444070095925404473e-14
-7.231920547438527858e-14
-6.075031428430521796e-14
-4.974180653960144638e-14
-3.933402472548579165e-14
-2.954428897166370971e-14
-2.036855723691090303e-14
-1.177996841240404324e-14
-3.799751261383691250e-15
3.546022330275428770e-15
1.029136814694386545e-14
1.647485689266602743e-14
2.208987556946446357e-14
2.712510866419680367e-14
3.163320774486437503e-14
3.565746466540134496e-14
3.919263798593010384e-14
4.224994581080408762e-14
4.486161943773221694e-14
4.708059503778609656e-14
4.892054711086619989e-14
5.037406581274994632e-14
5.150108380665326113e-14
5.233716292383366886e-14
5.288006022104684012e-14
5.315168335844056013e-14
5.316996571757409695e-14
5.297717763064722918e-14
5.259150997723519017e-14
5.200750786515766222e-14
5.127390957019965778e-14
5.041276166591231178e-14
4.942779448539533216e-14
4.834649255372122645e-14
4.717423283603916495e-14
4.593852018621238931e-14
4.465418784521321682e-14
4.331345666245406401e-14
4.194399412212404532e-14
4.054976772654809991e-14
3.913016422387241566e-14
3.770505161890778945e-14
3.627091303085722140e-14
3.484294084266266467e-14
3.343366097754811583e-14
3.203678167478136996e-14
3.066734962763745242e-14
2.932174631136569287e-14
2.799670556692147871e-14
2.670372163139905081e-14
2.543315865799044423e-14
2.418887572880334957e-14
2.297791338169534459e-14
2.179510471568817803e-14
2.064825937455553456e-14
1.953236122918377421e-14
1.844491153237849679e-14
1.739274075782636098e-14
1.636627573915749867e-14
1.536561812032558039e-14
1.439353092280454965e-14
1.344546303856880912e-14
1.252504823896207972e-14
1.162898478955596421e-14
1.075662301607991853e-14
9.912890109188120941e-15
9.093256983711602709e-15
8.298170873046514101e-15
7.528973477381305929e-15
6.782822154144992760e-15
6.060173030579671036e-15
5.358039892029795720e-15
4.675197505337163467e-15
4.012369660155203077e-15
3.367253485658566921e-15
2.739563531744030299e-15
2.131131295401793822e-15
1.544786290192160481e-15
9.824125291480606537e-16
4.462653963102365239e-16
-6.023271140260030984e-17
-5.360531651202381058e-16
-9.798710067898241255e-16
-1.392935093847856229e-15
-1.774789404931356382e-15
-2.121262726291570783e-15
-2.433983267011359010e-15
-2.711072943288421466e-15
-2.947829028199602276e-15
-3.143642928572299225e-15
-3.295851149303871165e-15
-3.407126714617615855e-15
-3.476594639479019602e-15
-3.498025843593974282e-15
-3.476353023330815313e-15
-3.412179266147987756e-15
-3.301869530152349783e-15
-3.146616861250109073e-15
-2.946202089666163579e-15
-2.705380670124635754e-15
-2.422478653763514289e-15
-2.090420562616147199e-15
-1.714009602889058400e-15
-1.294956357619227953e-15
-8.306797585976943930e-16
-3.229592896977409979e-16
2.231999313953065721e-16
7.986908181908068931e-16
1.400660775480644295e-15
2.028639885267549854e-15
2.674746029521289474e-15
3.332374151198292528e-15
4.000841541743072050e-15
4.680272926757111235e-15
5.363802257169966725e-15
6.046202069147658606e-15
6.725647853721801114e-15
7.396002857189536844e-15
8.053769680511652790e-15
8.690977320138012358e-15
9.301295051820836907e-15
9.884882117754210246e-15
1.043213147025037410e-14
1.094135158451366163e-14
1.141081366629872682e-14
1.182897689169922981e-14
1.219932849535901656e-14
1.251654911036933007e-14
1.277203203495311939e-14
1.296765175302265830e-14
1.309574939266887339e-14
1.316150964256190825e-14
1.316474361435452517e-14
1.309236803714343422e-14
1.295683514228622088e-14
1.275921727349410909e-14
1.249299566520502974e-14
1.216387593135168782e-14
1.176980317000404438e-14
1.132168377739094581e-14
1.082008018338936894e-14
1.025230976368007516e-14
9.632121557062896244e-15
8.962753770495185401e-15
8.238679513996108317e-15
7.465714515781513017e-15
6.647984673337475198e-15
5.800444353347769533e-15
4.927658216365149446e-15
4.025512646881274428e-15
3.108582329061312412e-15
2.183746229228152383e-15
1.249694940324457600e-15
3.102959618478319959e-16
-6.280413667085287498e-16
-1.555060164567644704e-15
-2.466804311409805453e-15
-3.360040576596222926e-15
-4.227159851403474930e-15
-5.061757507959134886e-15
-5.861000432812873973e-15
-6.624870838272799850e-15
-7.347854963368760650e-15
-8.029103234054660310e-15
-8.668684259999226427e-15
-9.259610019387611024e-15
-9.804112444035829182e-15
-1.029816728041147572e-14
-1.073454594934268244e-14
-1.111385069125494715e-14
-1.142898591114912057e-14
-1.168387337157099012e-14
-1.187995302853088811e-14
-1.200830562509422675e-14
-1.208091837153054890e-14
-1.210011722031301487e-14
-1.206268259920911107e-14
-1.197608025661593689e-14
-1.183837048708428000e-14
-1.165921285434462842e-14
-1.144093500493603699e-14
-1.117316163228758777e-14
-1.086802902446754038e-14
-1.052705167638558550e-14
-1.014789516523909030e-14
-9.740551091673866485e-15
-9.305715716772557100e-15
-8.855045907955275825e-15
-8.394777521779708818e-15
-7.919084665634641002e-15
-7.437753958192648562e-15
-6.949967589143157473e-15
-6.452398836585826469e-15
-5.951588912455826885e-15
-5.445212711312945666e-15
-4.939792810367514553e-15
-4.442262174292809992e-15
-3.952469607707747093e-15
-3.477507317479686111e-15
-3.016729652744582456e-15
-2.570791158212426888e-15
-2.145567277921848863e-15
-1.736338238411629011e-15
-1.343357726049469996e-15
-9.711012511704267269e-16
-6.204999147417684935e-16
-2.930928550379951645e-16
1.407440533069586122e-17
2.979713412977063073e-16
5.521277328767565905e-16
7.823328649738726416e-16
9.917160214033466682e-16
1.177556532338597858e-15
1.341237708461610889e-15
1.486893811708815596e-15
1.622659428868287058e-15
1.749454967116335479e-15
1.863250349569043306e-15
1.972436284601911637e-15
2.080091419340854633e-15
2.181430441150359126e-15
2.276685013541499165e-15
2.365893676513374823e-15
2.454780466965293846e-15
2.544894819916021164e-15
2.631426858774573233e-15
2.724021535953097956e-15
2.824526865584267403e-15
2.930641459150391641e-15
3.049134803965927037e-15
3.177555374923282834e-15
3.323074152953913937e-15
3.491799516156944734e-15
3.677889054778688688e-15
3.891688217478673009e-15
4.129513469727525560e-15
4.388423066099432154e-15
4.680354665436521275e-15
4.994595842054867785e-15
5.336289780010199796e-15
5.718227523839004497e-15
6.135679241563813877e-15
6.601049307180693534e-15
7.106175287693427406e-15
7.650598091244603660e-15
8.253608469691465360e-15
8.892394978731506944e-15
9.565781936633939442e-15
1.028895410304419070e-14
1.105293462278725963e-14
1.186621161302758160e-14
1.271190286009343112e-14
1.359434517267475023e-14
1.454540901244492923e-14
1.553518056383873525e-14
1.656215719040773915e-14
1.765148052409234308e-14
1.879464974223390289e-14
1.999686223899677096e-14
2.123052676315708570e-14
2.250155391062078764e-14
2.384879708267843151e-14
2.522924394626844397e-14
2.663384818951414906e-14
2.809463612815123190e-14
2.960519402870308292e-14
3.116373465165099554e-14
3.273284285764885282e-14
3.432380112555408203e-14
3.598404668854471300e-14
3.766057561291336064e-14
3.933735864716618458e-14
4.105468745453817736e-14
4.281247055547103553e-14
4.459948984561132312e-14
4.636964301570588309e-14
4.813816310627813677e-14
4.995115242658124122e-14
5.174484633634589270e-14
5.349034407141177450e-14
5.522733759568722312e-14
5.696241682550187702e-14
5.867015721991095112e-14
6.030119708688025382e-14
6.188116425526191122e-14
6.345343358821892155e-14
6.496071177719900391e-14
6.636690844238554710e-14
6.770814106864947446e-14
6.900234642568184307e-14
7.020457755716955073e-14
7.126672299170855318e-14
7.221247932303123673e-14
7.305858392217534636e-14
7.375978490096676832e-14
7.426755065965962022e-14
7.459896415873412678e-14
7.479105767864424603e-14
7.478222143093848917e-14
7.454684113929188616e-14
7.411699563548285186e-14
7.347449065180436389e-14
7.261737462434594836e-14
7.149630957799593678e-14
7.009295894351216805e-14
6.845946606912761689e-14
6.651502401167422307e-14
6.426989203420913066e-14
6.175155466180484720e-14
5.888089901718782104e-14
5.572726660555207823e-14
5.225029461289505683e-14
4.838375861526862665e-14
4.420457936867884519e-14
3.962556330153535478e-14
3.472240127800479970e-14
2.951819696875648824e-14
2.385889032727791376e-14
1.791252591404075140e-14
1.165877917347563422e-14
4.965791639650538047e-15
-2.069245585967736945e-15
-9.529190113312553667e-15
-1.725905524182710926e-14
-2.524939824821541279e-14
-3.373960927809636912e-14
-4.244449911439303336e-14
-5.134757771968825879e-14
-6.064380497338567322e-14
-7.021926172034315128e-14
-8.013246777282059807e-14
-9.014226268633934724e-14
-1.002548331895461442e-13
-1.107781198044811843e-13
-1.213184419460514030e-13
-1.318166902670656060e-13
-1.425140658695839280e-13
-1.532902494175147901e-13
-1.641708145296016941e-13
-1.748551797060501900e-13
-1.853664520056613751e-13
-1.960486216727105879e-13
-2.064555666182743554e-13
-2.164951161051642536e-13
-2.264151729601190932e-13
-2.361118299574332946e-13
-2.455684310412320492e-13
-2.544703271885329077e-13
-2.628476863247852791e-13
-2.710041121633394168e-13
-2.785256021046317310e-13
-2.853071782733113126e-13
-2.915569803814410665e-13
-2.972169765077387060e-13
-3.022341491659696899e-13
-3.063695130922639009e-13
-3.096604732615720890e-13
-3.122980118865775756e-13
-3.140270433011488338e-13
-3.147554103206245957e-13
-3.145818295528096664e-13
-3.135187422176333172e-13
-3.114848873622677594e-13
-3.083903304165053205e-13
-3.042735063473606116e-13
-2.991357161974406154e-13
-2.929975327029682441e-13
-2.858184067026925401e-13
-2.775362134121300839e-13
-2.682604030405932871e-13
-2.578985744579320727e-13
-2.465840303212535334e-13
-2.343420054361222693e-13
-2.209286085238376662e-13
-2.066980213290964263e-13
-1.916747468209967220e-13
-1.756142296470072917e-13
-1.587317381484751322e-13
-1.409375410430999120e-13
-1.226041701973476505e-13
-1.037572195587525836e-13
-8.391019405999330938e-14
-6.374647988291459733e-14
-4.334705337727395857e-14
-2.230008034785277427e-14
-8.948735798734600358e-16
2.096411287838897963e-14
4.272211585692152480e-14
6.435827484005743337e-14
8.653314338951528795e-14
1.083565135946533420e-13
1.297203718140377271e-13
1.511275371339493301e-13
1.722547885579794880e-13
1.932126604976130979e-13
2.133802439211948676e-13
2.327396630454059423e-13
2.520018698923265354e-13
2.702635207643688808e-13
2.874315369050250979e-13
3.039995555634278368e-13
3.196689061461116532e-13
3.345711836917619753e-13
3.481717138990175764e-13
3.604533392684988735e-13
3.720437586479663494e-13
3.822353132794387154e-13
3.909969136656199495e-13
3.986980559068931118e-13
4.051256400662561763e-13
4.104214255777616227e-13
4.142478460950060892e-13
4.165827567886165594e-13
4.178258487894798145e-13
4.176257321734933026e-13
4.160302202564636342e-13
4.132138695881609758e-13
4.091086193772075497e-13
4.038492088485889919e-13
3.973869302197063913e-13
3.897015089099342688e-13
3.808804129295378926e-13
3.709904833424509940e-13
3.601327135810405977e-13
3.482502101363055269e-13
3.354107356440261256e-13
3.217078296466335807e-13
3.073666809353531315e-13
2.923686412328180273e-13
2.764863533434580578e-13
2.601475079192644424e-13
2.434752432219772222e-13
2.262141483248131246e-13
2.085431572438137260e-13
1.904908387062240194e-13
1.724733230583710974e-13
1.544884690009643013e-13
1.360800036022402626e-13
1.179068913901085147e-13
1.000666360211933947e-13
8.217059167424031751e-14
6.444734204852711756e-14
4.682061352121943965e-14
2.976650975944176991e-14
1.330163853819092343e-14
-3.130434508551052479e-15
-1.881914593506849726e-14
-3.371573650151095392e-14
-4.822836195076535271e-14
-6.211846900576467601e-14
-7.554924703412693732e-14
-8.810140795069767994e-14
-9.975261719072370248e-14
-1.110490687036488899e-13
-1.213984289613265211e-13
-1.308165679730563524e-13
-1.396386261828808095e-13
-1.476490099888011498e-13
-1.550532163600848445e-13
-1.615561119128541834e-13
-1.671186924739540003e-13
-1.721724569555063700e-13
-1.763380565698857705e-13
-1.796934590058210657e-13
-1.824626062220391365e-13
-1.844865135224721397e-13
-1.859734696969816969e-13
-1.867836262178443341e-13
-1.868697931855026195e-13
-1.864907425534745311e-13
-1.854832883422738443e-13
-1.839508634391556763e-13
-1.819864923905192833e-13
-1.794912417481253630e-13
-1.766376351826706714e-13
-1.734148442249575095e-13
-1.697740526721697174e-13
-1.658082444131250832e-13
-1.615326524883470283e-13
-1.570487988787616640e-13
-1.523491483792702161e-13
-1.473963095674490908e-13
-1.423026464459492546e-13
-1.371412748987776986e-13
-1.318701956442777656e-13
-1.264501334587511683e-13
-1.210069506618963175e-13
-1.156176391604868403e-13
-1.102073009131947223e-13
-1.047815602187897321e-13
-9.938394779449716276e-14
-9.412211813978124675e-14
-8.896364005715751144e-14
-8.379005768301833745e-14
-7.876238181624140022e-14
-7.391897288494195251e-14
-6.915979290991747241e-14
-6.452171154129604513e-14
-5.999533687775851498e-14
-5.569176237253496697e-14
-5.159621915915707513e-14
-4.756250257466516917e-14
-4.374765591561198541e-14
-4.015805225789266519e-14
-3.669143778411466938e-14
-3.339594090634098733e-14
-3.022259634395674244e-14
-2.726146063991401192e-14
-2.451292342936853275e-14
-2.183551665760168070e-14
-1.936022888770864980e-14
-1.707073610072995518e-14
-1.487981423188913799e-14
-1.283963204040759060e-14
-1.088432593837271312e-14
-9.080204205994413941e-15
-7.435899803071108899e-15
-5.831547403170947441e-15
-4.365195305103351103e-15
-3.010507772230525993e-15
-1.703161334296217355e-15
-4.945858201544565784e-16
6.788923544222302299e-16
1.769232868797368172e-15
2.761831392652635414e-15
3.748358384341983832e-15
4.659328766586827777e-15
5.522604417637676580e-15
6.382391987011732173e-15
7.194999397707249611e-15
8.011509512707241237e-15
8.797311295237475459e-15
9.534442564618477584e-15
1.028289273527363892e-14
1.099589542411915505e-14
1.169434269879905328e-14
1.240467215166303483e-14
1.309607634738651355e-14
1.380342509130910722e-14
1.450489373251186154e-14
1.518443607884199104e-14
1.587223530234195545e-14
1.653971928763497273e-14
1.719671700504098177e-14
1.785085852734884931e-14
1.848119334164118749e-14
1.910346609634155923e-14
1.970682968752742598e-14
2.028061150006338353e-14
2.083251614563765702e-14
2.135428844114630603e-14
2.185037022736473211e-14
2.231657885559939353e-14
2.274328525530590339e-14
2.313180402161840038e-14
2.348145414004729203e-14
2.378312323014601659e-14
2.402339937222774946e-14
2.421016166676785014e-14
2.434456546670637350e-14
2.441514872220107435e-14
2.442346489167721707e-14
2.436604622224874256e-14
2.425427683672674861e-14
2.408582570044039139e-14
2.384003537387203303e-14
2.353747181698100793e-14
2.318054399146930733e-14
2.275670564532220053e-14
2.227361903858054992e-14
2.172685927112789905e-14
2.113321961817651168e-14
2.049327436806462621e-14
1.978667609533329985e-14
1.903770415238262986e-14
1.825195912105986168e-14
1.741997625521237575e-14
1.654951945883470499e-14
1.564121384224192307e-14
1.471212373118941513e-14
1.376277852126921511e-14
1.278021183212475417e-14
1.178321763078971074e-14
1.077971567532091252e-14
9.766217884041566294e-15
8.746310594450346781e-15
7.727669619115272448e-15
6.721633764584762985e-15
5.726809661660585068e-15
4.742311313879910700e-15
3.773885839789860308e-15
2.830055873147469848e-15
1.914547723645947802e-15
1.024485185033773785e-15
1.740511755031208161e-16
-6.339256516535451708e-16
-1.402195493301950681e-15
-2.119039053046791431e-15
-2.793102578515843301e-15
-3.417614676570518602e-15
-3.986288245159822288e-15
-4.513248193953930260e-15
-4.984166325375325585e-15
-5.408154172837622772e-15
-5.794295741183650567e-15
-6.125288264883371747e-15
-6.420613925240108849e-15
-6.673817907679310477e-15
-6.876118174603844044e-15
-7.046651741391025958e-15
-7.169722240495286780e-15
-7.259790641908625553e-15
-7.328751829309334415e-15
-7.358182836094632334e-15
-7.371567650727144788e-15
-7.363790194205455802e-15
-7.326372513760497085e-15
-7.277972204121439109e-15
-7.205650837018972438e-15
-7.124692274953353666e-15
-7.048315737615907031e-15
-6.965342084168770279e-15
-6.898243945735547250e-15
-6.845774489817879616e-15
-6.804567607483378786e-15
-6.788753078841667371e-15
-6.787914092707411987e-15
-6.809399930447464569e-15
-6.857116684498088324e-15
-6.920539546973174944e-15
-7.008114283389797056e-15
-7.117190104139522328e-15
-7.244517790836683263e-15
-7.393249153078013114e-15
-7.561216633551488125e-15
-7.751053657690121917e-15
-7.959818480068100305e-15
-8.183555456821745705e-15
-8.420154628879447656e-15
-8.669977679309683744e-15
-8.928162638995214284e-15
-9.181685529339057156e-15
-9.435039860126396422e-15
-9.683443283337034302e-15
-9.912864698199703312e-15
-1.012276708582584422e-14
-1.030171465439457673e-14
-1.045451008071683272e-14
-1.057619313985349099e-14
-1.064210331457818987e-14
-1.066648346389901039e-14
-1.064295966488786396e-14
-1.055146655405724346e-14
-1.039636804515140303e-14
-1.016371435256201161e-14
-9.865340220628106283e-15
-9.499836186525455889e-15
-9.040326741870628735e-15
-8.510662640392411410e-15
-7.907229592504869814e-15
-7.213103032888915772e-15
-6.440956268501368126e-15
-5.579107444450169193e-15
-4.643067428065439720e-15
-3.638412237238954766e-15
-2.546444254934786093e-15
-1.392916353243898227e-15
-1.769798713275913646e-16
1.105868640001558996e-15
2.433276418016875296e-15
3.811707978467132954e-15
5.226357185434326799e-15
6.662581168601034928e-15
8.123636346132976499e-15
9.591552067021204275e-15
1.106785256705430237e-14
1.254348984028970035e-14
1.399227871019597877e-14
1.541719903868157826e-14
1.681104765756304825e-14
1.815134007725552334e-14
1.942138297243451578e-14
2.061736469483738121e-14
2.174217023868246779e-14
2.277483892665702059e-14
2.369399672937002460e-14
2.450247612499709821e-14
2.520704660085269777e-14
2.578940716307844688e-14
2.622532081092161099e-14
2.653101838971747700e-14
2.671470087246136105e-14
2.675641216291595181e-14
2.665131231482063823e-14
2.640318925951554152e-14
2.603131469061659153e-14
2.552879037180134925e-14
2.487149619286380120e-14
2.408707253293874972e-14
2.318225838615455003e-14
2.214278463548175618e-14
2.098043012108488647e-14
1.969716504159925441e-14
1.831751947117734453e-14
1.685315874756874305e-14
1.529493999714078706e-14
1.367540199056225050e-14
1.200076703186366348e-14
1.027199565640721235e-14
8.515308616108101247e-15
6.726626176775879831e-15
4.922099986165266727e-15
3.121424830849345300e-15
1.325909906127215477e-15
-4.443076384713358189e-16
-2.190572044233601162e-15
-3.900597310017893740e-15
-5.544000893401793834e-15
-7.129008754852561580e-15
-8.650808476680371673e-15
-1.008889677936398652e-14
-1.143534374045121135e-14
-1.268752948703618863e-14
-1.385436904088876986e-14
-1.492207948189123307e-14
-1.586964676965514631e-14
-1.670810266128554961e-14
-1.744478246210566519e-14
-1.806607943485079998e-14
-1.856154796921541394e-14
-1.894343107941912074e-14
-1.922366345968873347e-14
-1.939122012918279014e-14
-1.943898262301256563e-14
-1.937523492340220699e-14
-1.921282821422745646e-14
-1.894898083928953092e-14
-1.857719436181709538e-14
-1.811735203321399729e-14
-1.758107345145067113e-14
-1.696726763809105337e-14
-1.628539764522186906e-14
-1.554073371184093444e-14
-1.474714007322890791e-14
-1.391110415472881015e-14
-1.302936233839487035e-14
-1.211858762076084214e-14
-1.118338447292799992e-14
-1.022626773571674169e-14
-9.262462826353963508e-15
-8.291047325960105435e-15
-7.320744826858939514e-15
-6.362244461328341386e-15
-5.415565287609624273e-15
-4.490338493829543198e-15
-3.584554494320737333e-15
-2.702446336237110044e-15
-1.858426496934430065e-15
-1.046341493809131717e-15
-2.683759571810818501e-16
4.658622446987936098e-16
1.155061984237483810e-15
1.796999032324837764e-15
2.397321986988298383e-15
2.952782900391619052e-15
3.454382047470222830e-15
3.909940930459055927e-15
4.322153325888623832e-15
4.685190800048869703e-15
4.997608314731777704e-15
5.261916899109483209e-15
5.484052983592817981e-15
5.661875268891123150e-15
5.791825369592983400e-15
5.880801522020837752e-15
5.934192973301591692e-15
5.951326755758651679e-15
5.932456979276194003e-15
5.883040653616904495e-15
5.807922807239077750e-15
5.706393203016441040e-15
5.578730938305114656e-15
5.428336003355377359e-15
5.259530383780594218e-15
5.073743871195730490e-15
4.871373724053048443e-15
4.657514845530282693e-15
4.434746874468296213e-15
4.203586077448440497e-15
3.966767523857399683e-15
3.724536006216930262e-15
3.479117950628890163e-15
3.232477202981488482e-15
2.984154883175550201e-15
2.737376069157746068e-15
2.492502020480080044e-15
2.250446473934402704e-15
2.015094557891532710e-15
1.785687754347203837e-15
1.563941516777842856e-15
1.351975015738361621e-15
1.148891984491446673e-15
9.560380407529298769e-16
7.716363211577085233e-16
5.955086840890631925e-16
4.305414737241017179e-16
2.743877470544396451e-16
1.273722750408999940e-16
-7.649361813570861507e-18
-1.301122545717002445e-16
-2.389834109855451961e-16
-3.358926622391465115e-16
-4.207351350657222676e-16
-4.919447184853584665e-16
-5.529809597524376879e-16
-6.054564507798545093e-16
-6.491630861603803898e-16
-6.852143965822995141e-16
-7.141046257703347663e-16
-7.375596033545167834e-16
-7.550725918741506802e-16
-7.647540725821489263e-16
-7.681774621175955879e-16
-7.657611947564342894e-16
-7.566204387061395073e-16
-7.411722518141155777e-16
-7.200243802200174612e-16
-6.946061390827775860e-16
-6.656320006934049547e-16
-6.335361223769265995e-16
-5.999710124738764569e-16
-5.660566073592023222e-16
-5.325624364654847273e-16
-5.002848695818203247e-16
-4.697199503779449139e-16
-4.412696489268898639e-16
-4.146146073377607018e-16
-3.892559232046246447e-16
-3.647947498884433239e-16
-3.407692426747263321e-16
-3.167892105423650555e-16
-2.926235987852162821e-16
-2.684077209166038864e-16
-2.442597909722290465e-16
-2.207672263010126198e-16
-1.990264581136160947e-16
-1.791507770667347338e-16
-1.614350035655722371e-16
-1.467102886896218868e-16
-1.354276245437373944e-16
-1.277782288157614183e-16
-1.234863790464728827e-16
-1.235356128365320389e-16
-1.296419924672964977e-16
-1.413818294115716978e-16
-1.583593078200836650e-16
-1.814321544310457850e-16
-2.107298726411593599e-16
-2.447594610017702786e-16
-2.814943534819032249e-16
-3.211841203985327979e-16
-3.650622005415388692e-16
-4.123046161417002163e-16
-4.629395575142926465e-16
-5.192145736452962422e-16
-5.825525740069798213e-16
-6.525135249832447748e-16
-7.276971222936021340e-16
-8.070519862922724986e-16
-8.894312873082327493e-16
-9.722085349907249111e-16
-1.053786807536378611e-15
-1.134275689832744873e-15
-1.213917962698330463e-15
-1.293630962815011786e-15
-1.374119633353141235e-15
-1.456425083684012751e-15
-1.541706266637707032e-15
-1.629554488817173876e-15
-1.720017501704814746e-15
-1.812288400539251512e-15
-1.904066537956623090e-15
-1.995023900448105250e-15
-2.084134731114573036e-15
-2.168541987824937692e-15
-2.245978798654109897e-15
-2.314890434627404382e-15
-2.375200027504857821e-15
-2.423803201534783201e-15
-2.455976053970343291e-15
-2.473294066093431089e-15
-2.476748689968807753e-15
-2.463045390948127682e-15
-2.430594923464104995e-15
-2.381295700109773393e-15
-2.319462294960209468e-15
-2.242208655005881006e-15
-2.143162551384593904e-15
-2.026499433009838237e-15
-1.894195639505795101e-15
-1.738583405117444941e-15
-1.554173532830106265e-15
-1.342241654262344049e-15
-1.107485414139630642e-15
-8.444627316549755715e-16
-5.448163032947350801e-16
-2.153056372664556963e-16
1.400483083850178104e-16
5.282136634351627426e-16
9.526211098437060293e-16
1.409260065719406766e-15
1.890599772886463782e-15
2.398992335960283863e-15
2.938902571484962832e-15
3.501050174732145762e-15
4.079674051111082528e-15
4.676958910350978785e-15
5.291369928751409740e-15
5.918559709710592698e-15
6.552603681278957454e-15
7.191508774931614639e-15
7.833774048286029634e-15
8.474195330914272017e-15
9.110450905507917752e-15
9.738913776986823922e-15
1.035371231296062372e-14
1.095354462378938729e-14
1.153852336485509944e-14
1.210023241679384146e-14
1.262581466649924031e-14
1.311669228228973597e-14
1.357361319425775398e-14
1.398046260058178128e-14
1.432292395038732569e-14
1.460155205025483877e-14
1.482386431759120243e-14
1.497451251539216877e-14
1.502997792684427486e-14
1.500430774634478603e-14
1.490599602028876841e-14
1.471303175050887174e-14
1.441254681247040870e-14
1.401127257700520920e-14
1.352880769244684325e-14
1.295091268791901881e-14
1.224938983660764022e-14
1.145191678709718899e-14
1.057225358961581124e-14
9.588308777866167559e-15
8.496310514134134545e-15
7.304474170975131658e-15
6.039535919852767262e-15
4.696937029444918713e-15
3.253611522048430529e-15
1.745268824411886320e-15
1.846655703582910681e-16
-1.441267217334660233e-15
-3.119410162984300947e-15
-4.847290883296714176e-15
-6.600763433560995208e-15
-8.369176797981894844e-15
-1.016238705193366412e-14
-1.194862368363068875e-14
-1.372403438722885616e-14
-1.548415699316203070e-14
-1.719533972946874628e-14
-1.886512118937956617e-14
-2.048104998856985215e-14
-2.201570936460287703e-14
-2.346101184689825675e-14
-2.480346081247444129e-14
-2.605616155509134918e-14
-2.719990167343935838e-14
-2.819253111399720041e-14
-2.905609645031601018e-14
-2.979878849099573679e-14
-3.038611436035829061e-14
-3.079428598511298187e-14
-3.103550063970027251e-14
-3.113717847468867872e-14
-3.107126575886513808e-14
-3.080294604996570984e-14
-3.036172658774094479e-14
-2.977714510512749491e-14
-2.902184921419262431e-14
-2.806421917501532998e-14
-2.694210211374482855e-14
-2.568710252370907249e-14
-2.427238301300725654e-14
-2.268878715547956171e-14
-2.096087043626689017e-14
-1.913093198668922718e-14
-1.719444187454465672e-14
-1.512346834136452101e-14
-1.297157520963434021e-14
-1.076026102258837575e-14
-8.472069278216663724e-15
-6.129428138413077140e-15
-3.733844474790781395e-15
-1.322195031378794929e-15
1.086754706272055268e-15
3.513876159377707191e-15
5.907601644471963814e-15
8.268103744517828202e-15
1.059827274768956884e-14
1.284515469522368863e-14
1.503436386344515763e-14
1.714464819570736542e-14
1.913754392587549424e-14
2.102487902202500314e-14
2.277383095744978797e-14
2.441134723833379705e-14
2.593054318088174742e-14
2.726652589693859263e-14
2.846743565702858358e-14
2.953254570688297609e-14
3.041624162822623156e-14
3.112097642847359846e-14
3.163833398826115806e-14
3.201145200152667736e-14
3.222885825403254412e-14
3.223592250881264498e-14
3.208946034783700940e-14
3.180918730998592847e-14
3.136032083431335160e-14
3.073963880748792343e-14
2.996089365644126479e-14
2.906633538458242016e-14
2.804315007748532651e-14
2.686124604266582755e-14
2.556398120262797641e-14
2.417922971760001760e-14
2.269308500065393003e-14
2.109918244622404487e-14
1.942645161759088551e-14
1.770270399454459964e-14
1.591947941200801131e-14
1.407981787122881620e-14
1.219936152964395948e-14
1.030352730490170093e-14
8.400184980114980271e-15
6.478406983231269761e-15
4.571806122696461805e-15
2.684525236655577185e-15
8.123638357836226228e-16
-1.011859947196711625e-15
-2.804134123862646495e-15
-4.547148570085415495e-15
-6.214541397084978255e-15
-7.820296060029319207e-15
-9.333938007542123133e-15
-1.077402615501420538e-14
-1.214193777801780144e-14
-1.338726001663117712e-14
-1.455094860791997236e-14
-1.562584019424925752e-14
-1.657823218168073126e-14
-1.742576149024212262e-14
-1.814574965980364496e-14
-1.877125130409895010e-14
-1.930464827977571712e-14
-1.969417162716365771e-14
-1.999160555252611077e-14
-2.019831886110583924e-14
-2.028421647228689784e-14
-2.026879539044918604e-14
-2.013919426732159457e-14
-1.993113756448752077e-14
-1.964715621639336052e-14
-1.924527465830497969e-14
-1.877162399859574199e-14
-1.823031573519161980e-14
-1.760074833274949402e-14
-1.690013688888936105e-14
-1.612512037687651584e-14
-1.530517046107772450e-14
-1.444633156860459372e-14
-1.352866539091170453e-14
-1.258375863363511704e-14
-1.161829099859687867e-14
-1.062532105079424041e-14
-9.615252895918326853e-15
-8.591018962032532374e-15
-7.567304259343404782e-15
-6.548249508413596723e-15
-5.533086873876422174e-15
-4.531887153958261139e-15
-3.549878871284277600e-15
-2.591333613007474994e-15
-1.658061488536135761e-15
-7.574429606374826363e-16
1.110541720771560971e-16
9.466108816873447344e-16
1.735271929810154254e-15
2.486380089853799588e-15
3.196450774152394952e-15
3.853281626067794896e-15
4.462027688116989091e-15
5.012273419664065033e-15
5.514834160896039256e-15
5.971185443207028751e-15
6.359611459411801393e-15
6.701986835373199489e-15
6.997494607813596265e-15
7.233485186698696001e-15
7.422168551963169436e-15
7.554550484256596782e-15
7.647741049113514905e-15
7.706947805093643245e-15
7.711123677523606945e-15
7.685150259229001080e-15
7.628930141420891403e-15
7.531296888755624475e-15
7.404922114124124627e-15
7.241921634853348833e-15
7.057618700475601012e-15
6.856501738578381702e-15
6.621375980332428607e-15
6.372601133174419716e-15
6.110104352270891159e-15
5.826580825484721851e-15
5.533050874976163866e-15
5.224452208335951878e-15
4.911739079154452126e-15
4.598845955471660835e-15
4.275604630272263756e-15
3.954061182615637923e-15
3.633167832746029766e-15
3.309331255142949728e-15
2.989704219529486749e-15
2.671713439811882265e-15
2.361249818380053121e-15
2.062081381299860072e-15
1.771942209558279458e-15
1.496050449626871396e-15
1.233809366794295231e-15
9.843328587186045593e-16
7.491793072040696822e-16
5.261106923853671284e-16
3.139512001828099206e-16
1.118160782132113402e-16
-8.048446846061767961e-17
-2.647417887906668762e-16
-4.416975064443716924e-16
-6.090917573707923562e-16
-7.659467479114421846e-16
-9.103279077543515591e-16
-1.043394454427397193e-15
-1.164404651766580336e-15
-1.269441290028205070e-15
-1.363072417896813836e-15
-1.446621630231609886e-15
-1.519106262934659824e-15
-1.583746311754950873e-15
-1.640040333187708487e-15
-1.691773188078620101e-15
-1.739094271863757691e-15
-1.776397708739955485e-15
-1.807464124388164645e-15
-1.831292219985612181e-15
-1.844313657483752540e-15
-1.848343416730314874e-15
-1.841951706110333924e-15
-1.828828412900286235e-15
-1.809798547190797496e-15
-1.780811385669860830e-15
-1.746481775592354478e-15
-1.706774670970085794e-15
-1.659151937576607266e-15
-1.605334746360739633e-15
-1.544198766964121217e-15
-1.478801258930748010e-15
-1.409705816807899342e-15
-1.333742208032239179e-15
-1.254590684880469049e-15
-1.172459935094968732e-15
-1.085232164549365663e-15
-9.937627706412682782e-16
-8.974203961876169033e-16
-7.983072181448191019e-16
-6.964753819786902167e-16
-5.898443100729776692e-16
-4.808710861889885745e-16
-3.697402576301059632e-16
-2.553150003019961575e-16
-1.382145879333306570e-16
-1.823081089212373894e-17
1.033863004430181365e-16
2.260835491851154308e-16
3.499177279006648097e-16
4.732103613953430720e-16
5.953283719504164333e-16
7.152310207715053755e-16
8.310793463905616092e-16
9.426351207911698622e-16
1.049516702691032869e-15
1.150646507362565549e-15
1.245261781636765406e-15
1.333741043361936704e-15
1.416838469498490991e-15
1.493666263638587354e-15
1.563058273172093435e-15
1.625645643523832094e-15
1.682288642530858479e-15
1.731532067589789704e-15
1.771442883635873048e-15
1.803104869325120388e-15
1.827689577102702828e-15
1.843104729709783840e-15
1.847250532470120013e-15
1.841467203264504464e-15
1.827355846121484634e-15
1.802972308668875090e-15
1.766407166885327826e-15
1.719593455835595561e-15
1.664368813498746501e-15
1.599397468916960614e-15
1.523525233820485509e-15
1.438591863770757526e-15
1.346385021802956865e-15
1.245958995631474102e-15
1.136535467856900940e-15
1.019887384316959036e-15
8.979096635937746686e-16
7.702844036343314566e-16
6.367069372754138694e-16
4.992001380137427863e-16
3.592683628334214464e-16
2.168946446057251620e-16
7.258134666026963794e-17
-7.270338557912326143e-17
-2.179329349454915232e-16
-3.626909053359208537e-16
-5.067113085526387013e-16
-6.492886058552516364e-16
-7.905186443156974035e-16
-9.295201920314763097e-16
-1.064444705474324251e-15
-1.195662602739987375e-15
-1.323156731411283780e-15
-1.444369051987505481e-15
-1.556920778315407181e-15
-1.660386699855467222e-15
-1.755091230226484000e-15
-1.838588138276787097e-15
-1.908216152365221907e-15
-1.965431745644592200e-15
-2.011675297641703913e-15
-2.045868958931175950e-15
-2.067642999631531808e-15
-2.079247774525389350e-15
-2.083577171677042893e-15
-2.080051185275860054e-15
-2.067245952937506355e-15
-2.047628458120859946e-15
-2.022985940344627399e-15
-1.991171171087519065e-15
-1.950334865667441991e-15
-1.901453229556106760e-15
-1.845786647779027768e-15
-1.781544916202183054e-15
-1.706900984758345091e-15
-1.623390100664412299e-15
-1.532173016695478288e-15
-1.432798687807130145e-15
-1.325751510966078923e-15
-1.212630790255859146e-15
-1.095447381893252525e-15
-9.750536127814336991e-16
-8.518609821140906476e-16
-7.275470386432605126e-16
-6.029493391351001871e-16
-4.782920296832768401e-16
-3.544144405291806783e-16
-2.315251270662934714e-16
-1.102027848511573176e-16
8.471025131438160487e-18
1.236869935060741434e-16
2.348499166727238121e-16
3.422166102233471178e-16
4.445624365697817531e-16
5.399593104960605152e-16
6.293274803598159980e-16
7.131385846939912367e-16
7.899377914721177670e-16
8.589899819750972630e-16
9.209014200349269902e-16
9.770904093822250711e-16
1.026749621739139751e-15
1.068370173789255900e-15
1.103682871481169274e-15
1.133692825285915508e-15
1.157323138690179165e-15
1.174314619612100430e-15
1.185589475173002422e-15
1.192691846435729730e-15
1.195262062035054498e-15
1.192322434191608448e-15
1.185458502703533226e-15
1.175434291289252208e-15
1.161401390572971808e-15
1.143094255725727801e-15
1.120917662617189337e-15
1.095905732596835509e-15
1.067588997653650621e-15
1.035065261819690437e-15
9.995080892433757906e-16
9.614285584292562442e-16
9.202641336212365360e-16
8.759871274298532910e-16
8.287766873234507937e-16
7.789932258210857489e-16
7.269027112681960071e-16
6.730416860973079639e-16
6.183917026756117433e-16
5.638465395811382425e-16
5.109769135354521544e-16
4.613085955743544912e-16
4.152794487920165225e-16
3.729252073909005392e-16
3.339217224500041614e-16
2.972855622477855444e-16
2.616431040415942303e-16
2.256824261450313162e-16
1.884888123844009628e-16
1.495953226126394363e-16
1.089462908832443682e-16
6.671111716822171792e-17
2.367305051779182201e-17
-1.909979886719642174e-17
-6.120180312104293494e-17
-1.022611958436031099e-16
-1.416300894744560129e-16
-1.790516345072365781e-16
-2.146621172196690424e-16
-2.488411010163519383e-16
-2.817568542862132529e-16
-3.135584415930799422e-16
-3.448119456435138957e-16
-3.759709790505493931e-16
-4.070250597814641623e-16
-4.378445653255486937e-16
-4.684954054340112126e-16
-4.988533309614013537e-16
-5.286154746895165013e-16
-5.576732046428712914e-16
-5.857804577502883497e-16
-6.129410456600303207e-16
-6.390946702141645386e-16
-6.639231646618786072e-16
-6.877075321834241403e-16
-7.104701132727849703e-16
-7.321008995259364448e-16
-7.528513009095354810e-16
-7.725584223999132361e-16
-7.915182490725758847e-16
-8.096887469175159321e-16
-8.263174330402163394e-16
-8.418015129533801700e-16
-8.560518364393089087e-16
-8.683106795871243806e-16
-8.783374321002471608e-16
-8.858879367316311974e-16
-8.914398141844095090e-16
-8.944595925204894965e-16
-8.937214033069573738e-16
-8.899129314178652259e-16
-8.831634552567877404e-16
-8.726293829478188376e-16
-8.580301877667397339e-16
-8.395480876763285107e-16
-8.180919490289890322e-16
-7.933742041391284635e-16
-7.646093887668460511e-16
-7.328780522550422654e-16
-6.988202868140453404e-16
-6.618897032533170490e-16
-6.218039749036256923e-16
-5.791058381259244631e-16
-5.345863687533896746e-16
-4.879153298157105564e-16
-4.388421054396182425e-16
-3.881848500428215819e-16
-3.367604739633881438e-16
-2.848838352296801128e-16
-2.327669567763070808e-16
-1.811602039154179512e-16
-1.302974636195733176e-16
-8.050518768060090785e-17
-3.280730989155561264e-17
1.301615181402614527e-17
5.658325009702045555e-17
9.652111164041183309e-17
1.321630669207907150e-16
1.627099734396471710e-16
1.885044427892557648e-16
2.091301185713716052e-16
2.231510152426026362e-16
2.322612781067962635e-16
2.372818806131889169e-16
2.372542196935051436e-16
2.322326907448264309e-16
2.223980294222731649e-16
2.092823065691915615e-16
1.918785191253044651e-16
1.675717440335398422e-16
1.383542424905092097e-16
1.048176868622043977e-16
6.564845477888709433e-17
2.161449575816785522e-17
-2.652393015331705700e-17
-7.633838115015078836e-17
-1.266946222133169520e-16
-1.779789599237676127e-16
-2.274420047440541166e-16
-2.741209052062749387e-16
-3.180821798665691433e-16
-3.581101246873899958e-16
-3.944600671627754643e-16
-4.263375168579806168e-16
-4.532767644706931984e-16
-4.758481278722113701e-16
-4.933208823268506876e-16
-5.060760338421979761e-16
-5.134405088625412870e-16
-5.134807958670950696e-16
-5.062862038922354493e-16
-4.914862089630978731e-16
-4.666882606410441628e-16
-4.295668829089468402e-16
-3.804877028324441446e-16
-3.201888566855089950e-16
-2.466063634036990771e-16
-1.584674765744259993e-16
-5.698304964812448531e-17
5.559994410693171922e-17
1.799560539366673573e-16
3.179162672880257072e-16
4.661075136765829331e-16
6.228143263910224624e-16
7.888125611412496324e-16
9.622211695096494558e-16
1.142019265036543687e-15
1.324684143573420098e-15
1.508190443464275249e-15
1.693655718803892783e-15
1.876656975299947558e-15
2.056695522304743604e-15
2.234320025409864893e-15
2.405935253270690549e-15
2.573373973426842064e-15
2.734325056481736078e-15
2.885397194272803188e-15
3.027341069749547517e-15
3.155941846966431666e-15
3.272195213152953065e-15
3.374402867249866843e-15
3.455536341619093628e-15
3.519302887712528680e-15
3.564392992593716850e-15
3.586046119340852156e-15
3.585463784189614825e-15
3.560761338832364037e-15
3.515850381419520151e-15
3.450675643051274825e-15
3.359981284289915125e-15
3.249811944005284552e-15
3.120952398223014214e-15
2.970207850424297705e-15
2.799360457930158072e-15
2.608068442946378206e-15
2.400687037129502904e-15
2.176915755541493705e-15
1.932316780813448515e-15
1.672130599910911283e-15
1.397855402359338053e-15
1.106817634539839033e-15
7.995275808635757351e-16
4.773725224794730937e-16
1.443264732782522687e-16
-1.998020094210560126e-16
-5.564760823906049481e-16
-9.215815874915721934e-16
-1.292358189932643793e-15
-1.668586296422244070e-15
-2.049511835879079882e-15
-2.432096924637823683e-15
-2.814099890003566966e-15
-3.194713509577576382e-15
-3.571287840784366854e-15
-3.943067541993224359e-15
-4.307735978093408385e-15
-4.662084164764246016e-15
-5.005675880037901287e-15
-5.335249623550971515e-15
-5.651446599244528204e-15
-5.953366411095640034e-15
-6.235865875048578894e-15
-6.502606714534325122e-15
-6.753072239455053596e-15
-6.983171704191999674e-15
-7.193808469383410065e-15
-7.382717992444800398e-15
-7.553501857467895958e-15
-7.704798035473511830e-15
-7.828796882687963365e-15
-7.931617365122215629e-15
-8.013652506063794617e-15
-8.068296295557064041e-15
-8.095020185042937216e-15
-8.092780629930396846e-15
-8.067565306123583579e-15
-8.016634062038129754e-15
-7.930409496139430997e-15
-7.817669410859883622e-15
-7.681447878216552533e-15
-7.513218664562375942e-15
-7.309244660534067878e-15
-7.070707900609521715e-15
-6.804999170770004852e-15
-6.505279526999386067e-15
-6.159060739039821583e-15
-5.775793577000301257e-15
-5.361096410419962863e-15
-4.904250884384250483e-15
-4.397757369178174544e-15
-3.847346466206384014e-15
-3.262601294475877232e-15
-2.634254466510744901e-15
-1.950489449180315901e-15
-1.221406792743242545e-15
-4.557207721608770752e-16
3.567120438683875697e-16
1.225246393093146289e-15
2.140009471238439771e-15
3.091374642979604487e-15
4.087086436432504910e-15
5.131619091382775069e-15
6.216016081446147992e-15
7.329390492151564157e-15
8.472999320392748945e-15
9.650174370267727147e-15
1.084838294228892414e-14
1.206153910473031776e-14
1.328922188221712264e-14
1.452191740068577847e-14
1.575797225182324485e-14
1.699066268809421715e-14
1.820821833966364961e-14
1.940434575173344278e-14
2.057070164977314181e-14
2.171142802489482021e-14
2.281370588047473141e-14
2.384998123473869303e-14
2.483135021929573638e-14
2.576060126660822264e-14
2.660951632107132203e-14
2.735897615499961050e-14
2.800983457760392037e-14
2.857946423463243735e-14
2.904181547482530268e-14
2.935413685126869732e-14
2.954270332598644966e-14
2.962284619532386254e-14
2.955591026370003871e-14
2.931629141918537518e-14
2.891869754187599562e-14
2.839473651323164149e-14
2.771525007107603078e-14
2.683752403794502361e-14
2.580105556016908802e-14
2.463325801205316218e-14
2.329995869637321859e-14
2.178063569888318007e-14
2.010125227348228544e-14
1.829864588304662421e-14
1.635176437070513800e-14
1.423341289665328024e-14
1.198215263581480297e-14
9.626486246864813384e-15
7.151453433888906031e-15
4.552871124677065548e-15
1.858569857260752856e-15
-9.035582086816583772e-16
-3.732370637462558913e-15
-6.620669978370892148e-15
-9.545919861053773353e-15
-1.248963802660211370e-14
-1.543535942507071046e-14
-1.836607478784575004e-14
-2.126589377683674176e-14
-2.413287838066036778e-14
-2.694367251282903802e-14
-2.965670718442330045e-14
-3.228216373146915175e-14
-3.482262899258750655e-14
-3.723242417499883494e-14
-3.947889107638880013e-14
-4.156417438417985000e-14
-4.351634138211220304e-14
-4.529683513042684351e-14
-4.684040698713087814e-14
-4.819225801842158541e-14
-4.937751799777810591e-14
-5.033667439032635249e-14
-5.103559176829197686e-14
-5.149528332503046368e-14
-5.176842434546566341e-14
-5.181566845513171926e-14
-5.156776562839290867e-14
-5.109258014498324618e-14
-5.042841144664578223e-14
-4.952129675837683986e-14
-4.835156797514117422e-14
-4.695010791819567708e-14
-4.537795378171949334e-14
-4.361263208755607190e-14
-4.160613300825503902e-14
-3.942703571935789186e-14
-3.711184734089129078e-14
-3.463088783838344509e-14
-3.198628834672964660e-14
-2.920447968201601852e-14
-2.633105932185915432e-14
-2.336564948956457860e-14
-2.029443507776257372e-14
-1.716079603181382141e-14
-1.398433608224957519e-14
-1.076797579867196791e-14
-7.534036193307044882e-15
-4.295126622124107243e-15
-1.066433962350950976e-15
2.130202100258655855e-15
5.269973876503766114e-15
8.348290659568498306e-15
1.136744473236635938e-14
1.429438741039432831e-14
1.709749387153371852e-14
1.978105179656353130e-14
2.236518499424463430e-14
2.481672704249433814e-14
2.708291625902817246e-14
2.919985149399222102e-14
3.118957254467404072e-14
3.300131164434699782e-14
3.460665930796018308e-14
3.602164817513922590e-14
3.729193670987292208e-14
3.838500901138207355e-14
3.923757477784783898e-14
3.991193497660666667e-14
4.043871154276769408e-14
4.076708249949566321e-14
4.088392222423992139e-14
4.080790271128974245e-14
4.059328827937802586e-14
4.022090210257893428e-14
3.963771991839434850e-14
3.891065055339378020e-14
3.806635860475679478e-14
3.706968204077697171e-14
3.592624854835586856e-14
3.464874329291156574e-14
3.328164905670207008e-14
3.182310575537521113e-14
3.024333171050552771e-14
2.859246110817510733e-14
2.688472918409550577e-14
2.510816566865612526e-14
2.328246746601241729e-14
2.141026884863034274e-14
1.951347239446000331e-14
1.760488015946620050e-14
1.568224750633871040e-14
1.376570756120082048e-14
1.185383053243756549e-14
9.957228895845094546e-15
8.101704969062668155e-15
6.280725586968113894e-15
4.492873663440675319e-15
2.760213136206906073e-15
1.103706694282810801e-15
-4.849338797204938260e-16
-2.018105124744311307e-15
-3.472427872653238885e-15
-4.828271605499066116e-15
-6.098025662443044836e-15
-7.302112643118186669e-15
-8.421256618743825501e-15
-9.425199031345195960e-15
-1.034137188995207582e-14
-1.118533434277257932e-14
-1.193031167834399803e-14
-1.256645205645681718e-14
-1.310431543686445613e-14
-1.357072396487466956e-14
-1.395453576909927440e-14
-1.422838660314427323e-14
-1.442650760950705408e-14
-1.456325599664357734e-14
-1.461963112148103455e-14
-1.459823337516749642e-14
-1.450484291053502628e-14
-1.436253121100093677e-14
-1.416890794958807626e-14
-1.390505041025478367e-14
-1.359792049874511063e-14
-1.325392093710735242e-14
-1.286379873742570304e-14
-1.243787753726129791e-14
-1.197603705793562692e-14
-1.149263366087170321e-14
-1.099332891428897452e-14
-1.047061980034066225e-14
-9.939871496689959424e-15
-9.400924761142782221e-15
-8.852361660545426947e-15
-8.305377429361753688e-15
-7.754897493204761932e-15
-7.204890201432338076e-15
-6.662941581120091633e-15
-6.129669542803044616e-15
-5.609473575609235860e-15
-5.099028228187744982e-15
-4.603587645910390408e-15
-4.133407280186053578e-15
-3.682939488726692454e-15
-3.249559528187002770e-15
-2.839405634577499629e-15
-2.456080874297566011e-15
-2.094864309215680072e-15
-1.749665560682846580e-15
-1.425603566436678491e-15
-1.127798111247736018e-15
-8.515163455836765542e-16
-5.915349878356972527e-16
-3.524376509187463532e-16
-1.400292766134841904e-16
5.232769039556584641e-17
2.287127129836131773e-16
3.843995127411013171e-16
5.182078749874845063e-16
6.326637843203730769e-16
7.331381972489677424e-16
8.181595528460917661e-16
8.832643051170702055e-16
9.353348614561402680e-16
9.771099970191303268e-16
1.006205790515552357e-15
1.024616263382361388e-15
1.033136885436147616e-15
1.035761840539688693e-15
1.032830788904833593e-15
1.021149463408367944e-15
1.004967110709311350e-15
9.843342351471438476e-16
9.580834135623121986e-16
9.292131425880966258e-16
8.968568016403375733e-16
8.633377491537943833e-16
8.307690146945113149e-16
7.982133563063514847e-16
7.683394042291987695e-16
7.404137338098493518e-16
7.140610035735511698e-16
6.913803199822779900e-16
6.700581184197230977e-16
6.500220305084554537e-16
6.322086629299015006e-16
6.157515009790200892e-16
6.013521526339337970e-16
5.878447829218654865e-16
5.760047446269080627e-16
5.684123118646349383e-16
5.638387574659353436e-16
5.624806989536906832e-16
5.660881593364875449e-16
5.750002694305828693e-16
5.891525488528669228e-16
6.071767746957279933e-16
6.292464828342348056e-16
6.561671486616669959e-16
6.859812260973606728e-16
7.176138303312501292e-16
7.513625875651768447e-16
7.869053076418289650e-16
8.238578081800674614e-16
8.615367453496949272e-16
9.001769590353376170e-16
9.403072624938782313e-16
9.813293857667592171e-16
1.023139037922349889e-15
1.065438275121453546e-15
1.107172223707383364e-15
1.148100749839592750e-15
1.187688740453653798e-15
1.224965072275539454e-15
1.259402573174702323e-15
1.290759944640293335e-15
1.319494902101185033e-15
1.345193458204406878e-15
1.366849867204212796e-15
1.385467439626625503e-15
1.401598123315899586e-15
1.414106576485359059e-15
1.422216811076200578e-15
1.425988648790323977e-15
1.426147361588815752e-15
1.421424623512280994e-15
1.409847271310090810e-15
1.392571399076128914e-15
1.370188129928460400e-15
1.341539993344662268e-15
1.306505016580329897e-15
1.266027429613415019e-15
1.222011150751108489e-15
1.174325525161296329e-15
1.121822399683975336e-15
1.066382505099405277e-15
1.008741171884921291e-15
9.474145041960522519e-16
8.817513454545964149e-16
8.118678979930052299e-16
7.386735046197153917e-16
6.615890594966009758e-16
5.796248575643545356e-16
4.941832677462739722e-16
4.058107321724567160e-16
3.143541496376865522e-16
2.205257292668165382e-16
1.247384393263025479e-16
2.792293079716064207e-17
-6.920410718555853485e-17
-1.661798306731846115e-16
-2.620963196079344843e-16
-3.567033882504578148e-16
-4.495779304087112790e-16
-5.401516399146464448e-16
-6.287923672953880938e-16
-7.160157967971364848e-16
-8.014718920544387781e-16
-8.843169023727112839e-16
-9.650034609831430188e-16
-1.043823264856944683e-15
-1.118933382059127731e-15
-1.188547737741288066e-15
-1.252681366738239450e-15
-1.312014118869271866e-15
-1.365016782027236083e-15
-1.409812225321898163e-15
-1.448053327670706467e-15
-1.480994438989426207e-15
-1.507485076777449230e-15
-1.527167793131034221e-15
-1.541155801101110143e-15
-1.551249680975302827e-15
-1.556690279474635605e-15
-1.555699568563703294e-15
-1.549924180291968254e-15
-1.540031576621866873e-15
-1.524001901611552866e-15
-1.500664132211447163e-15
-1.470365657809042433e-15
-1.434292536288731511e-15
-1.391590429044090027e-15
-1.341117535662219185e-15
-1.284833043350118182e-15
-1.224061076362582302e-15
-1.158686649977021775e-15
-1.089369391101110886e-15
-1.017212348390411549e-15
-9.434927416502648413e-16
-8.683811950799833011e-16
-7.915456717642432426e-16
-7.134256759235512411e-16
-6.339783265149525476e-16
-5.528543283268231700e-16
-4.700466933373482602e-16
-3.859190104391367268e-16
-3.009862756641191843e-16
-2.160168537745736899e-16
-1.321248180892662630e-16
-4.963819204318848201e-17
3.125360662082991012e-17
1.101024246817974839e-16
1.870164176591667727e-16
2.624571027039056129e-16
3.374407737689313555e-16
4.115020788939563684e-16
4.830909477855052821e-16
5.527713190979922486e-16
6.202343169732450669e-16
6.834678675846203501e-16
7.414574372195442600e-16
7.938814709954153826e-16
8.415592085909062367e-16
8.840878329000381990e-16
9.203669422452095267e-16
9.522027814468808117e-16
9.804510126004565077e-16
1.004515748027543214e-15
1.024706048874770344e-15
1.041363904694591822e-15
1.055799675456410049e-15
1.067517846886081260e-15
1.074856116824618891e-15
1.079159891229617991e-15
1.080679256578755392e-15
1.078056842574056078e-15
1.071066279660366338e-15
1.059727049595473019e-15
1.045089155596616234e-15
1.026845336462179487e-15
1.003859191614302725e-15
9.776679799731340971e-16
9.488802947112758186e-16
9.168922013373355731e-16
8.818943352040047815e-16
8.440968663613209171e-16
8.043830384150334016e-16
7.622766070905485046e-16
7.165204166754632342e-16
6.678109400106574389e-16
6.161265248164169307e-16
5.607052120171272629e-16
5.016045469136425246e-16
4.391557987976779523e-16
3.743698750220019519e-16
3.076226993965178224e-16
2.389678202853597966e-16
1.696402911349634496e-16
1.003004403021625127e-16
3.081265979733504256e-17
-3.887287973961915525e-17
-1.088622096283395780e-16
-1.793277010735924758e-16
-2.507131497089023489e-16
-3.232521778090337739e-16
-3.970583407284780306e-16
-4.721182182889770585e-16
-5.475654546041673187e-16
-6.222715900300692694e-16
-6.954898591445598383e-16
-7.667318945139877176e-16
-8.348965003673631136e-16
-8.988012716498782265e-16
-9.589227173339228034e-16
-1.015841213807043650e-15
-1.069190313440434876e-15
-1.118931158597641189e-15
-1.165887488819867396e-15
-1.211316724517312506e-15
-1.254491052630048262e-15
-1.293788510943201086e-15
-1.330053061909591480e-15
-1.363612295521570046e-15
-1.392414909739123682e-15
-1.414864353335796437e-15
-1.431180537240519211e-15
-1.442226482147425728e-15
-1.446649052923277244e-15
-1.442761065816261599e-15
-1.432072145296622769e-15
-1.415798948313973151e-15
-1.392728311929607773e-15
-1.362004097592089350e-15
-1.324886796206050689e-15
-1.282899161252418208e-15
-1.235176054454690045e-15
-1.180759269791284774e-15
-1.121014012614939513e-15
-1.057145716688715539e-15
-9.882126931335028820e-16
-9.131378336777492936e-16
-8.329888762910280225e-16
-7.485283623841047524e-16
-6.587047005529632696e-16
-5.631336025373461385e-16
-4.625774509293414331e-16
-3.583678609313717183e-16
-2.508113790610042460e-16
-1.397412854114177282e-16
-2.687225921798558717e-17
8.723467915807911217e-17
2.025663808537592268e-16
3.180442486723999117e-16
4.343275521796508302e-16
5.511941966897639447e-16
6.680849551690942051e-16
7.856290936881127514e-16
9.032193955027566570e-16
1.021668376967679610e-15
1.140446430732610858e-15
1.257001658285710009e-15
1.372165210706470344e-15
1.485201228121964690e-15
1.593598681360057674e-15
1.696557865439422830e-15
1.793350861421013492e-15
1.885326145756858508e-15
1.971661037696937138e-15
2.049933234770338897e-15
2.122614379117151832e-15
2.190593855331992960e-15
2.251821420166033247e-15
2.305534532208507008e-15
2.352054216946423623e-15
2.393102492361551085e-15
2.427279636508551663e-15
2.452174358344829178e-15
2.469969885291931587e-15
2.481918132045900748e-15
2.486152873265698622e-15
2.481269516566540767e-15
2.468387415988223740e-15
2.448996078968494229e-15
2.420940865447774107e-15
2.382092758113139690e-15
2.333669578584505848e-15
2.277062790235974583e-15
2.210844083760238332e-15
2.133287206010792830e-15
2.046616253748891057e-15
1.952123163977332633e-15
1.848532516835789397e-15
1.736064964407021093e-15
1.615326558764788173e-15
1.488258805303315901e-15
1.355071027039694495e-15
1.214219612306671400e-15
1.068246824616311992e-15
9.174215969293695108e-16
7.607623768786538326e-16
5.998418928889793795e-16
4.337726132503012550e-16
2.639417397022055878e-16
9.179944558995094348e-17
-8.350438576304057602e-17
-2.597146217789330020e-16
-4.374058022588709661e-16
-6.163640116790033551e-16
-7.936556837754129082e-16
-9.709229507350296967e-16
-1.147442181723102531e-15
-1.320779321686577773e-15
-1.490510007118881017e-15
-1.655348653764317050e-15
-1.816360511433176561e-15
-1.971942252635425566e-15
-2.118649417891054453e-15
-2.258280258147084101e-15
-2.391320970315238478e-15
-2.514922982593901374e-15
-2.627098308655866944e-15
-2.728556550352697480e-15
-2.820816649517056754e-15
-2.901376047306281937e-15
-2.967943096081576519e-15
-3.022091794817175804e-15
-3.065864763465383537e-15
-3.097739036787036486e-15
-3.115262242641596638e-15
-3.121291211401915934e-15
-3.117128467982634675e-15
-3.100333075188002781e-15
-3.070638852914345587e-15
-3.028117587203942897e-15
-2.975313553272109814e-15
-2.912163858922512706e-15
-2.835913105977733335e-15
-2.750741190274234860e-15
-2.657382277619049944e-15
-2.554211970577581654e-15
-2.443460506899950563e-15
-2.323832561451568031e-15
-2.197719096484296135e-15
-2.066370756144755849e-15
-1.927055435661578428e-15
-1.783624382087692362e-15
-1.635718982849053860e-15
-1.482898992571327502e-15
-1.329235992752846301e-15
-1.173006165466829349e-15
-1.016521804780162481e-15
-8.622343299213180469e-16
-7.083264317019619463e-16
-5.573946366823430334e-16
-4.078535109434380714e-16
-2.594041312642050975e-16
-1.154081067145004127e-16
2.663528686174017069e-17
1.658653961612960542e-16
2.999257904141568003e-16
4.292302931915316627e-16
5.525585020699946056e-16
6.711376089714395001e-16
7.844475356662522058e-16
8.904622322841596396e-16
9.908649650495929100e-16
1.086039704585454232e-15
1.174825486358413180e-15
1.256488038682318682e-15
1.331602496928356409e-15
1.400854322509091903e-15
1.462772854469854885e-15
1.516582951784789263e-15
1.562393458187617216e-15
1.601288787609061060e-15
1.633035264834797017e-15
1.655932153585856857e-15
1.672196456722560304e-15
1.682071378579887751e-15
1.684399130998060976e-15
1.680577000702694352e-15
1.669754884252099784e-15
1.653810759569458461e-15
1.633660586908107504e-15
1.607120185934433291e-15
1.577266297950218662e-15
1.543953339167654284e-15
1.505964546758009354e-15
1.465411891496144065e-15
1.420772937538487216e-15
1.373790772811369753e-15
1.325325876910083637e-15
1.272699719897173957e-15
1.218282617596413465e-15
1.161167715358648028e-15
1.099812672066045969e-15
1.035644314718257158e-15
9.671322665378298891e-16
8.958995485308218071e-16
8.222640627502492919e-16
7.437466496386174134e-16
6.626148163957259335e-16
5.789825948320989624e-16
4.911449605644727968e-16
3.990567826186265437e-16
3.026255491148522724e-16
2.035021272673486143e-16
1.007229046020504954e-16
-7.940555858969128945e-18
-1.209047285023601820e-16
-2.374232027664823766e-16
-3.594417928293717644e-16
-4.885997853766512345e-16
-6.239586679027630221e-16
-7.643514672344071167e-16
-9.113475236646089231e-16
-1.065970000054092433e-15
-1.226947658767706551e-15
-1.392536776604409894e-15
-1.563355475857461287e-15
-1.740502146501212745e-15
-1.921928133473611335e-15
-2.106640820039593423e-15
-2.295266587063653566e-15
-2.487103879507228388e-15
-2.681615043207048223e-15
-2.877562139510700910e-15
-3.074088818108512353e-15
-3.270790832526405435e-15
-3.466273543016725953e-15
-3.660270769475799241e-15
-3.851503703911508120e-15
-4.037580325280806445e-15
-4.218563737538264663e-15
-4.394481469254668538e-15
-4.562858490158141003e-15
-4.720804300316176760e-15
-4.869080805864831052e-15
-5.009136856660382359e-15
-5.137185368395656704e-15
-5.248957718532966041e-15
-5.345875228357803086e-15
-5.430547182864184710e-15
-5.497577135145153768e-15
-5.539518395044924076e-15
-5.559719707320465512e-15
-5.561023291026289880e-15
-5.535010485699636690e-15
-5.473971597454597299e-15
-5.380631954798962419e-15
-5.260173705304033859e-15
-5.104095179278220207e-15
-4.901620847083025881e-15
-4.659811998883236356e-15
-4.384550431464585493e-15
-4.066245614281786477e-15
-3.697347095643014475e-15
-3.284231551333436673e-15
-2.835521776756101849e-15
-2.343616921758823538e-15
-1.799497356002764323e-15
-1.212470701028828084e-15
-5.901880466308853049e-16
7.442644249974062062e-17
7.863903645494575538e-16
1.537836384859938947e-15
2.320625694713263250e-15
3.138426264408396803e-15
3.993445250047647499e-15
4.878055966973937618e-15
5.785254511504658165e-15
6.714324717282905627e-15
7.663783853134511354e-15
8.626184381870741907e-15
9.597510943805138278e-15
1.057327087618546366e-14
1.154326505529382901e-14
1.250628391808155521e-14
1.345949922153776013e-14
1.438979381344126368e-14
1.528625452129964146e-14
1.614555081156428956e-14
1.697225157995269768e-14
1.775152358549254850e-14
1.845938901951296729e-14
1.910601227738100566e-14
1.969667884468753044e-14
2.020787169868497324e-14
2.062276198877728561e-14
2.094679952494710173e-14
2.119628122109959434e-14
2.135183712779695209e-14
2.138352463035373546e-14
2.131355970891053025e-14
2.115588621984503676e-14
2.088398864377640635e-14
2.048154634987694317e-14
1.996088705566098631e-14
1.934498229465807240e-14
1.861634761277097816e-14
1.774941277938799078e-14
1.677203501407840969e-14
1.570228322367306362e-14
1.452291181736585501e-14
1.322849639616256734e-14
1.183592594999850409e-14
1.036860738733809059e-14
8.822685014205425280e-15
7.191048836041255554e-15
5.497068491860327560e-15
3.755345982640358182e-15
1.966659308143400495e-15
1.401244751758216932e-16
-1.712746888522939052e-15
-3.580655601664525789e-15
-5.451939846980039320e-15
-7.311915355416760687e-15
-9.153592834610421031e-15
-1.097390983694022243e-14
-1.275274932990887525e-14
-1.446863225203990494e-14
-1.612104953653201167e-14
-1.771655975949578549e-14
-1.923129692060938922e-14
-2.063315000084241235e-14
-2.193610012602223436e-14
-2.315092494336971896e-14
-2.424573027428895272e-14
-2.519615375715100747e-14
-2.601394035080251133e-14
-2.672241564854495322e-14
-2.729681410106651190e-14
-2.770231926610324663e-14
-2.796986478688888444e-14
-2.812021482909241726e-14
-2.812448218108068443e-14
-2.796721357376397848e-14
-2.766730800626143738e-14
-2.725557206686470002e-14
-2.671788063414535369e-14
-2.603066586337899474e-14
-2.522877469001566508e-14
-2.433352354520596644e-14
-2.332979458490730407e-14
-2.221699488605659994e-14
-2.101168055464088663e-14
-1.973890682523994633e-14
-1.839899387630784117e-14
-1.698572956820940810e-14
-1.552376764190743080e-14
-1.402514443558239288e-14
-1.249142103095608400e-14
-1.093539355476267488e-14
-9.364033088158068424e-15
-7.787909755291051034e-15
-6.219954361134406862e-15
-4.670654867641038654e-15
-3.146847042453525430e-15
-1.647999901793057147e-15
-1.889292695169731990e-16
1.211148588477282528e-15
2.556226850200862821e-15
3.851353779079844109e-15
5.078575770643342646e-15
6.219291981369653999e-15
7.283842142445911411e-15
8.283524826355539994e-15
9.200949599658461708e-15
1.002136877171003193e-14
1.075697453475302906e-14
1.142360047567047773e-14
1.200749332049780987e-14
1.249139138480293010e-14
1.289402087298373648e-14
1.322957721020326383e-14
1.348386412426553008e-14
1.364939977314743799e-14
1.373859742469099934e-14
1.376879160816177339e-14
1.373352539140284059e-14
1.362230742432950920e-14
1.345415190254174373e-14
1.324091389916931538e-14
1.297615172864835520e-14
1.266065821381749321e-14
1.230265973866046317e-14
1.191424007520279493e-14
1.149556947706688662e-14
1.104289812939524343e-14
1.056790831059639668e-14
1.007597359768772766e-14
9.567292196378893859e-15
9.047883969826031603e-15
8.520407754450572135e-15
7.990380275837982715e-15
7.462538142229309390e-15
6.938455987873497904e-15
6.422210158829209578e-15
5.913198838187420231e-15
5.414228246102383360e-15
4.931209825512986727e-15
4.461362343736920838e-15
4.003657926292692598e-15
3.562977600538854914e-15
3.142607854310754470e-15
2.741104708191559498e-15
2.355205391268446434e-15
1.988629860487519350e-15
1.645888248655552177e-15
1.322886951417583286e-15
1.016143392810976622e-15
7.289168497376483265e-16
4.638770641682255468e-16
2.172437545288919422e-16
-1.488101892449837042e-17
-2.298086942080214369e-16
-4.250386977124845540e-16
-6.040320589999279965e-16
-7.701895888837981784e-16
-9.214447916705906239e-16
-1.055756688534336893e-15
-1.176617702195684873e-15
-1.286900227257892302e-15
-1.385313703146698848e-15
-1.471429848828149055e-15
-1.547666202212825103e-15
-1.616593084779170165e-15
-1.677993973730042363e-15
-1.731317556495897553e-15
-1.778788670991817561e-15
-1.821881260425143277e-15
-1.860096634148178732e-15
-1.893381217327010091e-15
-1.922637947083410438e-15
-1.949114926465158985e-15
-1.972421461525334686e-15
-1.991677485031740323e-15
-2.007817062566960575e-15
-2.021252275659834660e-15
-2.030978966751392605e-15
-2.036354661351142022e-15
-2.037613564068998726e-15
-2.035351774341592930e-15
-2.029263301516729019e-15
-2.018949193076250218e-15
-2.005277022516381742e-15
-1.988883758613458827e-15
-1.969529055768698064e-15
-1.947083953215879987e-15
-1.922077423030564905e-15
-1.895206785086579922e-15
-1.866286962684949972e-15
-1.834893804077337466e-15
-1.801612820788531938e-15
-1.766869435116291860e-15
-1.730078241414946105e-15
-1.690715985081328327e-15
-1.649074257207530821e-15
-1.605638407672330299e-15
-1.560033200880093108e-15
-1.511821673709154434e-15
-1.461555562245532049e-15
-1.409596020162111503e-15
-1.355572470544469041e-15
-1.299301530759524106e-15
-1.241051922009793126e-15
-1.181250654779810675e-15
-1.119956491980292519e-15
-1.057178433336303236e-15
-9.935800232828981629e-16
-9.296508468635902855e-16
-8.656376024242674189e-16
-8.019869410259285961e-16
-7.389732484039250072e-16
-6.769646133133978491e-16
-6.163125544274576564e-16
-5.571964839122447305e-16
-4.998280011858950364e-16
-4.441684074306308933e-16
-3.903486751159214972e-16
-3.385762743742849485e-16
-2.884938367113187374e-16
-2.397894157744168663e-16
-1.924146645111368356e-16
-1.462260637764782449e-16
-1.009000271322552501e-16
-5.605953889015598225e-17
-1.184233951142154624e-17
3.145238473947130310e-17
7.398724929914436547e-17
1.158647898219684891e-16
1.567542597943755709e-16
1.963196981562159737e-16
2.347132002610810477e-16
2.719800559018692963e-16
3.077521895583293235e-16
3.418281397379126143e-16
3.741130916900858904e-16
4.047504586807311455e-16
4.336328263442246938e-16
4.604482747977401390e-16
4.858557162649025218e-16
5.102705939365604747e-16
5.337808933601100383e-16
5.569298802920964395e-16
5.798846319813655888e-16
6.032059901181182401e-16
6.267753700897387911e-16
6.495551035962815207e-16
6.719092030468289643e-16
6.934875791363690790e-16
7.133462665847461505e-16
7.315341815446641145e-16
7.477482979792427452e-16
7.627606334803451339e-16
7.766793435674238140e-16
7.884821653522612519e-16
7.993297986703918560e-16
8.091920150335104884e-16
8.168301346353761417e-16
8.220835917929249226e-16
8.242271145450703364e-16
8.238618315865669194e-16
8.207667731972997059e-16
8.136651430884012451e-16
8.041965323479598454e-16
7.927715931367162322e-16
7.788782940380551811e-16
7.632453480844114072e-16
7.456795258846925234e-16
7.272774174682376282e-16
7.076801455632069152e-16
6.849853800491856326e-16
6.604802404290858932e-16
6.340948464847592173e-16
6.044826275883080809e-16
5.717844029672135113e-16
5.357619975446194401e-16
4.974280921485275866e-16
4.567722576857748823e-16
4.128601109364214271e-16
3.671321373063915657e-16
3.199741867729392333e-16
2.712221467025339094e-16
2.216949259016030914e-16
1.716392624207039967e-16
1.218476879308910319e-16
7.274770260762140244e-17
2.432271982525219505e-17
-2.304307968943878677e-17
-6.946908953170622195e-17
-1.150118541138630103e-16
-1.597316600133132417e-16
-2.037104841374833713e-16
-2.472839632917229157e-16
-2.903036814218051603e-16
-3.316229279707151936e-16
-3.716890157439420913e-16
-4.101894425235082199e-16
-4.455952344302807622e-16
-4.775683459089664473e-16
-5.054019014953019598e-16
-5.301564393788088872e-16
-5.515968020375057543e-16
-5.675208096876497871e-16
-5.801980341718496800e-16
-5.898505040014044663e-16
-5.946318461699773815e-16
-5.951729414045952692e-16
-5.906611674714860351e-16
-5.830887988021509968e-16
-5.726091483600431829e-16
-5.564077374196733667e-16
-5.378068938979689313e-16
-5.168748039471838477e-16
-4.917684826927703687e-16
-4.641306446568098029e-16
-4.326306010791656446e-16
-3.993980045474720183e-16
-3.650983317906951854e-16
-3.269360829153203363e-16
-2.882653760435764916e-16
-2.487687855784801024e-16
-2.071185212007610487e-16
-1.657065377790164704e-16
-1.231178270701886561e-16
-8.124540183227256041e-17
-4.139500967557499024e-17
-1.886711089293372367e-18
3.475273612188437716e-17
6.919342662948925016e-17
1.020524353093294270e-16
1.314151235934753669e-16
1.588443532963949596e-16
1.838727607545508438e-16
2.057058952378674902e-16
2.249072586493956229e-16
2.410578476129301810e-16
2.550953805406408785e-16
2.665776532945017671e-16
2.744658858438238543e-16
2.793004852089553836e-16
2.817222318144942334e-16
2.809633432333135837e-16
2.752265214304582160e-16
2.660560133478911266e-16
2.537586302009755840e-16
2.367483027959779111e-16
2.158848225139204258e-16
1.905142799195228085e-16
1.627399769348256944e-16
1.333485160002527100e-16
9.957268679923835897e-17
6.522650002225644427e-17
3.009490525365542981e-17
-7.655858490101852986e-18
-4.500479609025435110e-17
-8.420072625502241599e-17
-1.225592485461438476e-16
-1.583773734446618231e-16
-1.955142095280465366e-16
-2.294660429110774707e-16
-2.617068962104343198e-16
-2.944929210904677179e-16
-3.237747706677100755e-16
-3.532451909548349218e-16
-3.805237546722616557e-16
-4.033760683144722381e-16
-4.257121683148905279e-16
-4.432058074256355843e-16
-4.579158051041273911e-16
-4.717909459339816782e-16
-4.806775921001001702e-16
-4.885455752680269593e-16
-4.936683246539025609e-16
-4.940413367880496735e-16
-4.927631640706429342e-16
-4.866753794600486675e-16
-4.777075769496713729e-16
-4.669658756895067597e-16
