-8.575360499211352565e-16
-7.843526679761597242e-16
-7.131794540336962567e-16
0.000000000000000000e+00
0.000000000000000000e+00
0.000000000000000000e+00
0.000000000000000000e+00
0.000000000000000000e+00
0.000000000000000000e+00
0.000000000000000000e+00
0.000000000000000000e+00
0.000000000000000000e+00
0.000000000000000000e+00
0.000000000000000000e+00
0.000000000000000000e+00
0.000000000000000000e+00
0.000000000000000000e+00
0.000000000000000000e+00
0.000000000000000000e+00
0.000000000000000000e+00
0.000000000000000000e+00
0.000000000000000000e+00
0.000000000000000000e+00
0.000000000000000000e+00
0.000000000000000000e+00
0.000000000000000000e+00
0.000000000000000000e+00
0.000000000000000000e+00
0.000000000000000000e+00
0.000000000000000000e+00
0.000000000000000000e+00
0.000000000000000000e+00
0.000000000000000000e+00
0.000000000000000000e+00
0.000000000000000000e+00
0.000000000000000000e+00
0.000000000000000000e+00
0.000000000000000000e+00
0.000000000000000000e+00
0.000000000000000000e+00
0.000000000000000000e+00
0.000000000000000000e+00
0.000000000000000000e+00
0.000000000000000000e+00
0.000000000000000000e+00
0.000000000000000000e+00
0.000000000000000000e+00
0.000000000000000000e+00
0.000000000000000000e+00
0.000000000000000000e+00
0.000000000000000000e+00
0.000000000000000000e+00
0.000000000000000000e+00
0.000000000000000000e+00
0.000000000000000000e+00
0.000000000000000000e+00
0.000000000000000000e+00
0.000000000000000000e+00
0.000000000000000000e+00
0.000000000000000000e+00
0.000000000000000000e+00
0.000000000000000000e+00
0.000000000000000000e+00
0.000000000000000000e+00
0.000000000000000000e+00
0.000000000000000000e+00
0.000000000000000000e+00
0.000000000000000000e+00
0.000000000000000000e+00
0.000000000000000000e+00
0.000000000000000000e+00
0.000000000000000000e+00
0.000000000000000000e+00
0.000000000000000000e+00
0.000000000000000000e+00
0.000000000000000000e+00
0.000000000000000000e+00
0.000000000000000000e+00
0.000000000000000000e+00
0.000000000000000000e+00
0.000000000000000000e+00
0.000000000000000000e+00
0.000000000000000000e+00
0.000000000000000000e+00
0.000000000000000000e+00
0.000000000000000000e+00
0.000000000000000000e+00
0.000000000000000000e+00
0.000000000000000000e+00
0.000000000000000000e+00
0.000000000000000000e+00
0.000000000000000000e+00
0.000000000000000000e+00
0.000000000000000000e+00
0.000000000000000000e+00
0.000000000000000000e+00
0.000000000000000000e+00
0.000000000000000000e+00
0.000000000000000000e+00
0.000000000000000000e+00
0.000000000000000000e+00
0.000000000000000000e+00
0.000000000000000000e+00
0.000000000000000000e+00
0.000000000000000000e+00
0.000000000000000000e+00
0.000000000000000000e+00
0.000000000000000000e+00
0.000000000000000000e+00
0.000000000000000000e+00
0.000000000000000000e+00
0.000000000000000000e+00
0.000000000000000000e+00
0.000000000000000000e+00
0.000000000000000000e+00
0.000000000000000000e+00
0.000000000000000000e+00
0.000000000000000000e+00
0.000000000000000000e+00
0.000000000000000000e+00
0.000000000000000000e+00
0.000000000000000000e+00
0.000000000000000000e+00
0.000000000000000000e+00
0.000000000000000000e+00
0.000000000000000000e+00
0.000000000000000000e+00
0.000000000000000000e+00
0.000000000000000000e+00
0.000000000000000000e+00
0.000000000000000000e+00
0.000000000000000000e+00
0.000000000000000000e+00
0.000000000000000000e+00
0.000000000000000000e+00
0.000000000000000000e+00
0.000000000000000000e+00
0.000000000000000000e+00
0.000000000000000000e+00
0.000000000000000000e+00
0.000000000000000000e+00
0.000000000000000000e+00
0.000000000000000000e+00
0.000000000000000000e+00
0.000000000000000000e+00
0.000000000000000000e+00
0.000000000000000000e+00
0.000000000000000000e+00
0.000000000000000000e+00
0.000000000000000000e+00
0.000000000000000000e+00
0.000000000000000000e+00
0.000000000000000000e+00
0.000000000000000000e+00
0.000000000000000000e+00
0.000000000000000000e+00
0.000000000000000000e+00
0.000000000000000000e+00
0.000000000000000000e+00
0.000000000000000000e+00
0.000000000000000000e+00
0.000000000000000000e+00
0.000000000000000000e+00
0.000000000000000000e+00
0.000000000000000000e+00
0.000000000000000000e+00
0.000000000000000000e+00
0.000000000000000000e+00
0.000000000000000000e+00
0.000000000000000000e+00
0.000000000000000000e+00
0.000000000000000000e+00
0.000000000000000000e+00
0.000000000000000000e+00
0.000000000000000000e+00
0.000000000000000000e+00
0.000000000000000000e+00
0.000000000000000000e+00
0.000000000000000000e+00
0.000000000000000000e+00
0.000000000000000000e+00
0.000000000000000000e+00
0.000000000000000000e+00
0.000000000000000000e+00
0.000000000000000000e+00
0.000000000000000000e+00
0.000000000000000000e+00
0.000000000000000000e+00
0.000000000000000000e+00
0.000000000000000000e+00
0.000000000000000000e+00
0.000000000000000000e+00
0.000000000000000000e+00
0.000000000000000000e+00
0.000000000000000000e+00
0.000000000000000000e+00
0.000000000000000000e+00
0.000000000000000000e+00
0.000000000000000000e+00
0.000000000000000000e+00
0.000000000000000000e+00
0.000000000000000000e+00
0.000000000000000000e+00
0.000000000000000000e+00
0.000000000000000000e+00
0.000000000000000000e+00
0.000000000000000000e+00
0.000000000000000000e+00
0.000000000000000000e+00
0.000000000000000000e+00
0.000000000000000000e+00
0.000000000000000000e+00
0.000000000000000000e+00
0.000000000000000000e+00
0.000000000000000000e+00
0.000000000000000000e+00
0.000000000000000000e+00
0.000000000000000000e+00
0.000000000000000000e+00
0.000000000000000000e+00
0.000000000000000000e+00
0.000000000000000000e+00
0.000000000000000000e+00
0.000000000000000000e+00
0.000000000000000000e+00
0.000000000000000000e+00
0.000000000000000000e+00
0.000000000000000000e+00
0.000000000000000000e+00
0.000000000000000000e+00
0.000000000000000000e+00
0.000000000000000000e+00
0.000000000000000000e+00
0.000000000000000000e+00
0.000000000000000000e+00
0.000000000000000000e+00
0.000000000000000000e+00
0.000000000000000000e+00
0.000000000000000000e+00
0.000000000000000000e+00
0.000000000000000000e+00
0.000000000000000000e+00
0.000000000000000000e+00
0.000000000000000000e+00
0.000000000000000000e+00
0.000000000000000000e+00
0.000000000000000000e+00
0.000000000000000000e+00
0.000000000000000000e+00
0.000000000000000000e+00
0.000000000000000000e+00
0.000000000000000000e+00
0.000000000000000000e+00
0.000000000000000000e+00
0.000000000000000000e+00
0.000000000000000000e+00
0.000000000000000000e+00
0.000000000000000000e+00
0.000000000000000000e+00
0.000000000000000000e+00
0.000000000000000000e+00
0.000000000000000000e+00
0.000000000000000000e+00
0.000000000000000000e+00
0.000000000000000000e+00
0.000000000000000000e+00
0.000000000000000000e+00
0.000000000000000000e+00
0.000000000000000000e+00
0.000000000000000000e+00
0.000000000000000000e+00
0.000000000000000000e+00
0.000000000000000000e+00
0.000000000000000000e+00
0.000000000000000000e+00
0.000000000000000000e+00
0.000000000000000000e+00
0.000000000000000000e+00
0.000000000000000000e+00
0.000000000000000000e+00
0.000000000000000000e+00
0.000000000000000000e+00
0.000000000000000000e+00
0.000000000000000000e+00
0.000000000000000000e+00
0.000000000000000000e+00
0.000000000000000000e+00
0.000000000000000000e+00
0.000000000000000000e+00
0.000000000000000000e+00
0.000000000000000000e+00
0.000000000000000000e+00
0.000000000000000000e+00
0.000000000000000000e+00
0.000000000000000000e+00
0.000000000000000000e+00
0.000000000000000000e+00
0.000000000000000000e+00
0.000000000000000000e+00
0.000000000000000000e+00
0.000000000000000000e+00
0.000000000000000000e+00
0.000000000000000000e+00
0.000000000000000000e+00
0.000000000000000000e+00
0.000000000000000000e+00
0.000000000000000000e+00
0.000000000000000000e+00
0.000000000000000000e+00
0.000000000000000000e+00
0.000000000000000000e+00
0.000000000000000000e+00
0.000000000000000000e+00
0.000000000000000000e+00
0.000000000000000000e+00
0.000000000000000000e+00
0.000000000000000000e+00
0.000000000000000000e+00
0.000000000000000000e+00
0.000000000000000000e+00
0.000000000000000000e+00
0.000000000000000000e+00
0.000000000000000000e+00
0.000000000000000000e+00
0.000000000000000000e+00
0.000000000000000000e+00
0.000000000000000000e+00
0.000000000000000000e+00
0.000000000000000000e+00
0.000000000000000000e+00
0.000000000000000000e+00
0.000000000000000000e+00
0.000000000000000000e+00
0.000000000000000000e+00
0.000000000000000000e+00
0.000000000000000000e+00
0.000000000000000000e+00
0.000000000000000000e+00
0.000000000000000000e+00
0.000000000000000000e+00
0.000000000000000000e+00
0.000000000000000000e+00
0.000000000000000000e+00
0.000000000000000000e+00
0.000000000000000000e+00
0.000000000000000000e+00
0.000000000000000000e+00
0.000000000000000000e+00
0.000000000000000000e+00
0.000000000000000000e+00
0.000000000000000000e+00
0.000000000000000000e+00
0.000000000000000000e+00
0.000000000000000000e+00
0.000000000000000000e+00
0.000000000000000000e+00
0.000000000000000000e+00
0.000000000000000000e+00
0.000000000000000000e+00
0.000000000000000000e+00
0.000000000000000000e+00
0.000000000000000000e+00
0.000000000000000000e+00
0.000000000000000000e+00
0.000000000000000000e+00
0.000000000000000000e+00
0.000000000000000000e+00
0.000000000000000000e+00
0.000000000000000000e+00
0.000000000000000000e+00
0.000000000000000000e+00
0.000000000000000000e+00
0.000000000000000000e+00
0.000000000000000000e+00
0.000000000000000000e+00
0.000000000000000000e+00
0.000000000000000000e+00
0.000000000000000000e+00
0.000000000000000000e+00
0.000000000000000000e+00
0.000000000000000000e+00
0.000000000000000000e+00
0.000000000000000000e+00
0.000000000000000000e+00
0.000000000000000000e+00
0.000000000000000000e+00
0.000000000000000000e+00
0.000000000000000000e+00
0.000000000000000000e+00
0.000000000000000000e+00
0.000000000000000000e+00
0.000000000000000000e+00
0.000000000000000000e+00
0.000000000000000000e+00
0.000000000000000000e+00
0.000000000000000000e+00
0.000000000000000000e+00
0.000000000000000000e+00
0.000000000000000000e+00
0.000000000000000000e+00
0.000000000000000000e+00
0.000000000000000000e+00
0.000000000000000000e+00
0.000000000000000000e+00
0.000000000000000000e+00
0.000000000000000000e+00
0.000000000000000000e+00
0.000000000000000000e+00
0.000000000000000000e+00
0.000000000000000000e+00
0.000000000000000000e+00
0.000000000000000000e+00
0.000000000000000000e+00
0.000000000000000000e+00
0.000000000000000000e+00
0.000000000000000000e+00
0.000000000000000000e+00
0.000000000000000000e+00
0.000000000000000000e+00
0.000000000000000000e+00
0.000000000000000000e+00
0.000000000000000000e+00
0.000000000000000000e+00
0.000000000000000000e+00
0.000000000000000000e+00
0.000000000000000000e+00
0.000000000000000000e+00
0.000000000000000000e+00
0.000000000000000000e+00
0.000000000000000000e+00
0.000000000000000000e+00
0.000000000000000000e+00
0.000000000000000000e+00
0.000000000000000000e+00
0.000000000000000000e+00
0.000000000000000000e+00
0.000000000000000000e+00
0.000000000000000000e+00
0.000000000000000000e+00
0.000000000000000000e+00
0.000000000000000000e+00
0.000000000000000000e+00
0.000000000000000000e+00
0.000000000000000000e+00
0.000000000000000000e+00
0.000000000000000000e+00
0.000000000000000000e+00
0.000000000000000000e+00
0.000000000000000000e+00
0.000000000000000000e+00
0.000000000000000000e+00
0.000000000000000000e+00
0.000000000000000000e+00
0.000000000000000000e+00
0.000000000000000000e+00
0.000000000000000000e+00
0.000000000000000000e+00
0.000000000000000000e+00
0.000000000000000000e+00
0.000000000000000000e+00
0.000000000000000000e+00
0.000000000000000000e+00
0.000000000000000000e+00
0.000000000000000000e+00
0.000000000000000000e+00
0.000000000000000000e+00
0.000000000000000000e+00
0.000000000000000000e+00
0.000000000000000000e+00
0.000000000000000000e+00
0.000000000000000000e+00
0.000000000000000000e+00
0.000000000000000000e+00
0.000000000000000000e+00
0.000000000000000000e+00
0.000000000000000000e+00
0.000000000000000000e+00
0.000000000000000000e+00
0.000000000000000000e+00
0.000000000000000000e+00
0.000000000000000000e+00
0.000000000000000000e+00
0.000000000000000000e+00
0.000000000000000000e+00
0.000000000000000000e+00
0.000000000000000000e+00
0.000000000000000000e+00
0.000000000000000000e+00
0.000000000000000000e+00
0.000000000000000000e+00
0.000000000000000000e+00
0.000000000000000000e+00
0.000000000000000000e+00
0.000000000000000000e+00
0.000000000000000000e+00
0.000000000000000000e+00
0.000000000000000000e+00
0.000000000000000000e+00
0.000000000000000000e+00
0.000000000000000000e+00
0.000000000000000000e+00
0.000000000000000000e+00
0.000000000000000000e+00
0.000000000000000000e+00
0.000000000000000000e+00
0.000000000000000000e+00
0.000000000000000000e+00
0.000000000000000000e+00
0.000000000000000000e+00
0.000000000000000000e+00
0.000000000000000000e+00
0.000000000000000000e+00
0.000000000000000000e+00
0.000000000000000000e+00
0.000000000000000000e+00
0.000000000000000000e+00
0.000000000000000000e+00
0.000000000000000000e+00
0.000000000000000000e+00
0.000000000000000000e+00
0.000000000000000000e+00
0.000000000000000000e+00
0.000000000000000000e+00
0.000000000000000000e+00
0.000000000000000000e+00
0.000000000000000000e+00
0.000000000000000000e+00
0.000000000000000000e+00
0.000000000000000000e+00
0.000000000000000000e+00
0.000000000000000000e+00
0.000000000000000000e+00
0.000000000000000000e+00
0.000000000000000000e+00
0.000000000000000000e+00
0.000000000000000000e+00
0.000000000000000000e+00
0.000000000000000000e+00
0.000000000000000000e+00
0.000000000000000000e+00
0.000000000000000000e+00
0.000000000000000000e+00
0.000000000000000000e+00
0.000000000000000000e+00
0.000000000000000000e+00
0.000000000000000000e+00
0.000000000000000000e+00
0.000000000000000000e+00
0.000000000000000000e+00
0.000000000000000000e+00
0.000000000000000000e+00
0.000000000000000000e+00
0.000000000000000000e+00
0.000000000000000000e+00
0.000000000000000000e+00
0.000000000000000000e+00
0.000000000000000000e+00
0.000000000000000000e+00
0.000000000000000000e+00
0.000000000000000000e+00
0.000000000000000000e+00
0.000000000000000000e+00
0.000000000000000000e+00
0.000000000000000000e+00
0.000000000000000000e+00
0.000000000000000000e+00
0.000000000000000000e+00
0.000000000000000000e+00
0.000000000000000000e+00
0.000000000000000000e+00
0.000000000000000000e+00
0.000000000000000000e+00
0.000000000000000000e+00
0.000000000000000000e+00
0.000000000000000000e+00
0.000000000000000000e+00
0.000000000000000000e+00
0.000000000000000000e+00
0.000000000000000000e+00
0.000000000000000000e+00
0.000000000000000000e+00
0.000000000000000000e+00
0.000000000000000000e+00
0.000000000000000000e+00
0.000000000000000000e+00
0.000000000000000000e+00
0.000000000000000000e+00
0.000000000000000000e+00
0.000000000000000000e+00
0.000000000000000000e+00
0.000000000000000000e+00
0.000000000000000000e+00
0.000000000000000000e+00
0.000000000000000000e+00
0.000000000000000000e+00
0.000000000000000000e+00
0.000000000000000000e+00
0.000000000000000000e+00
0.000000000000000000e+00
0.000000000000000000e+00
0.000000000000000000e+00
0.000000000000000000e+00
0.000000000000000000e+00
0.000000000000000000e+00
0.000000000000000000e+00
0.000000000000000000e+00
0.000000000000000000e+00
0.000000000000000000e+00
0.000000000000000000e+00
0.000000000000000000e+00
0.000000000000000000e+00
0.000000000000000000e+00
0.000000000000000000e+00
0.000000000000000000e+00
0.000000000000000000e+00
0.000000000000000000e+00
0.000000000000000000e+00
0.000000000000000000e+00
0.000000000000000000e+00
0.000000000000000000e+00
0.000000000000000000e+00
0.000000000000000000e+00
0.000000000000000000e+00
0.000000000000000000e+00
0.000000000000000000e+00
0.000000000000000000e+00
0.000000000000000000e+00
0.000000000000000000e+00
0.000000000000000000e+00
0.000000000000000000e+00
0.000000000000000000e+00
0.000000000000000000e+00
0.000000000000000000e+00
0.000000000000000000e+00
0.000000000000000000e+00
0.000000000000000000e+00
0.000000000000000000e+00
0.000000000000000000e+00
0.000000000000000000e+00
0.000000000000000000e+00
0.000000000000000000e+00
0.000000000000000000e+00
0.000000000000000000e+00
0.000000000000000000e+00
0.000000000000000000e+00
0.000000000000000000e+00
0.000000000000000000e+00
0.000000000000000000e+00
0.000000000000000000e+00
0.000000000000000000e+00
0.000000000000000000e+00
0.000000000000000000e+00
0.000000000000000000e+00
0.000000000000000000e+00
0.000000000000000000e+00
0.000000000000000000e+00
0.000000000000000000e+00
0.000000000000000000e+00
0.000000000000000000e+00
0.000000000000000000e+00
0.000000000000000000e+00
0.000000000000000000e+00
0.000000000000000000e+00
0.000000000000000000e+00
0.000000000000000000e+00
0.000000000000000000e+00
0.000000000000000000e+00
0.000000000000000000e+00
0.000000000000000000e+00
0.000000000000000000e+00
0.000000000000000000e+00
0.000000000000000000e+00
0.000000000000000000e+00
0.000000000000000000e+00
0.000000000000000000e+00
0.000000000000000000e+00
0.000000000000000000e+00
0.000000000000000000e+00
0.000000000000000000e+00
0.000000000000000000e+00
0.000000000000000000e+00
0.000000000000000000e+00
0.000000000000000000e+00
0.000000000000000000e+00
0.000000000000000000e+00
0.000000000000000000e+00
0.000000000000000000e+00
0.000000000000000000e+00
0.000000000000000000e+00
0.000000000000000000e+00
0.000000000000000000e+00
0.000000000000000000e+00
0.000000000000000000e+00
0.000000000000000000e+00
0.000000000000000000e+00
0.000000000000000000e+00
0.000000000000000000e+00
0.000000000000000000e+00
0.000000000000000000e+00
0.000000000000000000e+00
0.000000000000000000e+00
0.000000000000000000e+00
0.000000000000000000e+00
0.000000000000000000e+00
0.000000000000000000e+00
0.000000000000000000e+00
0.000000000000000000e+00
0.000000000000000000e+00
0.000000000000000000e+00
0.000000000000000000e+00
0.000000000000000000e+00
0.000000000000000000e+00
0.000000000000000000e+00
0.000000000000000000e+00
0.000000000000000000e+00
0.000000000000000000e+00
0.000000000000000000e+00
0.000000000000000000e+00
0.000000000000000000e+00
0.000000000000000000e+00
0.000000000000000000e+00
0.000000000000000000e+00
0.000000000000000000e+00
0.000000000000000000e+00
0.000000000000000000e+00
0.000000000000000000e+00
0.000000000000000000e+00
0.000000000000000000e+00
0.000000000000000000e+00
0.000000000000000000e+00
0.000000000000000000e+00
0.000000000000000000e+00
0.000000000000000000e+00
0.000000000000000000e+00
0.000000000000000000e+00
0.000000000000000000e+00
0.000000000000000000e+00
0.000000000000000000e+00
0.000000000000000000e+00
0.000000000000000000e+00
0.000000000000000000e+00
0.000000000000000000e+00
0.000000000000000000e+00
0.000000000000000000e+00
0.000000000000000000e+00
0.000000000000000000e+00
0.000000000000000000e+00
0.000000000000000000e+00
0.000000000000000000e+00
0.000000000000000000e+00
0.000000000000000000e+00
0.000000000000000000e+00
0.000000000000000000e+00
0.000000000000000000e+00
0.000000000000000000e+00
0.000000000000000000e+00
0.000000000000000000e+00
0.000000000000000000e+00
0.000000000000000000e+00
0.000000000000000000e+00
0.000000000000000000e+00
0.000000000000000000e+00
0.000000000000000000e+00
0.000000000000000000e+00
0.000000000000000000e+00
0.000000000000000000e+00
0.000000000000000000e+00
0.000000000000000000e+00
0.000000000000000000e+00
0.000000000000000000e+00
0.000000000000000000e+00
0.000000000000000000e+00
0.000000000000000000e+00
0.000000000000000000e+00
0.000000000000000000e+00
0.000000000000000000e+00
0.000000000000000000e+00
0.000000000000000000e+00
0.000000000000000000e+00
0.000000000000000000e+00
0.000000000000000000e+00
0.000000000000000000e+00
0.000000000000000000e+00
0.000000000000000000e+00
0.000000000000000000e+00
0.000000000000000000e+00
0.000000000000000000e+00
0.000000000000000000e+00
0.000000000000000000e+00
0.000000000000000000e+00
0.000000000000000000e+00
0.000000000000000000e+00
0.000000000000000000e+00
0.000000000000000000e+00
0.000000000000000000e+00
0.000000000000000000e+00
0.000000000000000000e+00
0.000000000000000000e+00
0.000000000000000000e+00
0.000000000000000000e+00
0.000000000000000000e+00
0.000000000000000000e+00
0.000000000000000000e+00
0.000000000000000000e+00
0.000000000000000000e+00
0.000000000000000000e+00
0.000000000000000000e+00
-0.000000000000000000e+00
-0.000000000000000000e+00
-1.401298464324817071e-45
-1.401298464324817071e-45
-1.401298464324817071e-45
-1.401298464324817071e-45
-0.000000000000000000e+00
1.401298464324817071e-45
2.802596928649634142e-45
-0.000000000000000000e+00
-7.006492321624085355e-45
-1.541428310757298778e-44
-2.242077542919707313e-44
-3.222986467947079263e-44
-4.203895392974451213e-44
-4.624284932271896334e-44
-4.484155085839414627e-44
-3.503246160812042677e-44
-1.261168617892335364e-44
1.541428310757298778e-44
4.904544625136859748e-44
8.127531093083939011e-44
7.567011707354012183e-44
2.382207389352189021e-44
-9.668959403841237789e-44
-2.956739759725364020e-43
-5.465064010866786577e-43
-7.805232446289231085e-43
-8.982323156322077425e-43
-7.510959768781019500e-43
-1.793662034335765851e-43
9.164491956684303644e-43
2.527942429641969996e-42
4.458931713481567920e-42
6.182528824601092917e-42
6.899993638335399257e-42
5.603792558834943467e-42
1.170084217711222254e-42
-7.072353349447351757e-42
-1.866809814173521302e-41
-3.171979203845655922e-41
-4.227297077328675658e-41
-4.418013798323283261e-41
-3.053569483610208879e-41
4.999832920710947309e-42
6.619173426084705916e-41
1.486763657663987664e-40
2.360529302109084100e-40
2.991505974625262731e-40
2.937640061656616763e-40
1.689629636344291431e-40
-1.134210977024506937e-40
-5.654519563243501845e-40
-1.151696379262352005e-39
-1.748841502954336577e-39
-2.143152877830696852e-39
-2.046997178507192230e-39
-1.111047513409217711e-39
9.399868059736943167e-40
4.124464190822663282e-39
8.107753166558458543e-39
1.204017360674079862e-38
1.438822854992046320e-38
1.319778346552260135e-38
6.389675770089909000e-39
-7.880140256998178506e-39
-2.982505995108290161e-38
-5.678725032396863005e-38
-8.280778214181272466e-38
-9.777214754884801477e-38
-8.789264585333890187e-38
-3.981481020457123382e-38
5.628667848654251889e-38
2.023326332743940274e-37
3.814790906879890519e-37
5.529813416644273388e-37
6.526400741513774267e-37
5.913731528966552214e-37
2.738654446579844133e-37
-3.597171273240035056e-37
-1.309394898692622817e-36
-2.476228462699018363e-36
-3.599408687261665490e-36
-4.265009404540746294e-36
-3.939378671784852815e-36
-2.003529998761832435e-36
2.011589639746916765e-36
8.094881421805331933e-36
1.560861777941550320e-35
2.300638025467440625e-35
2.762397375136100958e-35
2.612788742316968462e-35
1.494865203078349164e-35
-9.161913029411335680e-36
-4.696027037109963189e-35
-9.461961549782793238e-35
-1.431503130312587831e-34
-1.767521634326244640e-34
-1.736202171510893515e-34
-1.116557428836084081e-34
2.755164468855882669e-35
2.530816608035085902e-34
5.482536417126361864e-34
8.607158817842874595e-34
1.102693414281970819e-33
1.143856012205401798e-33
8.337773165187831075e-34
5.492869287976578245e-35
-1.247588062206691507e-33
-3.019999087225009717e-33
-4.994654925492760231e-33
-6.668361985759934910e-33
-7.335258869231789601e-33
-6.074948560235843098e-33
-2.009179372667431834e-33
5.288890712395179226e-33
1.560551329194731933e-32
2.776318410349778716e-32
3.905609367965820802e-32
4.545984013210453779e-32
4.203912512258878764e-32
2.311866192534095349e-32
-1.546398083337243885e-32
-7.360205651155321745e-32
-1.458989851552754655e-31
-2.196517224101888379e-31
-2.724946838680708025e-31
-2.760998780222687254e-31
-1.997879602612366427e-31
-1.315457524438820226e-32
2.970074791547511119e-31
7.102186874589096199e-31
1.167837086581483061e-30
1.561773173287807143e-30
1.729400830624670854e-30
1.490582414215567438e-30
6.744595850696072392e-31
-8.556306770595829200e-31
-3.088385711870202548e-30
-5.776559795873007118e-30
-8.423752009066031850e-30
-1.022726728831230760e-29
-1.011083128147917772e-29
-7.023145035767488469e-30
-1.155202967338393181e-31
1.106558472033569148e-29
2.587431509798350236e-29
4.215317475834031320e-29
5.624142151464031988e-29
6.271837808439427994e-29
5.496543274117301402e-29
2.729117060055504399e-29
-2.399390330412564358e-29
-9.925567052331955191e-29
-1.914634124522161666e-28
-2.845495529731545710e-28
-3.539414347966586046e-28
-3.655331737976878901e-28
-2.808778156824289155e-28
-7.108085016235872496e-29
2.771922598443522816e-28
7.533146903129371288e-28
1.300404654040777817e-27
1.810427110797472351e-27
2.129576235962786662e-27
2.054730168685026586e-27
1.372074188764762805e-27
-5.795460240401460448e-29
-2.268997578717884124e-27
-5.138825211070320953e-27
-8.271930740901398380e-27
-1.099505085233313196e-26
-1.239692447364491237e-26
-1.131793531862558531e-26
-6.603755704691283851e-27
2.402578346323632854e-27
1.570095281936645708e-26
3.235257547416156397e-26
4.987572148813473834e-26
6.432135162900563958e-26
7.052581660427876190e-26
6.207942742529499014e-26
3.284832524928639358e-26
-2.029027439500613404e-26
-9.667514429089205628e-26
-1.903417456525941906e-25
-2.869422871211604629e-25
-3.644975692961537966e-25
-3.948251295821492902e-25
-3.434085809383311656e-25
-1.778175434022725256e-25
1.176244734536114579e-25
5.381523306794299751e-25
1.050782151454178792e-24
1.578444012600753447e-24
2.004616255885089812e-24
2.180761599057568454e-24
1.925121361959384316e-24
1.066042665665679266e-24
-4.816858149951296791e-25
-2.699504894632553807e-24
-5.427331473484352381e-24
-8.280926146455536866e-24
-1.067269640196137397e-23
-1.184799107679666628e-23
-1.087218670311728432e-23
-6.838447438465508740e-24
7.486056290504230309e-25
1.189180046716811517e-23
2.592967651660645721e-23
4.110268869877800552e-23
5.461095982405260040e-23
6.277685032900428322e-23
6.093975736381283269e-23
4.436517127816968139e-23
1.010129131615177584e-23
-4.263744598887807194e-23
-1.117673150428764934e-22
-1.900665687821401424e-22
-2.650893739485460827e-22
-3.198566670713517623e-22
-3.320904482072640488e-22
-2.777726669609150270e-22
-1.396975096829654173e-22
9.072966318896770393e-23
4.110602715812890084e-22
7.962409072486333492e-22
1.195919392715197731e-21
1.537108676199251282e-21
1.719541886074561858e-21
1.627306703936085200e-21
1.165658637903821784e-21
2.692862906691646350e-22
-1.091745930425017335e-21
-2.856030492430776959e-21
-4.846334886674548878e-21
-6.779401048248422204e-21
-8.241499326485584862e-21
-8.713490684271616513e-21
-7.715073183603741808e-21
-4.842043887246930046e-21
2.349922983086726330e-22
7.519761623813193719e-21
1.652771325807591610e-20
2.632025701245512249e-20
3.539393396249886494e-20
4.165879635799662607e-20
4.293289360822410480e-20
3.709990350300998653e-20
2.197743278075528357e-20
-3.668741906612662220e-21
-3.924172614050266243e-20
-8.243246422412176354e-20
-1.288008618673030695e-19
-1.711577308076348274e-19
-2.008924439858667978e-19
-2.086081908693053728e-19
-1.831272539911273473e-19
-1.150188696394332257e-19
-6.294030104638862851e-22
1.583443412276704368e-19
3.536811558762955356e-19
5.664949526996707105e-19
7.690855467843205896e-19
9.272934549097080613e-19
9.956108186883454626e-19
9.268636311839101943e-19
6.874443195901970104e-19
2.558644893518799271e-19
-3.756856852844604664e-19
-1.182397196591980626e-18
-2.100548858166905764e-18
-3.035468711529199602e-18
-3.844469548579536834e-18
-4.352463910215196338e-18
-4.396716418625558212e-18
-3.823063355097583308e-18
-2.478934150778009605e-18
-2.766487464107701461e-19
2.745896560516995512e-18
6.449497457573904872e-18
1.055995809905813722e-17
1.464957213474480817e-17
1.822155639543049567e-17
2.071080590203734780e-17
2.143385440163729993e-17
1.973088969809885378e-17
1.522330791633403837e-17
7.761266942740097856e-18
-2.600199862554049153e-18
-1.534768941068241204e-17
-2.951792692406499173e-17
-4.376384650041249813e-17
-5.616566947146898591e-17
-6.435464503918065268e-17
-6.616426475654046111e-17
-5.953844217087230265e-17
-4.207573630631427925e-17
-1.186874973401913931e-17
3.187458103284081864e-17
8.926182090676076518e-17
1.596738632495529366e-16
2.413035665769727332e-16
3.318075811532166311e-16
4.286575136307305437e-16
5.277179374027821633e-16
6.248977098039128208e-16
7.179022979893494218e-16
8.048413891186163849e-16
8.840929680372809282e-16
9.550675527536132622e-16
1.019598122565471693e-15
1.081230886785654755e-15
1.143709836920144864e-15
1.212713164209979627e-15
1.293544671333510254e-15
1.390285363030607964e-15
1.508937208886398321e-15
1.653487298862725725e-15
1.824770913324701323e-15
2.023323059457634611e-15
2.247151727527820289e-15
2.493748429461964747e-15
2.759955426432703952e-15
3.040902278993325679e-15
3.332819267012074663e-15
3.630403540722665356e-15
3.932051031481234929e-15
4.240463774389524598e-15
4.554231459590355954e-15
4.876773135575320980e-15
5.214632555378432774e-15
5.571604003086916973e-15
5.955715656974849836e-15
6.371229786832815004e-15
6.819931514597150912e-15
7.306047958191130148e-15
7.826165151320844254e-15
8.379089624563611921e-15
8.961591641291552501e-15
9.563716870308533458e-15
1.018161554686928399e-14
1.080483189627289703e-14
1.142574685715882013e-14
1.204593675784189355e-14
1.265551333569587059e-14
1.325445372083117537e-14
1.384725565819772825e-14
1.443039549073495131e-14
1.501186836243197792e-14
1.559008015728207547e-14
1.616124633207691175e-14
1.672982397418493888e-14
1.728436797442285677e-14
1.782226608318133315e-14
1.833702663995261106e-14
1.880823784477375638e-14
1.923150867884620280e-14
1.958949698960786578e-14
1.986533665701301771e-14
2.005739968373703580e-14
2.014758836382888468e-14
2.013396976810293004e-14
2.001702839940500134e-14
1.978420445319321180e-14
1.944364808048604232e-14
1.899021609722776477e-14
1.841413035507527551e-14
1.771586688654493147e-14
1.688319622994427505e-14
1.591475127409643781e-14
1.480105372032164412e-14
1.352067278802141295e-14
1.207214988646057238e-14
1.044595843608135330e-14
8.629566584429128329e-15
6.619482861695315246e-15
4.414370649889146764e-15
2.021661180815121674e-15
-5.566101253545079411e-16
-3.318056329774379462e-15
-6.249905869665792549e-15
-9.336099635623516108e-15
-1.256947257594672601e-14
-1.595168191059672530e-14
-1.946132735216113407e-14
-2.308791585648936606e-14
-2.683355145342240095e-14
-3.068245730728468013e-14
-3.463211773022285833e-14
-3.865690658745070396e-14
-4.273373037269427577e-14
-4.686484896985684823e-14
-5.100155120820772103e-14
-5.512437227061899037e-14
-5.921967831477165101e-14
-6.323269002590087284e-14
-6.715815918786546823e-14
-7.094982424921819630e-14
-7.456359206285678720e-14
-7.800579165896312506e-14
-8.121578225477738000e-14
-8.418609640783655812e-14
-8.691098107036290821e-14
-8.932261262020388393e-14
-9.144300036146094102e-14
-9.323434629589580358e-14
-9.464613337853422514e-14
-9.569105355105786415e-14
-9.630552513231402378e-14
-9.649574840347660554e-14
-9.625441855240848832e-14
-9.550501123452292962e-14
-9.428604950826105502e-14
-9.257740787079610234e-14
-9.034372777877788807e-14
-8.761752174485382128e-14
-8.437257918150406488e-14
-8.065013365260095823e-14
-7.646263993060092856e-14
-7.176637078663491986e-14
-6.662540934536040349e-14
-6.105527325037107822e-14
-5.504671290188292709e-14
-4.863433128985718279e-14
-4.183498436994420588e-14
-3.470591462871944199e-14
-2.727357659919153743e-14
-1.954414515154597604e-14
-1.158107914715810274e-14
-3.433820322675624689e-15
4.866326254720360067e-15
1.328551611307288507e-14
2.176425408168328191e-14
3.024914574465548123e-14
3.870753544077398800e-14
4.708203838192821788e-14
5.534096537149549300e-14
6.342276421926473784e-14
7.126967066636499815e-14
7.887089012491646511e-14
8.614671340645072006e-14
9.307665586617136499e-14
9.963775274681244132e-14
1.057371150272462534e-13
1.113936959167005636e-13
1.165575611288688362e-13
1.211591997519675945e-13
1.252195368879258086e-13
1.286680587379504526e-13
1.315333069242322073e-13
1.338210954809210262e-13
1.354410426044130866e-13
1.364740568818301192e-13
1.369046342221055812e-13
1.366866418228002145e-13
1.358733682206916815e-13
1.344233155776280997e-13
1.324023762806422755e-13
1.298398237883913175e-13
1.266702807098743500e-13
1.230015167410364318e-13
1.188486565021837360e-13
1.141934447392370378e-13
1.091102373924381086e-13
1.035955582385714169e-13
9.773311446161642158e-14
9.157149864769120740e-14
8.508561829276631294e-14
7.837893338915116748e-14
7.148736491007293137e-14
6.442090784430920536e-14
5.724357755388168045e-14
4.997313123749659580e-14
4.267079243658149224e-14
3.537736442227150391e-14
2.810235768049840210e-14
2.090524408855480576e-14
1.382002863114118602e-14
6.878574993667355142e-15
1.222814217394444371e-16
-6.419841007675739300e-15
-1.272245350248443069e-14
-1.876381266075616283e-14
-2.451404490099069744e-14
-2.997201350497281924e-14
-3.512411851170141319e-14
-3.994087978648024062e-14
-4.441995274211130162e-14
-4.853998537206020980e-14
-5.231585157488075066e-14
-5.574630790620635490e-14
-5.879164884960152992e-14
-6.149331803310953415e-14
-6.385248775032936752e-14
-6.584346918603670162e-14
-6.749228319237118856e-14
-6.878475382592758036e-14
-6.976149123432903720e-14
-7.044156382328414789e-14
-7.079144264060879821e-14
-7.087709461223515306e-14
-7.070648184786740287e-14
-7.026499472323130546e-14
-6.959390068351709036e-14
-6.868024351276355577e-14
-6.756787918884774036e-14
-6.628126324702277028e-14
-6.478999736887758321e-14
-6.315558969890999741e-14
-6.138461321279070626e-14
-5.946938362762221875e-14
-5.745245587867459092e-14
-5.532324544223893303e-14
-5.311838141108631006e-14
-5.086042535479978755e-14
-4.852689363082744733e-14
-4.616080873662622985e-14
-4.376125587661310046e-14
-4.132129615688415192e-14
-3.887260860966669507e-14
-3.640142386737016400e-14
-3.392840953390756364e-14
-3.146958130824557831e-14
-2.901068531994781263e-14
-2.657865213453926984e-14
-2.417112700042658296e-14
-2.178543498756232294e-14
-1.944061231440308291e-14
-1.712684864535376356e-14
-1.485390857623031247e-14
-1.263010742947592510e-14
-1.044792439955193053e-14
-8.318376844003265436e-15
-6.238734775640929209e-15
-4.208102457123200427e-15
-2.232908868519739229e-15
-3.095752691586165948e-16
1.559355574522289668e-15
3.369166509569940758e-15
5.114933389354812607e-15
6.794339684645283109e-15
8.403741671460501078e-15
9.937238918289893058e-15
1.139625486400131990e-14
1.277548284718023341e-14
1.407823222555155615e-14
1.530593956699383140e-14
1.644744351836108925e-14
1.751144226098868412e-14
1.849260626357249193e-14
1.938032559141520533e-14
2.018081238415198736e-14
2.088132896032202784e-14
2.148838222702613432e-14
2.200489444793233412e-14
2.241339641553645456e-14
2.273093043273725217e-14
2.295372889698533980e-14
2.307102263138932630e-14
2.309447697369879787e-14
2.301218264067535907e-14
2.283687053751624202e-14
2.257388374805272685e-14
2.220506019182978685e-14
2.175399143049434880e-14
2.122121787106676094e-14
2.059838099242351783e-14
1.989955170588440792e-14
1.911685938130354423e-14
1.826541678052583800e-14
1.735169015307062856e-14
1.636174919508737169e-14
1.532044246511671953e-14
1.423354842192484093e-14
1.310019208047722220e-14
1.193641624479485977e-14
1.074288752980724279e-14
9.535098168119652412e-15
8.318877440475092727e-15
7.086503371009919908e-15
5.853256857609075159e-15
4.623512825445126942e-15
3.398645797233232173e-15
2.189434690743675450e-15
1.001257106400337514e-15
-1.551782755866701401e-16
-1.273128106810247819e-15
-2.349178963606968901e-15
-3.377695496074081122e-15
-4.355188881380962426e-15
-5.277827989507181614e-15
-6.143526154787177715e-15
-6.947505264365489222e-15
-7.689379494734641801e-15
-8.366930466605776440e-15
-8.971084339531431445e-15
-9.507356145031179567e-15
-9.975074185977848146e-15
-1.036879627568532830e-14
-1.069280924789967405e-14
-1.094436278664115067e-14
-1.113167226446517763e-14
-1.125663503517360456e-14
-1.130916971262821077e-14
-1.130236126179818071e-14
-1.123808501362873538e-14
-1.111198298360625142e-14
-1.093242809241433758e-14
-1.069864022270857265e-14
-1.042198486257521484e-14
-1.010670649411295544e-14
-9.744159452029169804e-15
-9.348656899066561110e-15
-8.923050795158534582e-15
-8.464939801899624278e-15
-7.983333808749774191e-15
-7.478654638116716963e-15
-6.961590575245380982e-15
-6.436988766176428983e-15
-5.900164271678597430e-15
-5.361777848426028947e-15
-4.823616735937430108e-15
-4.284500593800802046e-15
-3.750636479453624272e-15
-3.221822375537976638e-15
-2.704012711914820059e-15
-2.201114004536891371e-15
-1.712126542768193684e-15
-1.242300342694927558e-15
-7.920175749949822947e-16
-3.613178913982012345e-16
4.718836100149223186e-17
4.344299108173705921e-16
7.997159398152214101e-16
1.141683310593838950e-15
1.459356558835341478e-15
1.752968142144191097e-15
2.023088007814771543e-15
2.268152427147332971e-15
2.487351213127826643e-15
2.680707447404065240e-15
2.850073167515220288e-15
2.995763893234144014e-15
3.116572814369235854e-15
3.216903443455034102e-15
3.299182529885422328e-15
3.363074225096814203e-15
3.410350310256628908e-15
3.440701194822644998e-15
3.456444360938550238e-15
3.457429883772680616e-15
3.440700983064408185e-15
3.410405155639963624e-15
3.368011156629885892e-15
3.313444023618342983e-15
3.249915917299560017e-15
3.177724146238023253e-15
3.099980709481944992e-15
3.017728304589395276e-15
2.928473266563657446e-15
2.835472225328687472e-15
2.739011054504183681e-15
2.638457655753257552e-15
2.536374727257826971e-15
2.432275013314983900e-15
2.328055232451867532e-15
2.224507148715923824e-15
2.119714350063989922e-15
2.015582025352677560e-15
1.911881263927991265e-15
1.808529691835810554e-15
1.707872849186200994e-15
1.609566417086103710e-15
1.514820593858908285e-15
1.424064084055043800e-15
1.335653537877718507e-15
1.250171502236406551e-15
1.166762473854381088e-15
1.085298233119251499e-15
1.007572689934183984e-15
9.334849414993368760e-16
8.640005524350208733e-16
7.997261571501476651e-16
7.395875590489211886e-16
6.833051843191883211e-16
6.294274831871512089e-16
5.770143020209167820e-16
5.264760812229889522e-16
4.772390089111621346e-16
4.299039490823948484e-16
3.858066726945071252e-16
3.457582402642745594e-16
3.105747945061562709e-16
2.800851024159088827e-16
2.536610361235841276e-16
2.305263693423622445e-16
2.089207426147221829e-16
1.875084643921827161e-16
1.657935571794570489e-16
1.437831281123682367e-16
1.220233149185482907e-16
1.012488194180668100e-16
8.260827122695982923e-17
6.710789254700625381e-17
5.488983271211209645e-17
4.573772112636818638e-17
3.918175890651380642e-17
3.458401112925826078e-17
3.119490657584069707e-17
2.840172609676348597e-17
2.620363589396917405e-17
2.494434936430824556e-17
2.483210095518479971e-17
2.623043820017711725e-17
2.956034474587671099e-17
3.482144836100793206e-17
4.168387438036830835e-17
4.932133554646636945e-17
5.675204788154047659e-17
6.320275964025360931e-17
6.786376357331231008e-17
7.045496309041632287e-17
7.158509033051077140e-17
7.228067643377396301e-17
7.359089081938855630e-17
7.655044378942978296e-17
8.202712721580457411e-17
9.047405740317967745e-17
1.019944069349976070e-16
1.165393589202279334e-16
1.337650444520650122e-16
1.530773427099038565e-16
1.741842126153989446e-16
1.964515044237426233e-16
2.193774834625847282e-16
2.429954619495539947e-16
2.667204577554529218e-16
2.903634766539253936e-16
3.147829071276748384e-16
3.406564814136231033e-16
3.684149157654490001e-16
3.980941826136312348e-16
4.295137845310658363e-16
4.624545782124303561e-16
4.959607134465279180e-16
5.295260351078148742e-16
5.628579991921332706e-16
5.955120192812930063e-16
6.280346963240691222e-16
6.605592262514173568e-16
6.932930791958558103e-16
7.269152050041680080e-16
7.609823407471439337e-16
7.954783927987857557e-16
8.304818705253921070e-16
8.654415672365372517e-16
9.007830111090980689e-16
9.363308663229929184e-16
9.719404490629189250e-16
1.007987947836575405e-15
1.043355596790941902e-15
1.077423791325101896e-15
1.108884606689376339e-15
1.135360421400822412e-15
1.156395531733817299e-15
1.171103517709059377e-15
1.178237758586427129e-15
1.177621859754654846e-15
1.168797258751922731e-15
1.152015312605328499e-15
1.126528514738920229e-15
1.090789124199827501e-15
1.045443638885042159e-15
9.909797380139458677e-16
9.270729020886218225e-16
8.538329806944170656e-16
7.721606345520589353e-16
6.830094110019189601e-16
5.848834498591460457e-16
4.755760714774651295e-16
3.545674358552784863e-16
2.215910717213358336e-16
7.493209469947183623e-17
-8.715959762823889895e-17
-2.632403699520994254e-16
-4.522519604836339017e-16
-6.550279422871691654e-16
-8.712848769627302460e-16
-1.100614918146214198e-15
-1.341076983959869386e-15
-1.592616970174189940e-15
-1.857135406964577698e-15
-2.131384346494786045e-15
-2.414338667140400463e-15
-2.706343111310953453e-15
-3.004234646223160644e-15
-3.307460794637175419e-15
-3.612061042249873483e-15
-3.914717349248622927e-15
-4.216118776936015125e-15
-4.511430884765596158e-15
-4.800555840431958154e-15
-5.083830339531634698e-15
-5.356613912063093105e-15
-5.621147383688294627e-15
-5.874740577766759606e-15
-6.112721684077906947e-15
-6.334881061967291213e-15
-6.536023011336454525e-15
-6.716594342065073525e-15
-6.874003556851023683e-15
-6.999909498746218275e-15
-7.097171750980587820e-15
-7.163626144373897581e-15
-7.193247733572327718e-15
-7.185312728922449432e-15
-7.137279184549552569e-15
-7.052304839281001159e-15
-6.928333097120861761e-15
-6.758702890971926558e-15
-6.548440937859676195e-15
-6.299175235108733437e-15
-6.006460553811907715e-15
-5.668829409388080956e-15
-5.287669241804855702e-15
-4.867418927222318115e-15
-4.405905402614287286e-15
-3.899970082120451931e-15
-3.354857158475500235e-15
-2.775454858818036767e-15
-2.161523261065751746e-15
-1.512419467211679157e-15
-8.345523932325410541e-16
-1.328668983603998352e-16
5.927578387137364454e-16
1.338877133516731561e-15
2.102474053213812706e-15
2.876679531179661929e-15
3.656373570885482205e-15
4.441186018933323404e-15
5.221606177633177429e-15
5.994654608593077277e-15
6.757934208572293280e-15
7.500953627486133674e-15
8.224999084865004112e-15
8.923826677338219521e-15
9.588407033688049058e-15
1.021840726996622178e-14
1.080520289670379441e-14
1.135101144615667870e-14
1.185336551134952288e-14
1.229911490577620392e-14
1.269543399849996576e-14
1.303982404232640821e-14
1.332232816496055697e-14
1.354300481167577258e-14
1.369662524808865425e-14
1.378924999493680650e-14
1.381783735690663914e-14
1.376931083935844027e-14
1.365429223545077883e-14
1.347428841679682021e-14
1.322259427058609937e-14
1.290154167852240741e-14
1.251256890255018211e-14
1.206600042726350616e-14
1.156282728121066708e-14
1.099732267463527854e-14
1.038153819231087474e-14
9.721279398057936644e-15
9.014820038729959989e-15
8.265288207001154908e-15
7.477523849132132472e-15
6.659713115041631867e-15
5.814142146654292451e-15
4.942029400864739533e-15
4.050849096399545060e-15
3.147118940029594060e-15
2.235397663077009177e-15
1.319743612150322577e-15
4.078966566841888373e-16
-4.951405737953489417e-16
-1.385402959243515770e-15
-2.255019604816628671e-15
-3.103254703581319676e-15
-3.925756306133714596e-15
-4.715560319339725387e-15
-5.470934137305743378e-15
-6.185761758636118893e-15
-6.860890639794579859e-15
-7.492534967023373182e-15
-8.068901077081403611e-15
-8.595247350505225842e-15
-9.070016940737786471e-15
-9.486015996958054725e-15
-9.845326526150381674e-15
-1.014610538462154196e-14
-1.039607666581754755e-14
-1.059554699566530450e-14
-1.073514988383407476e-14
-1.082513527601858261e-14
-1.086691432910895372e-14
-1.085446717994905177e-14
-1.079057124957292363e-14
-1.067419739294965531e-14
-1.051312984286451382e-14
-1.030866540675974552e-14
-1.005488840653172636e-14
-9.763090638400303417e-15
-9.437501337871117418e-15
-9.077440337487523159e-15
-8.688601392720964045e-15
-8.273091921544208777e-15
-7.838501339164655884e-15
-7.387188632340408595e-15
-6.916645736514646925e-15
-6.433939871082787129e-15
-5.941583759282859090e-15
-5.440277897362242113e-15
-4.934494619282438904e-15
-4.426473480155989834e-15
-3.920703331086869067e-15
-3.420757804079542497e-15
-2.928786245237667910e-15
-2.447884136466986146e-15
-1.979529762018692775e-15
-1.526054791838342070e-15
-1.089816942134616377e-15
-6.719951239514160724e-16
-2.729651816893056493e-16
1.053129496734419473e-16
4.596254881686009930e-16
7.914667388814709825e-16
1.101357977799193033e-15
1.387669831168605091e-15
1.651111159687440599e-15
1.892060692962240637e-15
2.113268429335384696e-15
2.313978603659685128e-15
2.489921111089796191e-15
2.643930123867230773e-15
2.776148790560074853e-15
2.883970790789626946e-15
2.968649945076060233e-15
3.030890349556779849e-15
3.074927168968057296e-15
3.102439222611350599e-15
3.111741550196334138e-15
3.107759224794818045e-15
3.092020717360122704e-15
3.063506411981990751e-15
3.024054158397727204e-15
2.973715202100640949e-15
2.915191154675999576e-15
2.849034069847176075e-15
2.773058179093780724e-15
2.689913213233061789e-15
2.599730038855370060e-15
2.501827641471113077e-15
2.398235088505438518e-15
2.289567961152763446e-15
2.178630361984973222e-15
2.067418959416983046e-15
1.955968905316103970e-15
1.846394182160445915e-15
1.738701777971823730e-15
1.632257476830980755e-15
1.527732552348616026e-15
1.424588926844986246e-15
1.323580142005792524e-15
1.225902420110794745e-15
1.132118191036969763e-15
1.043155273498916260e-15
9.587828510185074371e-16
8.788027178860857887e-16
8.032413438812530115e-16
7.310565079019718925e-16
6.616938268842644921e-16
5.954211749976999826e-16
5.326402046779545128e-16
4.734870235317400079e-16
4.179459349797526617e-16
3.665440846827602676e-16
3.195801311640087718e-16
2.765539808774833148e-16
2.368318943599600698e-16
2.003495500470069135e-16
1.672999258668100169e-16
1.373696328637750898e-16
1.104779845322312597e-16
8.696028018783812140e-17
6.679547635581232590e-17
4.950614423892296689e-17
3.418206090856159315e-17
2.019265500325045595e-17
7.222458862515919242e-18
-5.402370760913945968e-18
-1.771348055650449969e-17
-2.898190726968572937e-17
-3.849749856019769087e-17
-4.565126090002169371e-17
-5.032143661171238245e-17
-5.271017209336546598e-17
-5.333605995821493948e-17
-5.328044364254932411e-17
-5.343846160932655409e-17
-5.437335106380133661e-17
-5.634798669592057364e-17
-5.904935343572684887e-17
-6.205641966015312144e-17
-6.489253081302183467e-17
-6.728410848725965040e-17
-6.942233066603982440e-17
-7.170278820550971661e-17
-7.493509901945662882e-17
-7.991552701785880676e-17
-8.687069321877617829e-17
-9.570694754197793985e-17
-1.059419973682313733e-16
-1.167452805706393343e-16
-1.272872144041499410e-16
-1.368454650532124873e-16
-1.451647579633482082e-16
-1.524844858212748505e-16
-1.591037836062711907e-16
-1.655987131318089581e-16
-1.727787864325570476e-16
-1.813328398179802183e-16
-1.917581080978963460e-16
-2.043117716509155178e-16
-2.190310866918271219e-16
-2.356554450055626517e-16
-2.536758856699406796e-16
-2.724146102735903541e-16
-2.910357825860288928e-16
-3.087214334780046584e-16
-3.248258591459138572e-16
-3.389425367146336283e-16
-3.510046564604492889e-16
-3.613008183903581401e-16
-3.703193634682318876e-16
-3.787139893711140379e-16
-3.869249944128992169e-16
-3.951059297850568683e-16
-4.034520365819291082e-16
-4.119060871400170680e-16
-4.197892110218760277e-16
-4.262905859387468082e-16
-4.309585051017264523e-16
-4.334619109773365370e-16
-4.332274681394043076e-16
-4.298812380114965925e-16
-4.236618985962818922e-16
-4.149652260383647788e-16
-4.039771705394471727e-16
-3.909842939334970445e-16
-3.765743047370108702e-16
-3.613143444477346072e-16
-3.451942222005216021e-16
-3.279318230843769697e-16
-3.095912039659368164e-16
-2.900220429668431054e-16
-2.686071442361230707e-16
-2.448032949567906886e-16
-2.183359902794865617e-16
-1.890746680163253200e-16
-1.566281709992428878e-16
-1.206135344569619146e-16
-8.118816093388389089e-17
-3.853473823137482817e-17
7.216293885410561527e-18
5.562830647577493744e-17
1.059628092324432075e-16
1.573694704118782099e-16
2.088712044221976072e-16
2.593827172125073247e-16
3.081159637393954438e-16
3.543579540195106571e-16
3.972713695147124871e-16
4.363709397555630247e-16
4.717377416769822675e-16
5.038327200209541650e-16
5.330751560963695960e-16
5.600220799451666696e-16
5.858541496166994739e-16
6.117044834361574489e-16
6.379407995817673680e-16
6.646959763471297494e-16
6.922244941933353071e-16
7.207242411926863268e-16
7.495992767272302050e-16
7.779601632627907229e-16
8.059986478828025727e-16
8.336064162491356108e-16
8.602065330455912519e-16
8.858839133251317395e-16
9.105703709355031025e-16
9.346770344934788970e-16
9.581777518568126463e-16
9.803222635924738540e-16
1.001727739081655685e-15
1.022274534920558468e-15
1.041250402279659745e-15
1.058967261041785912e-15
1.075055910721052499e-15
1.090205942015642915e-15
1.104919645463278959e-15
1.118621038659827708e-15
1.132679032727170517e-15
1.146954608382839275e-15
1.160837372509218850e-15
1.175042326792910281e-15
1.188200242474676989e-15
1.200447174221671697e-15
1.211576869511237983e-15
1.219565131357674883e-15
1.225225958423293779e-15
1.227609191499512160e-15
1.225459421879380745e-15
1.219563649050017188e-15
1.208606219086098745e-15
1.193257240928021976e-15
1.173697132593552045e-15
1.148036587093838237e-15
1.117444404016973078e-15
1.081185147006503023e-15
1.037358603524381456e-15
9.853644389692418903e-16
9.235533743136617978e-16
8.518775521961213099e-16
7.686587356503136407e-16
6.709871018046242516e-16
5.591315306802471796e-16
4.326385684828257553e-16
2.895918031691971243e-16
1.283508495578849270e-16
-5.049549526492824075e-17
-2.462505036867338641e-16
-4.602956500485567547e-16
-6.927232907201496832e-16
-9.432244439642220417e-16
-1.209423923517554365e-15
-1.491042896721822379e-15
-1.791244290481192047e-15
-2.105733012478373627e-15
-2.433980937670754061e-15
-2.778591845338193068e-15
-3.136619754890140194e-15
-3.510239211660434039e-15
-3.894984446192913119e-15
-4.287967923170387524e-15
-4.694300639396589703e-15
-5.104743582999343374e-15
-5.519211203650975853e-15
-5.939539021748187209e-15
-6.355960323892661731e-15
-6.773093980745777121e-15
-7.183467044130382312e-15
-7.579845429160451953e-15
-7.969009634578756718e-15
-8.338069512993980664e-15
-8.689307818198974132e-15
-9.024221257411535468e-15
-9.327128709679145813e-15
-9.606575043373706546e-15
-9.854178867482136367e-15
-1.005892790665718212e-14
-1.022802278798345260e-14
-1.034750271442430244e-14
-1.042260827882439400e-14
-1.045425766489855093e-14
-1.042363657682236072e-14
-1.034335902924633441e-14
-1.020772957263313407e-14
-1.000533952021619155e-14
-9.743726618193122857e-15
-9.413192339317866253e-15
-9.023418270177538392e-15
-8.576400867428817659e-15
-8.057456814931050759e-15
-7.481540479368012364e-15
-6.848600615246393589e-15
-6.151182062080935709e-15
-5.394350923929166694e-15
-4.576395347204685604e-15
-3.707651674962836666e-15
-2.790003284961839816e-15
-1.818514939734517874e-15
-8.050902050468723356e-16
2.431797974947002118e-16
1.324323095779652952e-15
2.435386588846722572e-15
3.566657958694674849e-15
4.710043593754258129e-15
5.863906602854903477e-15
7.019840607511585590e-15
8.175675509313438949e-15
9.320695494444749402e-15
1.044424234733021609e-14
1.154840485121776811e-14
1.261556980300219954e-14
1.364442853678000250e-14
1.463366137521935478e-14
1.556083549774517349e-14
1.643648121795772410e-14
1.724953459149997093e-14
1.798337174974910108e-14
1.864670696766646679e-14
1.922076321887733474e-14
1.971478502096803836e-14
2.013010899192934494e-14
2.043852046428821373e-14
2.066147986479627968e-14
2.079233798481759654e-14
2.081375944805365780e-14
2.073803470256912335e-14
2.055145367307973508e-14
2.027157196445028564e-14
1.990245194669580664e-14
1.942020051444014878e-14
1.885155002749865777e-14
1.819808951968038269e-14
1.744950212968776615e-14
1.661877287260221658e-14
1.570417718934312423e-14
1.472539165527520649e-14
1.368878595816181570e-14
1.258522569469976149e-14
1.143691159843657906e-14
1.025325844058099997e-14
9.035062432103443258e-15
7.789641937668186078e-15
6.526233428048562948e-15
5.256930839665470770e-15
3.985113410461980574e-15
2.718473681906819102e-15
1.462329220963730445e-15
2.285250422462371464e-16
-9.710588995230640119e-16
-2.138544951272637086e-15
-3.255344127942039201e-15
-4.321900910070342050e-15
-5.337836038655412521e-15
-6.277678385940366548e-15
-7.156628805196629806e-15
-7.963771582832936125e-15
-8.678844420201541759e-15
-9.315310905999053814e-15
-9.851226957660955130e-15
-1.030254644074878045e-14
-1.067336645362839884e-14
-1.092613463761623813e-14
-1.109483395455614085e-14
-1.117225784813286743e-14
-1.113337988288684230e-14
-1.099920308777818309e-14
-1.074996194898271071e-14
-1.041406256341954537e-14
-9.999445864969196129e-15
-9.465826119627301222e-15
-8.859229403681764814e-15
-8.178417354963701119e-15
-7.398122133623567104e-15
-6.540555908153685913e-15
-5.591244579551376062e-15
-4.582647720904843222e-15
-3.521543713374489931e-15
-2.371807872309341161e-15
-1.180762552043955384e-15
4.622169457660561223e-17
1.329566017964920258e-15
2.650931486450998006e-15
4.013801569352536472e-15
5.387144791130400734e-15
6.767972396030203994e-15
8.182114653778466140e-15
9.591240358896614693e-15
1.098505424942724726e-14
1.237824387667575340e-14
1.376481987067209797e-14
1.513580622327422714e-14
1.646914450246974443e-14
1.776901650991924431e-14
1.904555614780367723e-14
2.027859047945123477e-14
2.145308128191636410e-14
2.257433775771245515e-14
2.365079804906005528e-14
2.465924667694081862e-14
2.559032900948526867e-14
2.645606783234673298e-14
2.724474020953521203e-14
2.795916337263327361e-14
2.857764141972994609e-14
2.909175653739541623e-14
2.953031631616580277e-14
2.985296471830212184e-14
3.006697267462360434e-14
3.019275367915907893e-14
3.019180500225815411e-14
3.009876351519995274e-14
2.988583637291916673e-14
2.952598289560764977e-14
2.907032321569809341e-14
2.845983268929402898e-14
2.772357640494754055e-14
2.689019254660529601e-14
2.588858794493834742e-14
2.479202078548882471e-14
2.356911866195632310e-14
2.217142790162610760e-14
2.067432935460612742e-14
1.900002982095465309e-14
1.720423696354670545e-14
1.532178924750285387e-14
1.324169147541489483e-14
1.108237833506676637e-14
8.810017636479237219e-15
6.349817640959173545e-15
3.799478093258201739e-15
1.067216409035977136e-15
-1.761596337382278620e-15
-4.647362308624492649e-15
-7.736987828568017006e-15
-1.086504662146025799e-14
-1.406085619167158143e-14
-1.742288157822145800e-14
-2.083748822903803977e-14
-2.440079998407458650e-14
-2.799841318534314338e-14
-3.159277716822603277e-14
-3.535771325789520414e-14
-3.909324713989928424e-14
-4.281830830654351217e-14
-4.664459668664820702e-14
-5.045901644109597461e-14
-5.434361118115786649e-14
-5.816664017848152679e-14
-6.189929753659673128e-14
-6.571745778853957387e-14
-6.941313030004586659e-14
-7.298937116598930297e-14
-7.655430922428457796e-14
-8.001634972014740055e-14
-8.342469510341787853e-14
-8.665299516341998243e-14
-8.968897808681389194e-14
-9.267322423778950879e-14
-9.543448388320274756e-14
-9.795443400633860320e-14
-1.003116589359115407e-13
-1.024672425901929085e-13
-1.044212188505005967e-13
-1.060835447264096842e-13
-1.074676033384867890e-13
-1.086362106501002900e-13
-1.095083293251204737e-13
-1.100426377082484863e-13
-1.102644722490025986e-13
-1.102105399671850228e-13
-1.098167441856111315e-13
-1.090695459296520120e-13
-1.080106598778940441e-13
-1.065823522646523747e-13
-1.048434071764664521e-13
-1.027381169504612557e-13
-1.002083886789822964e-13
-9.737892594065614138e-14
-9.411940763435003299e-14
-9.051593296508647635e-14
-8.664030322173832399e-14
-8.230623214228183215e-14
-7.774121244755877180e-14
-7.288572821456326678e-14
-6.759493003305125369e-14
-6.207953937150886836e-14
-5.615660388959275995e-14
-5.001187791263579652e-14
-4.373490298755812467e-14
-3.701207363596831224e-14
-3.022108523717884077e-14
-2.330521877097566780e-14
-1.604770495362926180e-14
-8.718098468076147800e-15
-1.109774097163111761e-15
6.509774730850464639e-15
1.404522843379473959e-14
2.189215097452099773e-14
2.958235124418152895e-14
3.716791753386773645e-14
4.490318842665166899e-14
5.250563777704254920e-14
6.017694751791341501e-14
6.762204863989054737e-14
7.475664781219498733e-14
8.197997537979020977e-14
8.882694249199782344e-14
9.533616029868546837e-14
1.017466886026226203e-13
1.078192101030238381e-13
1.137173309077171846e-13
1.191806527599259535e-13
1.241485890869989395e-13
1.289571205896622441e-13
1.332454518899670037e-13
1.370426531586629859e-13
1.405231318677216401e-13
1.435381625841322673e-13
1.461941868561786317e-13
1.483255521444321046e-13
1.499103304599541664e-13
1.511335409034794686e-13
1.518245165005316366e-13
1.519993305483177681e-13
1.517330098371738600e-13
1.509946410526569194e-13
1.498119662178554190e-13
1.481556305589493139e-13
1.460400810698869734e-13
1.434735576871792873e-13
1.405080072474154673e-13
1.371476445865410509e-13
1.333486137266789995e-13
1.291975017638294365e-13
1.246392447801572545e-13
1.197787799934318942e-13
1.146644221629647409e-13
1.091365564001751942e-13
1.034439325647493191e-13
9.758014708760587297e-14
9.140337277205659583e-14
8.508872182148505270e-14
7.851694554944499416e-14
7.188938029936697838e-14
6.527359897165116442e-14
5.838537119051689928e-14
5.159430486469628041e-14
4.487362358866070489e-14
3.801898574608275627e-14
3.125566821961418829e-14
2.442310913783937026e-14
1.776567581197527335e-14
1.135628507328628398e-14
4.856505331213420082e-15
-1.333555119630014385e-15
-7.256619350554105452e-15
-1.312641960865600435e-14
-1.872127974834273539e-14
-2.421989915752948558e-14
-2.939875177066647582e-14
-3.418988860472496616e-14
-3.891144676436419925e-14
-4.322245483073285099e-14
-4.717848832956617056e-14
-5.095888785272041643e-14
-5.438211052267646894e-14
-5.761031571498848036e-14
-6.048183194507991689e-14
-6.294564750073533554e-14
-6.524469820749084770e-14
-6.715441191410681521e-14
-6.873332876163387728e-14
-7.009845449327395395e-14
-7.112970694216069756e-14
-7.195439854839821847e-14
-7.248841555219237565e-14
-7.269934030858585250e-14
-7.272645213916156814e-14
-7.247139357808435323e-14
-7.198555580833002066e-14
-7.131644721384416963e-14
-7.041002709259197578e-14
-6.934781389541719299e-14
-6.812192682777856723e-14
-6.671314162990521490e-14
-6.516094358966634248e-14
-6.347334902687476466e-14
-6.168634667739342214e-14
-5.979147298801334998e-14
-5.778431661114524776e-14
-5.569804058074001585e-14
-5.357038190866372784e-14
-5.139659043414818163e-14
-4.914402828366977449e-14
-4.688628567968596006e-14
-4.464219724681188495e-14
-4.236794088848840067e-14
-4.009142125812985291e-14
-3.780348701177410620e-14
-3.556366084869061472e-14
-3.337803124170424240e-14
-3.117190004926252700e-14
-2.904297421589714656e-14
-2.699203978818315308e-14
-2.496078193583387700e-14
-2.299432888021313293e-14
-2.105714758918360296e-14
-1.921017530703665599e-14
-1.746544837195277561e-14
-1.573682861539388300e-14
-1.411862299164137746e-14
-1.259783208605374724e-14
-1.111863134520925042e-14
-9.727158653744828742e-15
-8.376753507695084561e-15
-7.116780140193051246e-15
-5.962333525391747685e-15
-4.836165105534528941e-15
-3.812787945474882187e-15
-2.873142956866638412e-15
-1.973234401396462001e-15
-1.155270777858981995e-15
-3.724179934741728235e-16
3.405703487507991817e-16
9.690661486355298636e-16
1.574391362248119160e-15
2.103679169339518762e-15
2.577318394103968527e-15
3.026242256258721876e-15
3.416372079236896543e-15
3.786933958825839178e-15
4.114663711612736793e-15
4.385303867271168193e-15
4.640595785925351671e-15
4.845375741802972203e-15
5.016409905061981409e-15
5.173549763370704699e-15
5.291628697316795929e-15
5.401950927048405904e-15
5.491919378573968669e-15
5.550505259403759606e-15
5.604900021210536265e-15
5.632260032439797420e-15
5.644150257436879661e-15
5.650696551569734521e-15
5.632664914188584976e-15
5.611348906554456881e-15
5.579952783331528984e-15
5.531141662713052673e-15
5.482606251318907636e-15
5.422070924161010927e-15
5.358599357291457185e-15
5.297375392347442730e-15
5.224729188109704034e-15
5.154194637009470309e-15
5.081401472555382992e-15
5.000508555543176428e-15
4.921264388162800360e-15
4.836187551907631180e-15
4.750844323790550522e-15
4.667595384635556122e-15
4.577521053991586569e-15
4.489489766816394389e-15
4.402213609513679418e-15
4.311834770525171945e-15
4.223327450833622848e-15
4.132967670086428597e-15
4.044082150183930455e-15
3.955875103672183007e-15
3.861159032477259889e-15
3.764809034727083226e-15
3.666405405596288511e-15
3.563764917663327786e-15
3.460455273702036164e-15
3.356377582615821704e-15
3.255645883429498545e-15
3.158647905474672342e-15
3.061529860599572841e-15
2.967291092470427522e-15
2.875348842419525423e-15
2.782298037998904260e-15
2.687811300974450243e-15
2.591547065310183078e-15
2.495536304255381761e-15
2.399507967266924918e-15
2.301689214386209298e-15
2.205116658729141567e-15
2.110919183456174894e-15
2.017992257604089672e-15
1.926375691721406852e-15
1.835935442844223442e-15
1.747308585627993082e-15
1.659066069611579361e-15
1.569028902538170591e-15
1.478004942081210561e-15
1.386378000044923876e-15
1.293642186001562906e-15
1.200371153014655624e-15
1.107572976170553055e-15
1.016508887527716853e-15
9.275127239464836179e-16
8.407544743514554480e-16
7.572672013009273690e-16
6.779034434563108343e-16
6.031937610799422561e-16
5.334856494384327113e-16
4.690393064652668802e-16
4.093967255639966015e-16
3.539741951548452557e-16
3.026739358719641743e-16
2.549133743360996107e-16
2.106794477110181273e-16
1.709365956513973512e-16
1.363996610251607083e-16
1.074585105986166917e-16
8.371583297994383117e-17
6.534423098447989160e-17
5.293925480092835168e-17
4.545829951544777363e-17
4.276667696325737306e-17
4.560574611399657592e-17
5.386093583538188745e-17
6.765989333082004066e-17
8.611500086348243348e-17
1.087696051044030414e-16
1.358685448974526603e-16
1.662177089277946398e-16
1.997309248279356556e-16
2.371164444906783113e-16
2.783132947787100983e-16
3.238517977263510135e-16
3.732733908717812601e-16
4.258619872674361323e-16
4.812017466757729720e-16
5.378986910936276161e-16
5.955480181815513141e-16
6.536099561939062632e-16
7.110041675460288067e-16
7.684392482378563701e-16
8.260210773877957411e-16
8.826110309565003264e-16
9.371966398742052201e-16
9.891415706392856291e-16
1.038456358224023029e-15
1.084054153477971745e-15
1.124672559672367650e-15
1.161421719363705911e-15
1.195276461595157821e-15
1.225608393798979096e-15
1.251782029506492196e-15
1.274423008428362831e-15
1.294385351533660147e-15
1.310400626983870831e-15
1.320914211683428020e-15
1.326646613033089905e-15
1.328071004813016417e-15
1.323703914695210059e-15
1.312356849575554638e-15
1.294642849549625455e-15
1.271596247725138417e-15
1.242815868122450207e-15
1.207963003441777511e-15
1.168556066120192069e-15
1.125743950471525933e-15
1.079177890679747145e-15
1.028718867462387592e-15
9.750313781665682737e-16
9.191095218350105178e-16
8.610948588490241994e-16
8.010043828071136077e-16
7.401985345016875561e-16
6.792934245227551411e-16
6.180741182599505841e-16
5.567162162311515422e-16
4.946098547143349192e-16
4.316398372286741301e-16
3.680531268178530071e-16
3.037142776196496670e-16
2.392978719672133551e-16
1.746972631185288345e-16
1.105046528351799693e-16
4.830320525258915065e-17
-1.246749863015136052e-17
-7.139837250520040157e-17
-1.271971112743857648e-16
-1.796650981192855052e-16
-2.282007080367775545e-16
-2.736754452853579819e-16
-3.159378365512560769e-16
-3.536533814260726894e-16
-3.885340129055475655e-16
-4.209291585502027058e-16
-4.495975709851757381e-16
-4.745744550173369193e-16
-4.956711340576853541e-16
-5.140759953312188258e-16
-5.297790332612478930e-16
-5.417303505096508504e-16
-5.515958491254400933e-16
-5.596124865756100120e-16
-5.647623939553569547e-16
-5.670415478581814633e-16
-5.660744479906538659e-16
-5.626210946646980834e-16
-5.570114601528288693e-16
-5.491619528910640646e-16
-5.406121082005975638e-16
-5.319220266178012729e-16
-5.228383394123277492e-16
-5.131942869726863025e-16
-5.023642295882112252e-16
-4.899552498504949286e-16
-4.755137616162827350e-16
-4.590357944186343898e-16
-4.408579644447446723e-16
-4.214374312581144894e-16
-4.016783231205990016e-16
-3.821621546202678878e-16
-3.630328684185951758e-16
-3.437860034559317261e-16
-3.245635700998406427e-16
-3.062992104164329781e-16
-2.884692727558483627e-16
-2.714488603648224432e-16
-2.564597917999899461e-16
-2.436191164267495751e-16
-2.332424334272923620e-16
-2.243972124662505256e-16
-2.163513788491799351e-16
-2.092857476405397821e-16
-2.015927032460006077e-16
-1.929439277542727648e-16
-1.839857999483398903e-16
-1.746324915678434822e-16
-1.657168477581713313e-16
-1.570887451643124136e-16
-1.492173870994864082e-16
-1.434906370477694862e-16
-1.392294260483699147e-16
-1.366317215829287849e-16
-1.364602371157791916e-16
-1.385647169430121025e-16
-1.430817186575926718e-16
-1.492757397286183490e-16
-1.570311601587889220e-16
-1.668002690721585857e-16
-1.776862041613728451e-16
-1.893796792866756732e-16
-2.025166044332182358e-16
-2.176704606109610969e-16
-2.348152677312251909e-16
-2.538375101441886408e-16
-2.754528645158323260e-16
-3.000149935714145188e-16
-3.273438234003048751e-16
-3.570021261830425658e-16
-3.891741845252146047e-16
-4.246612651251439581e-16
-4.628838650980106762e-16
-5.040535309223915204e-16
-5.486644269136705700e-16
-5.959297653429669866e-16
-6.462489222449111729e-16
-6.987247838492424180e-16
-7.524391135015778571e-16
-8.080527027798942510e-16
-8.642316336109436871e-16
-9.214945548562418140e-16
-9.801977497492274718e-16
-1.038669598768494299e-15
-1.098244072926849411e-15
-1.158188806362273060e-15
-1.217101853667940971e-15
-1.275683393453877230e-15
-1.332446247622940099e-15
-1.388372656756589347e-15
-1.443153771466432374e-15
-1.493623911991224639e-15
-1.541483708730815964e-15
-1.585970937911795886e-15
-1.624123737075852929e-15
-1.655427851344885327e-15
-1.678765514865872624e-15
-1.696138372372295137e-15
-1.706193606368269344e-15
-1.704579055691684240e-15
-1.694233077636564996e-15
-1.675581941533617336e-15
-1.644158289739903675e-15
-1.597580477365981733e-15
-1.535737437216642791e-15
-1.461271488570846638e-15
-1.371372493746958725e-15
-1.261479286203133054e-15
-1.135476676672833064e-15
-9.956519717510005883e-16
-8.383449303143129805e-16
-6.609314442921764184e-16
-4.657414366246914652e-16
-2.558180319935468051e-16
-2.791023192039672799e-17
2.207708658957078531e-16
4.876240034214142805e-16
7.695436733219575710e-16
1.068093829290214184e-15
1.385919014066630452e-15
1.718261920042511801e-15
2.063043610727940957e-15
2.421864766634991735e-15
2.791745843492578726e-15
3.173051700742731719e-15
3.562316914839996559e-15
3.956148271797672519e-15
4.356057090151898084e-15
4.755671988073426407e-15
5.156166529710678320e-15
5.555901706310716753e-15
5.943582757038379238e-15
6.324941130331261999e-15
6.697467067566650542e-15
7.051421807433488551e-15
7.387318228381338503e-15
7.699310956041198473e-15
7.994590876618783842e-15
8.269799504478231311e-15
8.507382081787695505e-15
8.721117293500162126e-15
8.911913158935087786e-15
9.065559853369334342e-15
9.181761762304310043e-15
9.256653027368746262e-15
9.301815977083398301e-15
9.311466223451466545e-15
9.264477070702534234e-15
9.178674327211568118e-15
9.056992115107857094e-15
8.884276167932074475e-15
8.660754337547031667e-15
8.385802360670602251e-15
8.073258214562079732e-15
7.719311097991767012e-15
7.308599221428260101e-15
6.858823455886805739e-15
6.375072351798034137e-15
5.849157641660837972e-15
5.284123561887649201e-15
4.683450570858735743e-15
4.057477976244757215e-15
3.407191512638080809e-15
2.730972500076503558e-15
2.037371312646083996e-15
1.330182340313166168e-15
6.123500813606428360e-16
-1.128675769729989482e-16
-8.407485980603838713e-16
-1.572023375764951356e-15
-2.302803909744795957e-15
-3.018811024454223085e-15
-3.727628947023829339e-15
-4.428223450225017219e-15
-5.105605862539648251e-15
-5.758816072122009688e-15
-6.381640245271043982e-15
-6.987179864098407023e-15
-7.570988852663960988e-15
-8.105626731608455565e-15
-8.615561741679225727e-15
-9.102543005912351604e-15
-9.544183443511902037e-15
-9.945198486895241718e-15
-1.029803175513991503e-14
-1.062462902487633365e-14
-1.092323100867305039e-14
-1.116160810288703911e-14
-1.137398552078505709e-14
-1.156210815023844818e-14
-1.170400310956248857e-14
-1.181166777342208818e-14
-1.187588388225227845e-14
-1.191921215860317768e-14
-1.194494756063960508e-14
-1.192676599842679153e-14
-1.189639309100414682e-14
-1.185263198081720065e-14
-1.178104075611526719e-14
-1.169742589872705893e-14
-1.159043632012642100e-14
-1.147366096988615414e-14
-1.135294945753999654e-14
-1.121322967882450519e-14
-1.107142958719055728e-14
-1.092136838322203818e-14
-1.075794523451058249e-14
-1.059386563526500472e-14
-1.041885168770332118e-14
-1.023411380190715828e-14
-1.004493915753327735e-14
-9.849463435064771677e-15
-9.646155198933005492e-15
-9.426380642306615709e-15
-9.193405924230214910e-15
-8.951228193181896137e-15
-8.693071185583624988e-15
-8.409547235280982053e-15
-8.102545225746344421e-15
-7.781410471486768787e-15
-7.431498619877175554e-15
-7.047517409063119853e-15
-6.637970202802087605e-15
-6.197434296165756779e-15
-5.727533027797540241e-15
-5.215544386346152028e-15
-4.659629886799576681e-15
-4.075271597367728302e-15
-3.444165559576915087e-15
-2.768217809316696025e-15
-2.059159541148306363e-15
-1.307549196446057636e-15
-5.246272200573696282e-16
2.978013788428838116e-16
1.161612090018601315e-15
2.048124607669714152e-15
2.971243136444079273e-15
3.922223331710716909e-15
4.888508353543055684e-15
5.879024023381024602e-15
6.877158331063072325e-15
7.885424423343702360e-15
8.903207354303208088e-15
9.911019013407636191e-15
1.091541543566873496e-14
1.190377159500767903e-14
1.286224951416517492e-14
1.379415092756961989e-14
1.468260293891170826e-14
1.552696773238215755e-14
1.632428153969852497e-14
1.705763419510182566e-14
1.773208417935306230e-14
1.833914083418895780e-14
1.886731331064706030e-14
1.931795177924529316e-14
1.968082238791492994e-14
1.995853569219940837e-14
2.014891312335839041e-14
2.023920683553569883e-14
2.023706723031093446e-14
2.014048345146731561e-14
1.994234889257737869e-14
1.964624819707390391e-14
1.924889657118743908e-14
1.875816295099797665e-14
1.817633601952899775e-14
1.749717483802513268e-14
1.673294783169441274e-14
1.588771059428829152e-14
1.496041788714985721e-14
1.395916903932075542e-14
1.288661187579410311e-14
1.175414068377636512e-14
1.057075772943096015e-14
9.338810988087677123e-15
8.072772864683303018e-15
6.779167630494064081e-15
5.463877082305694174e-15
4.139231478731374148e-15
2.808535730573053467e-15
1.480434867848646335e-15
1.659898438300934321e-16
-1.127857085916688599e-15
-2.392943673683940904e-15
-3.625874879070170240e-15
-4.817668870581810411e-15
-5.957320784409896736e-15
-7.044101748703316887e-15
-8.076702250525615717e-15
-9.046176351404366933e-15
-9.943043635077426778e-15
-1.076853653448305026e-14
-1.152298285137182479e-14
-1.219705336486269151e-14
-1.278563538408602346e-14
-1.328941246463025486e-14
-1.371400212900157622e-14
-1.405590443706193279e-14
-1.430588334155446367e-14
-1.447474952398497550e-14
-1.456674069018858153e-14
-1.457643413523695974e-14
-1.450799387309881228e-14
-1.436250918814430816e-14
-1.415081109066998813e-14
-1.387649947070168296e-14
-1.353282940488040667e-14
-1.313568106690128287e-14
-1.268895165535462860e-14
-1.219075143973511952e-14
-1.165239508615217856e-14
-1.107233760651001389e-14
-1.046140069374274645e-14
-9.827793791175164911e-15
-9.167531608790437797e-15
-8.495620182282122290e-15
-7.812923485256417777e-15
-7.119760002101491875e-15
-6.428961858451773606e-15
-5.735290155528495123e-15
-5.045111616479693376e-15
-4.366553098917799747e-15
-3.696831676094610233e-15
-3.045776318330063737e-15
-2.411931611262540555e-15
-1.797544733301106347e-15
-1.214232529559117028e-15
-6.562921919005054120e-16
-1.261253498983130579e-16
3.705577238335451681e-16
8.359895434462355848e-16
1.267453938975709668e-15
1.669225806297421066e-15
2.040047936759407585e-15
2.373231946451912454e-15
2.674243527225330860e-15
2.944124529604785594e-15
3.180068098161312716e-15
3.383182999022868107e-15
3.555134075447280093e-15
3.700090635359171154e-15
3.817563517231501932e-15
3.905784539786879075e-15
3.967926264929243566e-15
4.006540802928672609e-15
4.021588766753118882e-15
4.013071003435529638e-15
3.984756386074712886e-15
3.939317727135729572e-15
3.876705475191165318e-15
3.798871617667967659e-15
3.706815229927423044e-15
3.603566572338333732e-15
3.491082291008857155e-15
3.369008326167041018e-15
3.241457446288278574e-15
3.109337670692026434e-15
2.972605377181501002e-15
2.834325342718105149e-15
2.693168149091123252e-15
2.550824474063274894e-15
2.409022053088722033e-15
2.266130135985763329e-15
2.124850969614376812e-15
1.984343026741465336e-15
1.844206084299451244e-15
1.707436415460128216e-15
1.572071550763826445e-15
1.439444296553050572e-15
1.311539039264980611e-15
1.187314034253612177e-15
1.069138856188889177e-15
9.562733041540297588e-16
8.487794762519795030e-16
7.493516254692767289e-16
6.559759839133835410e-16
5.690050231694761349e-16
4.893766204684018347e-16
4.154929805040634113e-16
3.477849783488172865e-16
2.845624391657563092e-16
2.253246076643755777e-16
1.716516370426677900e-16
1.219683504212053671e-16
7.647996138379536458e-17
3.622990533361422334e-17
6.689012050034426508e-19
-2.996120639688725884e-17
-5.670655294785006007e-17
-7.994240707904432994e-17
-9.903707742644292291e-17
-1.150563630482632636e-16
-1.280822739391563095e-16
-1.378281159162560816e-16
-1.447899591190779812e-16
-1.491018332766352004e-16
-1.515006967577083833e-16
-1.521058620938521783e-16
-1.504491847630309745e-16
-1.469201278674143389e-16
-1.414320425834761168e-16
-1.336742928127005944e-16
-1.239920444810938991e-16
-1.127707240494363393e-16
-1.007329432659644390e-16
-8.865954077659355509e-17
-7.701441270373322640e-17
-6.616187585893140797e-17
-5.593143177432866975e-17
-4.623700403538274367e-17
-3.725845148576470986e-17
-2.856863129204198568e-17
-2.006699965075875062e-17
-1.230887847588819193e-17
-5.644220174050975093e-18
-9.598188299054495954e-20
4.775753736354506978e-18
8.836798608044821454e-18
1.156580145211649334e-17
1.351421049573412408e-17
1.470468221587554108e-17
1.416815301823894606e-17
1.119529815676725416e-17
5.380258155188872156e-18
-3.167350252491591569e-18
-1.487183060225413138e-17
-3.029200254129211503e-17
-4.852057177395583526e-17
-6.894438570810668501e-17
-9.158015008339578521e-17
-1.160002224493005712e-16
-1.417126222472541038e-16
-1.680094747788131036e-16
-1.946680236137394906e-16
-2.216855555996240907e-16
-2.485866205552612245e-16
-2.752311536418885129e-16
-3.015433057060572936e-16
-3.273240240051628058e-16
-3.525540385396550144e-16
-3.773309698567049774e-16
-4.012505185426763765e-16
-4.234371436976838840e-16
-4.439308676284852654e-16
-4.625172586505271743e-16
-4.782640775960174482e-16
-4.908888389770467778e-16
-5.004175361171840294e-16
-5.077968342141042906e-16
-5.130636321405723267e-16
-5.151956140688114007e-16
-5.155647616151366654e-16
-5.144168202133702749e-16
-5.102491534150831003e-16
-5.026584147187044844e-16
-4.910338404297048733e-16
-4.762148401988132787e-16
-4.578470366167221826e-16
-4.343577806679559681e-16
-4.077810896264478287e-16
-3.786512030538988129e-16
-3.464771859480362485e-16
-3.126010296648865658e-16
-2.769454159782332083e-16
-2.410343159788642725e-16
-2.053132822319253211e-16
-1.683559509589095150e-16
-1.316554427224791730e-16
-9.473483165121582088e-17
-5.669977006682712524e-17
-1.860182621227214844e-17
2.036355217216513657e-17
5.933327490917955009e-17
9.741647178777393151e-17
1.350408613590872004e-16
1.710029818586384070e-16
2.056572570178493722e-16
2.389606734448673385e-16
2.697156986058421363e-16
2.986429325457605607e-16
3.256337168193576461e-16
3.497619003081496201e-16
3.704331305809599809e-16
3.877068322929945379e-16
4.021370179313168069e-16
4.129674723624859097e-16
4.195975698175597422e-16
4.225760552974610826e-16
4.228493028322893995e-16
4.199812228031067369e-16
4.126331590461164781e-16
4.021584319830145797e-16
3.889135101356970938e-16
3.717347555230938235e-16
3.511073062657446694e-16
3.268718142904474162e-16
3.006082342718477494e-16
2.729359061130661726e-16
2.424424288443357417e-16
2.115791290499002028e-16
1.803451596968123015e-16
1.475169684578734003e-16
1.143555359286389361e-16
7.940966305989077757e-17
4.383808430602790726e-17
8.343893261553048005e-18
-2.892328994275777162e-17
-6.547100799388221883e-17
-1.017453660136150419e-16
-1.383154377936131221e-16
-1.727056371966277583e-16
-2.066046104297941037e-16
-2.389436798463630491e-16
-2.684323907511926679e-16
-2.965531699159861933e-16
-3.214752879741514637e-16
-3.441960468117416126e-16
-3.649638123707593619e-16
-3.813441854910162507e-16
-3.950753042500577050e-16
-4.056889447165093086e-16
-4.120742496498266483e-16
-4.152561818557466309e-16
-4.146996018000617505e-16
-4.118534122786096912e-16
-4.069341890280915369e-16
-3.985192343344752834e-16
-3.879834944293914737e-16
-3.753796971138066881e-16
-3.598028670929185116e-16
-3.412154437494721365e-16
-3.198775720773930397e-16
-2.967012153932984840e-16
-2.717353692592312103e-16
-2.451056327794012705e-16
-2.175242018437719208e-16
-1.897873271274316061e-16
-1.619820545006005067e-16
-1.333958042615111415e-16
-1.049652161788144553e-16
-7.667743917451382419e-17
-4.785975703492192273e-17
-1.927221473971574972e-17
9.716108142800940933e-18
3.826985514690064744e-17
6.583887837334170172e-17
9.365030522393019566e-17
1.201378328128500190e-16
1.458155704344151296e-16
1.712079770667637485e-16
1.944370615518248844e-16
2.168715100183532789e-16
2.376380050279501468e-16
2.556756510490692776e-16
2.724259128694802787e-16
2.864557166215472806e-16
2.989488702583969733e-16
3.106369190788814535e-16
3.196104920012119181e-16
3.277735073325792206e-16
3.345032635078534419e-16
3.386848269404315074e-16
3.416330309924685065e-16
3.420889729461077354e-16
3.412406165098733502e-16
3.395770173316863027e-16
3.352662019653131513e-16
3.299421499055666448e-16
3.230458723468181484e-16
3.133680974079641399e-16
3.016315824210289527e-16
2.869145173113834928e-16
2.701874165481239765e-16
2.521068894840500967e-16
2.321143708300068458e-16
2.119336123383261275e-16
1.919891628040395581e-16
1.723676842855630933e-16
1.539741785474787496e-16
1.366191352027281780e-16
1.207903922893706523e-16
1.065107072004187313e-16
9.321837797783460631e-17
8.113484418032117294e-17
6.996500746998891352e-17
5.953715176911671993e-17
4.996077593847191175e-17
4.106570576499517971e-17
3.276473986851118363e-17
2.501127158458623571e-17
1.791165814202117917e-17
1.123620141087738883e-17
4.971402630738611849e-18
-5.924761270532901796e-19
-5.466473122483742848e-18
-9.322924382236110288e-18
-1.226151824991646833e-17
-1.427684289636718879e-17
-1.493043634865351340e-17
-1.477319924037453347e-17
-1.392903164676211682e-17
-1.238328585352917443e-17
-1.066033398484960947e-17
-8.705789742628672930e-18
-7.023819710217435176e-18
-5.563767346903148792e-18
-3.487662709812950688e-18
-1.184373124280216671e-18
1.593358309291494665e-18
5.409527113983448487e-18
1.004133074423841482e-17
1.570340023513736542e-17
2.193393967584603366e-17
2.837234795012805264e-17
3.521334337417840509e-17
4.175640819392185824e-17
4.789565667350672413e-17
5.369012634761213744e-17
5.869281873938179267e-17
6.312865087481375845e-17
6.672723064655425090e-17
6.949326967537237205e-17
7.209657911664416117e-17
7.428344613288735362e-17
7.640517102153077003e-17
7.910467164187512563e-17
8.236052070733284680e-17
8.665642697034534243e-17
9.182817853570858545e-17
9.775496071187553086e-17
1.048572922699334367e-16
1.125717904208397863e-16
1.210089135548724610e-16
1.302673939499457900e-16
1.396403958464658606e-16
1.495011431368165988e-16
1.594747972720583751e-16
1.689878904771204265e-16
1.782933150263173649e-16
1.866832690130998157e-16
1.944117564425256622e-16
2.016474162804373152e-16
2.076342054469613074e-16
2.132753787012259435e-16
2.185677596696790196e-16
2.231484741437608733e-16
2.276357105911793344e-16
2.315884692488803321e-16
2.356405425196468964e-16
2.396632608048351789e-16
2.422298235745749123e-16
2.441829227322657187e-16
2.451965564723330993e-16
2.442586263019265718e-16
2.416232685750020282e-16
2.367511880019544960e-16
2.303244313937808990e-16
2.222133233002125240e-16
2.110922571587963911e-16
1.980143993254350151e-16
1.829202722053633831e-16
1.648576519471900512e-16
1.439419864946478206e-16
1.198680395842597235e-16
9.327340864962653413e-17
6.391527316757208608e-17
3.084425478801211800e-17
-5.018918780255801694e-18
-4.346022489349123401e-17
-8.458371749607936823e-17
-1.276848169635470299e-16
-1.722958717735036897e-16
-2.176050537855653039e-16
-2.630577814124069203e-16
-3.083052226635475766e-16
-3.530365296822347452e-16
-3.972096155189017283e-16
-4.405462563201550897e-16
-4.828778660597116221e-16
-5.240632549331758743e-16
-5.643532770418331276e-16
-6.033239394560234014e-16
-6.398179304720013044e-16
-6.744569722730514930e-16
-7.072374120295889331e-16
-7.371454571828686339e-16
-7.641407677887776095e-16
-7.878826248442828174e-16
-8.091900562698199628e-16
-8.275989938894120958e-16
-8.412168484615378892e-16
-8.513541387742773556e-16
-8.579694660923334413e-16
-8.595539470992910169e-16
-8.563028228894921986e-16
-8.479122733326687096e-16
-8.357823909510727050e-16
-8.199684975840717312e-16
-7.989665274151381679e-16
-7.748487465497296608e-16
-7.478496772351172443e-16
-7.170106899332458639e-16
-6.831734706958902774e-16
-6.458759101107640604e-16
-6.062824667221050623e-16
-5.647793346143020407e-16
-5.202955465046703396e-16
-4.744375003776777396e-16
-4.271836763025080612e-16
-3.780571153205183280e-16
-3.279646191413034722e-16
-2.762727129994356837e-16
-2.235454149586679198e-16
-1.701917095836259991e-16
-1.157221574145847454e-16
-6.111721232288081212e-17
-6.379335170836544512e-18
4.805842596572245870e-17
1.008454067420471486e-16
1.520889214349070923e-16
2.014399064432498125e-16
2.481471428045342511e-16
2.919459194878536385e-16
3.330100238311829155e-16
3.719362964249811436e-16
4.083489987478022354e-16
4.417700601102599435e-16
4.726433787162747247e-16
5.013706070015227275e-16
5.274700214470326703e-16
5.502854362164784872e-16
5.704087155817541208e-16
5.881754963482090873e-16
6.031562798720262533e-16
6.154335459864445062e-16
6.251969241925304024e-16
6.331231408755809247e-16
6.390604183193599429e-16
6.421344067640642056e-16
6.430640783632350036e-16
6.418585916606145240e-16
6.377522288718848794e-16
6.308714626039829774e-16
6.211522359902727115e-16
6.093548140404740198e-16
5.958008575163067227e-16
5.801770701064051360e-16
5.636201170864253273e-16
5.463703440551507043e-16
5.283422536244677861e-16
5.101606384720950259e-16
4.915143728085940786e-16
4.727107707751406450e-16
4.539493615703723162e-16
4.347419630490949967e-16
4.155529345548612547e-16
3.961937847871274069e-16
3.765060391754180939e-16
3.569215786437146022e-16
3.370664910853633615e-16
3.170906483924691797e-16
2.970987385433567678e-16
2.766827828250251718e-16
2.561007292396929279e-16
2.352063322550606607e-16
2.138889217226136756e-16
1.924585911103858515e-16
1.707912633264942344e-16
1.490990142451076197e-16
1.275618516024073471e-16
1.061011733878661776e-16
8.496506099335611483e-17
6.417136166777360302e-17
4.372890970006070846e-17
2.378437248462920848e-17
4.235327690852174642e-18
-1.500682647822278550e-17
-3.397388601816159778e-17
-5.270058341570475128e-17
-7.138002233049152521e-17
-9.017623929543608537e-17
-1.088091641900177774e-16
-1.269293429839349991e-16
-1.444125397666271861e-16
-1.612297171898712769e-16
-1.769497090137352310e-16
-1.910603514727058153e-16
-2.037613325840982310e-16
-2.151500876066263245e-16
-2.248677127986706877e-16
-2.327168759533006703e-16
-2.387380890681966693e-16
-2.431323371798743693e-16
-2.455318491705477937e-16
-2.454689834439937636e-16
-2.432126729609655194e-16
-2.389056163032958089e-16
-2.323480195745510242e-16
-2.235251391074930200e-16
-2.127333570243219963e-16
-2.003100174311717792e-16
-1.863658698858958684e-16
-1.711238428722997550e-16
-1.548723775787031300e-16
-1.380496812064120854e-16
-1.207579006349095694e-16
-1.025290369259477803e-16
-8.366514335200658163e-17
-6.416225606359061929e-17
-4.268133839382150230e-17
-1.786097513152883005e-17
1.083431405590727523e-17
4.326540400690029472e-17
8.131297256215079213e-17
1.275722806955704156e-16
1.811771975139222406e-16
2.417924634062160747e-16
3.114280213818373683e-16
3.908612094583491540e-16
4.796233007785645833e-16
5.760575783069930497e-16
6.804536479022567190e-16
7.941963025539979654e-16
9.147283497944560561e-16
1.041115300524572684e-15
1.174127107693402009e-15
1.312530597208860176e-15
1.456540597802194557e-15
1.604492372094695231e-15
1.755590238511535190e-15
1.911466006025599844e-15
2.069445909259762587e-15
2.229745412219981231e-15
2.392948967639861244e-15
2.556028432732968501e-15
2.720551030209960273e-15
2.884797706704383957e-15
3.046285385131363571e-15
3.206196099968792491e-15
3.361322137445418683e-15
3.513001386101430312e-15
3.660506668151609563e-15
3.797728546705647981e-15
3.927823066525015089e-15
4.049447256871839193e-15
4.156865857660261426e-15
4.248956973751643468e-15
4.322753025215279876e-15
4.381402857032588513e-15
4.421218487751224155e-15
4.432048651014817639e-15
4.419440989111411006e-15
4.383734738736379602e-15
4.315795920103006680e-15
4.211751051543498325e-15
4.070950035270836861e-15
3.898939666540117074e-15
3.690013060869213116e-15
3.433531484440610973e-15
3.137474622892156596e-15
