2.805438978117891745e-15
2.429281810637624016e-15
2.004694899123381224e-15
1.535287027446940317e-15
0.000000000000000000e+00
0.000000000000000000e+00
0.000000000000000000e+00
0.000000000000000000e+00
0.000000000000000000e+00
0.000000000000000000e+00
0.000000000000000000e+00
0.000000000000000000e+00
0.000000000000000000e+00
0.000000000000000000e+00
0.000000000000000000e+00
0.000000000000000000e+00
0.000000000000000000e+00
0.000000000000000000e+00
0.000000000000000000e+00
0.000000000000000000e+00
0.000000000000000000e+00
0.000000000000000000e+00
0.000000000000000000e+00
0.000000000000000000e+00
0.000000000000000000e+00
0.000000000000000000e+00
0.000000000000000000e+00
0.000000000000000000e+00
0.000000000000000000e+00
0.000000000000000000e+00
0.000000000000000000e+00
0.000000000000000000e+00
0.000000000000000000e+00
0.000000000000000000e+00
0.000000000000000000e+00
0.000000000000000000e+00
0.000000000000000000e+00
0.000000000000000000e+00
0.000000000000000000e+00
0.000000000000000000e+00
0.000000000000000000e+00
0.000000000000000000e+00
0.000000000000000000e+00
0.000000000000000000e+00
0.000000000000000000e+00
0.000000000000000000e+00
0.000000000000000000e+00
0.000000000000000000e+00
0.000000000000000000e+00
0.000000000000000000e+00
0.000000000000000000e+00
0.000000000000000000e+00
0.000000000000000000e+00
0.000000000000000000e+00
0.000000000000000000e+00
0.000000000000000000e+00
0.000000000000000000e+00
0.000000000000000000e+00
0.000000000000000000e+00
0.000000000000000000e+00
0.000000000000000000e+00
0.000000000000000000e+00
0.000000000000000000e+00
0.000000000000000000e+00
0.000000000000000000e+00
0.000000000000000000e+00
0.000000000000000000e+00
0.000000000000000000e+00
0.000000000000000000e+00
0.000000000000000000e+00
0.000000000000000000e+00
0.000000000000000000e+00
0.000000000000000000e+00
0.000000000000000000e+00
0.000000000000000000e+00
0.000000000000000000e+00
0.000000000000000000e+00
0.000000000000000000e+00
0.000000000000000000e+00
0.000000000000000000e+00
0.000000000000000000e+00
0.000000000000000000e+00
0.000000000000000000e+00
0.000000000000000000e+00
0.000000000000000000e+00
0.000000000000000000e+00
0.000000000000000000e+00
0.000000000000000000e+00
0.000000000000000000e+00
0.000000000000000000e+00
0.000000000000000000e+00
0.000000000000000000e+00
0.000000000000000000e+00
0.000000000000000000e+00
0.000000000000000000e+00
0.000000000000000000e+00
0.000000000000000000e+00
0.000000000000000000e+00
0.000000000000000000e+00
0.000000000000000000e+00
0.000000000000000000e+00
0.000000000000000000e+00
0.000000000000000000e+00
0.000000000000000000e+00
0.000000000000000000e+00
0.000000000000000000e+00
0.000000000000000000e+00
0.000000000000000000e+00
0.000000000000000000e+00
0.000000000000000000e+00
0.000000000000000000e+00
0.000000000000000000e+00
0.000000000000000000e+00
0.000000000000000000e+00
0.000000000000000000e+00
0.000000000000000000e+00
0.000000000000000000e+00
0.000000000000000000e+00
0.000000000000000000e+00
0.000000000000000000e+00
0.000000000000000000e+00
0.000000000000000000e+00
0.000000000000000000e+00
0.000000000000000000e+00
0.000000000000000000e+00
0.000000000000000000e+00
0.000000000000000000e+00
0.000000000000000000e+00
0.000000000000000000e+00
0.000000000000000000e+00
0.000000000000000000e+00
0.000000000000000000e+00
0.000000000000000000e+00
0.000000000000000000e+00
0.000000000000000000e+00
0.000000000000000000e+00
0.000000000000000000e+00
0.000000000000000000e+00
0.000000000000000000e+00
0.000000000000000000e+00
0.000000000000000000e+00
0.000000000000000000e+00
0.000000000000000000e+00
0.000000000000000000e+00
0.000000000000000000e+00
0.000000000000000000e+00
0.000000000000000000e+00
0.000000000000000000e+00
0.000000000000000000e+00
0.000000000000000000e+00
0.000000000000000000e+00
0.000000000000000000e+00
0.000000000000000000e+00
0.000000000000000000e+00
0.000000000000000000e+00
0.000000000000000000e+00
0.000000000000000000e+00
0.000000000000000000e+00
0.000000000000000000e+00
0.000000000000000000e+00
0.000000000000000000e+00
0.000000000000000000e+00
0.000000000000000000e+00
0.000000000000000000e+00
0.000000000000000000e+00
0.000000000000000000e+00
0.000000000000000000e+00
0.000000000000000000e+00
0.000000000000000000e+00
0.000000000000000000e+00
0.000000000000000000e+00
0.000000000000000000e+00
0.000000000000000000e+00
0.000000000000000000e+00
0.000000000000000000e+00
0.000000000000000000e+00
0.000000000000000000e+00
0.000000000000000000e+00
0.000000000000000000e+00
0.000000000000000000e+00
0.000000000000000000e+00
0.000000000000000000e+00
0.000000000000000000e+00
0.000000000000000000e+00
0.000000000000000000e+00
0.000000000000000000e+00
0.000000000000000000e+00
0.000000000000000000e+00
0.000000000000000000e+00
0.000000000000000000e+00
0.000000000000000000e+00
0.000000000000000000e+00
0.000000000000000000e+00
0.000000000000000000e+00
0.000000000000000000e+00
0.000000000000000000e+00
0.000000000000000000e+00
0.000000000000000000e+00
0.000000000000000000e+00
0.000000000000000000e+00
0.000000000000000000e+00
0.000000000000000000e+00
0.000000000000000000e+00
0.000000000000000000e+00
0.000000000000000000e+00
0.000000000000000000e+00
0.000000000000000000e+00
0.000000000000000000e+00
0.000000000000000000e+00
0.000000000000000000e+00
0.000000000000000000e+00
0.000000000000000000e+00
0.000000000000000000e+00
0.000000000000000000e+00
0.000000000000000000e+00
0.000000000000000000e+00
0.000000000000000000e+00
0.000000000000000000e+00
0.000000000000000000e+00
0.000000000000000000e+00
0.000000000000000000e+00
0.000000000000000000e+00
0.000000000000000000e+00
0.000000000000000000e+00
0.000000000000000000e+00
0.000000000000000000e+00
0.000000000000000000e+00
0.000000000000000000e+00
0.000000000000000000e+00
0.000000000000000000e+00
0.000000000000000000e+00
0.000000000000000000e+00
0.000000000000000000e+00
0.000000000000000000e+00
0.000000000000000000e+00
0.000000000000000000e+00
0.000000000000000000e+00
0.000000000000000000e+00
0.000000000000000000e+00
0.000000000000000000e+00
0.000000000000000000e+00
0.000000000000000000e+00
0.000000000000000000e+00
0.000000000000000000e+00
0.000000000000000000e+00
0.000000000000000000e+00
0.000000000000000000e+00
0.000000000000000000e+00
0.000000000000000000e+00
0.000000000000000000e+00
0.000000000000000000e+00
0.000000000000000000e+00
0.000000000000000000e+00
0.000000000000000000e+00
0.000000000000000000e+00
0.000000000000000000e+00
0.000000000000000000e+00
0.000000000000000000e+00
0.000000000000000000e+00
0.000000000000000000e+00
0.000000000000000000e+00
0.000000000000000000e+00
0.000000000000000000e+00
0.000000000000000000e+00
0.000000000000000000e+00
0.000000000000000000e+00
0.000000000000000000e+00
0.000000000000000000e+00
0.000000000000000000e+00
0.000000000000000000e+00
0.000000000000000000e+00
0.000000000000000000e+00
0.000000000000000000e+00
0.000000000000000000e+00
0.000000000000000000e+00
0.000000000000000000e+00
0.000000000000000000e+00
0.000000000000000000e+00
0.000000000000000000e+00
0.000000000000000000e+00
0.000000000000000000e+00
0.000000000000000000e+00
0.000000000000000000e+00
0.000000000000000000e+00
0.000000000000000000e+00
0.000000000000000000e+00
0.000000000000000000e+00
0.000000000000000000e+00
0.000000000000000000e+00
0.000000000000000000e+00
0.000000000000000000e+00
0.000000000000000000e+00
0.000000000000000000e+00
0.000000000000000000e+00
0.000000000000000000e+00
0.000000000000000000e+00
0.000000000000000000e+00
0.000000000000000000e+00
0.000000000000000000e+00
0.000000000000000000e+00
0.000000000000000000e+00
0.000000000000000000e+00
0.000000000000000000e+00
0.000000000000000000e+00
0.000000000000000000e+00
0.000000000000000000e+00
0.000000000000000000e+00
0.000000000000000000e+00
0.000000000000000000e+00
0.000000000000000000e+00
0.000000000000000000e+00
0.000000000000000000e+00
0.000000000000000000e+00
0.000000000000000000e+00
0.000000000000000000e+00
0.000000000000000000e+00
0.000000000000000000e+00
0.000000000000000000e+00
0.000000000000000000e+00
0.000000000000000000e+00
0.000000000000000000e+00
0.000000000000000000e+00
0.000000000000000000e+00
0.000000000000000000e+00
0.000000000000000000e+00
0.000000000000000000e+00
0.000000000000000000e+00
0.000000000000000000e+00
0.000000000000000000e+00
0.000000000000000000e+00
0.000000000000000000e+00
0.000000000000000000e+00
0.000000000000000000e+00
0.000000000000000000e+00
0.000000000000000000e+00
0.000000000000000000e+00
0.000000000000000000e+00
0.000000000000000000e+00
0.000000000000000000e+00
0.000000000000000000e+00
0.000000000000000000e+00
0.000000000000000000e+00
0.000000000000000000e+00
0.000000000000000000e+00
0.000000000000000000e+00
0.000000000000000000e+00
0.000000000000000000e+00
0.000000000000000000e+00
0.000000000000000000e+00
0.000000000000000000e+00
0.000000000000000000e+00
0.000000000000000000e+00
0.000000000000000000e+00
0.000000000000000000e+00
0.000000000000000000e+00
0.000000000000000000e+00
0.000000000000000000e+00
0.000000000000000000e+00
0.000000000000000000e+00
0.000000000000000000e+00
0.000000000000000000e+00
0.000000000000000000e+00
0.000000000000000000e+00
0.000000000000000000e+00
0.000000000000000000e+00
0.000000000000000000e+00
0.000000000000000000e+00
0.000000000000000000e+00
0.000000000000000000e+00
0.000000000000000000e+00
0.000000000000000000e+00
0.000000000000000000e+00
0.000000000000000000e+00
0.000000000000000000e+00
0.000000000000000000e+00
0.000000000000000000e+00
0.000000000000000000e+00
0.000000000000000000e+00
0.000000000000000000e+00
0.000000000000000000e+00
0.000000000000000000e+00
0.000000000000000000e+00
0.000000000000000000e+00
0.000000000000000000e+00
0.000000000000000000e+00
0.000000000000000000e+00
0.000000000000000000e+00
0.000000000000000000e+00
0.000000000000000000e+00
0.000000000000000000e+00
0.000000000000000000e+00
0.000000000000000000e+00
0.000000000000000000e+00
0.000000000000000000e+00
0.000000000000000000e+00
0.000000000000000000e+00
0.000000000000000000e+00
0.000000000000000000e+00
0.000000000000000000e+00
0.000000000000000000e+00
0.000000000000000000e+00
0.000000000000000000e+00
0.000000000000000000e+00
0.000000000000000000e+00
0.000000000000000000e+00
0.000000000000000000e+00
0.000000000000000000e+00
0.000000000000000000e+00
0.000000000000000000e+00
0.000000000000000000e+00
0.000000000000000000e+00
0.000000000000000000e+00
0.000000000000000000e+00
0.000000000000000000e+00
0.000000000000000000e+00
0.000000000000000000e+00
0.000000000000000000e+00
0.000000000000000000e+00
0.000000000000000000e+00
0.000000000000000000e+00
0.000000000000000000e+00
0.000000000000000000e+00
0.000000000000000000e+00
0.000000000000000000e+00
0.000000000000000000e+00
0.000000000000000000e+00
0.000000000000000000e+00
0.000000000000000000e+00
0.000000000000000000e+00
0.000000000000000000e+00
0.000000000000000000e+00
0.000000000000000000e+00
0.000000000000000000e+00
0.000000000000000000e+00
0.000000000000000000e+00
0.000000000000000000e+00
0.000000000000000000e+00
0.000000000000000000e+00
0.000000000000000000e+00
0.000000000000000000e+00
0.000000000000000000e+00
0.000000000000000000e+00
0.000000000000000000e+00
0.000000000000000000e+00
0.000000000000000000e+00
0.000000000000000000e+00
0.000000000000000000e+00
0.000000000000000000e+00
0.000000000000000000e+00
0.000000000000000000e+00
0.000000000000000000e+00
0.000000000000000000e+00
0.000000000000000000e+00
0.000000000000000000e+00
0.000000000000000000e+00
0.000000000000000000e+00
0.000000000000000000e+00
0.000000000000000000e+00
0.000000000000000000e+00
0.000000000000000000e+00
0.000000000000000000e+00
0.000000000000000000e+00
0.000000000000000000e+00
0.000000000000000000e+00
0.000000000000000000e+00
0.000000000000000000e+00
0.000000000000000000e+00
0.000000000000000000e+00
0.000000000000000000e+00
0.000000000000000000e+00
0.000000000000000000e+00
0.000000000000000000e+00
0.000000000000000000e+00
0.000000000000000000e+00
0.000000000000000000e+00
0.000000000000000000e+00
0.000000000000000000e+00
0.000000000000000000e+00
0.000000000000000000e+00
0.000000000000000000e+00
0.000000000000000000e+00
0.000000000000000000e+00
0.000000000000000000e+00
0.000000000000000000e+00
0.000000000000000000e+00
0.000000000000000000e+00
0.000000000000000000e+00
0.000000000000000000e+00
0.000000000000000000e+00
0.000000000000000000e+00
0.000000000000000000e+00
0.000000000000000000e+00
0.000000000000000000e+00
0.000000000000000000e+00
0.000000000000000000e+00
0.000000000000000000e+00
0.000000000000000000e+00
0.000000000000000000e+00
0.000000000000000000e+00
0.000000000000000000e+00
0.000000000000000000e+00
0.000000000000000000e+00
0.000000000000000000e+00
0.000000000000000000e+00
0.000000000000000000e+00
0.000000000000000000e+00
1.401298464324817071e-45
5.605193857299268284e-45
1.261168617892335364e-44
1.961817850054743899e-44
2.662467082217152435e-44
3.222986467947079263e-44
3.643376007244524384e-44
3.643376007244524384e-44
3.363116314379560970e-44
2.662467082217152435e-44
1.681558157189780485e-44
7.006492321624085355e-45
-0.000000000000000000e+00
-5.605193857299268284e-45
-4.203895392974451213e-45
2.802596928649634142e-45
1.261168617892335364e-44
2.242077542919707313e-44
3.503246160812042677e-44
4.764414778704378041e-44
6.586102782326640233e-44
9.388699710976274375e-44
1.261168617892335364e-43
1.597480249330291461e-43
1.919778896124999387e-43
2.214051573633210972e-43
2.466285297211678045e-43
2.676480066860400605e-43
2.872661851865874995e-43
3.068843636871349385e-43
3.236999452590327434e-43
3.391142283666057312e-43
3.545285114741787189e-43
3.741466899747261579e-43
4.007713607968976823e-43
4.400077177979925603e-43
4.918557609780107919e-43
5.521115949439779259e-43
6.095648319812954259e-43
6.572089797683392063e-43
6.950440383051092672e-43
7.286752014489048769e-43
7.651089615213501207e-43
7.959375277364960963e-43
8.239634970229924377e-43
8.449829739878646938e-43
8.519894663094887791e-43
8.407790785948902426e-43
8.057466169867698158e-43
7.426881860921530476e-43
6.586102782326640233e-43
5.591180872656020113e-43
4.386064193336677432e-43
2.914700805795619508e-43
1.036960863600364632e-43
-1.387285479681568900e-43
-4.470142101196166456e-43
-8.533907647738135962e-43
-1.366266002716696644e-42
-1.999652908591513960e-42
-2.763360571648539264e-42
-3.667198081138046275e-42
-4.740592704810856151e-42
-6.018576904275089320e-42
-7.534781842674541390e-42
-9.325641280081657607e-42
-1.145421364739105474e-41
-1.397094568931842620e-41
-1.691227116593621723e-41
-2.033564331428174533e-41
-2.431813354989287545e-41
-2.893681328830747251e-41
-3.427716173584935037e-41
-4.044988147120016957e-41
-4.759089844539943736e-41
-5.583193471409368656e-41
-6.528929804982187697e-41
-7.611853258212406329e-41
-8.852562918525599364e-41
-1.027123748380804417e-40
-1.188721487286742321e-40
-1.372655923714017810e-40
-1.582374251884869933e-40
-1.821015380359386280e-40
-2.091437958004789478e-40
-2.397341412766897045e-40
-2.744134756718002774e-40
-3.136820625375746261e-40
-3.579672979056318200e-40
-4.078198920724515122e-40
-4.640511968488777716e-40
-5.273996965256097769e-40
-5.984679494423071995e-40
-6.780617022159568091e-40
-7.674070910028428207e-40
-8.675901221128169676e-40
-9.794922122799395596e-40
-1.104276439229600195e-39
-1.243708439026848143e-39
-1.399385691921013696e-39
-1.572546945754559991e-39
-1.764796687269138944e-39
-1.978660056297463876e-39
-2.216365117397811245e-39
-2.479617250801264354e-39
-2.770627705484527765e-39
-3.092905332802270819e-39
-3.449552607554508662e-39
-3.842906895579735087e-39
-4.275920732742282485e-39
-4.753380954596284432e-39
-5.279473239654679154e-39
-5.857287451031302875e-39
-6.490650534832226669e-39
-7.185757631568230553e-39
-7.948044377982430492e-39
-8.781473646131937069e-39
-9.690829468973955209e-39
-1.068387504000084440e-38
-1.176739124248147243e-38
-1.294633306778569185e-38
-1.422622303316140677e-38
-1.561578422154903918e-38
-1.712270976151773231e-38
-1.875279822611286226e-38
-2.051236526751314099e-38
-2.241167679826821210e-38
-2.446153682953801993e-38
-2.667212439336741995e-38
-2.905304539072935879e-38
-3.161523275224249867e-38
-3.436649731554698611e-38
-3.730537892764299466e-38
-4.041709108713496885e-38
-4.367579385034075905e-38
-4.705111267174766053e-38
-5.052501564271674154e-38
-5.411228365944970024e-38
-5.788184379080974576e-38
-6.200110075653897802e-38
-6.673993903567249950e-38
-7.238321458003825901e-38
-7.915343677018946561e-38
-8.708020663488651673e-38
-9.570302386758913368e-38
-1.039680055244417654e-37
-1.103875555764926151e-37
-1.132978170687532536e-37
-1.117958605331390563e-37
-1.073461885999097468e-37
-1.049874893935950709e-37
-1.142983441722811730e-37
-1.485075709585800562e-37
-2.200262572536500480e-37
-3.352197620953296288e-37
-4.854154829190756494e-37
-6.323300802041866828e-37
-7.065841459431695759e-37
-6.158467745241495786e-37
-2.605287154432316847e-37
4.052276692796540341e-37
1.293703046385236370e-36
2.135069818345676726e-36
2.423487982973816371e-36
1.456404425540901071e-36
-1.402785141101976270e-36
-6.444837189094017119e-36
-1.318595434287887098e-35
-1.969354243951171800e-35
-2.246918708496860919e-35
-1.682190243690680409e-35
2.406543078369242957e-36
3.783604648581857305e-35
8.573494450427499362e-35
1.337802225638887423e-34
1.582025181935381746e-34
1.249844598100537588e-34
1.327710788873140773e-36
-2.319454458562584389e-34
-5.623410690700278013e-34
-9.119004874034400193e-34
-1.127404876930147726e-33
-9.927982841335183196e-34
-2.531984296368734760e-34
1.267800320227096109e-33
3.496575170104081842e-33
6.000153324060959472e-33
7.843907764460070893e-33
7.554223344747241943e-33
3.522227028232916579e-33
-5.532208124781807677e-33
-1.986519331332432135e-32
-3.726293582219634955e-32
-5.222205946430587825e-32
-5.606527359213005203e-32
-3.724364889863523286e-32
1.488955935579580426e-32
1.032912410890992898e-31
2.185412328969670229e-31
3.321571817627002023e-31
3.907675651935696219e-31
3.254014746692024174e-31
6.546636606996409982e-32
-4.413990691292496171e-31
-1.172804537628961917e-30
-1.983713673170833007e-30
-2.593792608140254382e-30
-2.568952249597773934e-30
-1.397778827930013023e-30
1.291400632881162832e-30
5.555297904810948927e-30
1.089539946941008267e-29
1.586317927914897609e-29
1.809423370277237409e-29
1.459366042658859610e-29
2.113286628710560509e-30
-2.122024219279544671e-29
-5.381428033928845832e-29
-8.955772852926161650e-29
-1.163377242206553689e-28
-1.158286166769187556e-28
-6.839029593739437542e-29
4.204169049795013519e-29
2.213082247235483944e-28
4.493907635817330619e-28
6.707844514465636399e-28
7.950364958841866965e-28
6.960570338075476553e-28
2.421052829315167414e-28
-6.402170543342216261e-28
-1.924094725743229256e-27
-3.422391763057706576e-27
-4.704305371109428103e-27
-5.129947444398673550e-27
-3.935157129241197412e-27
-3.283172739243266994e-28
6.090152173795995690e-27
1.483324588296618735e-26
2.432922990378607040e-26
3.158336521734912401e-26
3.217682281115656237e-26
2.141082665896929315e-26
-4.643589274054653861e-27
-4.785047826986325253e-26
-1.044776873857473975e-25
-1.629626516074753813e-25
-2.040320322322522400e-25
-1.999865316431492981e-25
-1.200059459188605400e-25
5.709403604547614487e-26
3.347485152246214743e-25
6.878101898449158562e-25
1.042150928467316244e-24
1.275590647540318058e-24
1.230492455664964339e-24
7.229080413285893845e-25
-3.895884736780659086e-25
-2.110357340988403593e-24
-4.260309188531660210e-24
-6.410500258144425099e-24
-7.815328607280517383e-24
-7.544600222078623563e-24
-4.628767973559574741e-24
1.797439688499158534e-24
1.192366808115632838e-23
2.470388922181068360e-23
3.772516811129975993e-23
4.689189591303620308e-23
4.658687179997982577e-23
3.123686605194745994e-23
-3.560488985835207059e-24
-5.975543102047366502e-23
-1.330645147563774793e-22
-2.106687631054796916e-22
-2.715206476753381453e-22
-2.853772860872455808e-22
-2.175094493311942175e-22
-4.148010184394108375e-23
2.539684799123961491e-22
6.559538218577674730e-22
1.106694150381358914e-21
1.499326656460234054e-21
1.686019260839856687e-21
1.478059168403867312e-21
6.926401705974178913e-22
-7.618871129206383527e-22
-2.851262288953484591e-21
-5.361405471489044093e-21
-7.802112940442207366e-21
-9.441020266819012743e-21
-9.377714292770996897e-21
-6.571071491229750758e-21
-1.850978431736278356e-22
9.915046456600182165e-21
2.301681106982230513e-20
3.726697459970009141e-20
4.929336321913136413e-20
5.467839624855680449e-20
4.845996259611284982e-20
2.537480734376548467e-20
-1.797513069602739641e-20
-8.050361474496734998e-20
-1.561367512691312596e-19
-2.323171130049387460e-19
-2.887486410136192658e-19
-3.010754157488551956e-19
-2.437226153329437413e-19
-9.135751038902165161e-20
1.690013226494973688e-19
5.250136027389380478e-19
9.377039365089941911e-19
1.334118767944033531e-18
1.603641094883717921e-18
1.620457780134497543e-18
1.257747249938543868e-18
3.944065920041254424e-19
-1.022980777591653181e-18
-2.918090541837006145e-18
-5.083032722354174316e-18
-7.143348963092572781e-18
-8.545255492428056637e-18
-8.671915869364013894e-18
-6.907347303295987285e-18
-2.658732610264373359e-18
4.350261128243967625e-18
1.378665649254887714e-17
2.471260148081171401e-17
3.542552512746560732e-17
4.338014388402875029e-17
4.570522616318465324e-17
3.946571677591345997e-17
2.168743654458278120e-17
-9.366405131134960188e-18
-5.283115552975747181e-17
-1.052870357592118860e-16
-1.600963076971062180e-16
-2.067940811121830500e-16
-2.330053171416203613e-16
-2.254357277991435012e-16
-1.695460851893610104e-16
-5.454550058416342251e-17
1.204882662249968841e-16
3.468114198550668751e-16
6.036916576342501745e-16
8.541487651650653094e-16
1.050271514926154857e-15
1.136623453404296980e-15
1.046854478137812603e-15
7.201728756835829807e-16
1.265272670317852234e-16
-7.342999558756862187e-16
-1.827911287976646641e-15
-3.061617316751376848e-15
-4.290582290362087922e-15
-5.329726121701926222e-15
-5.936197900287742621e-15
-5.850653501845689067e-15
-4.885285816695226699e-15
-2.922085579350175953e-15
8.965508242230317581e-17
4.029247215145718639e-15
8.566775185016219790e-15
1.320002677177240305e-14
1.718729122240393592e-14
1.958749968591824014e-14
1.949284205999667757e-14
1.601873134463548121e-14
8.183178527160217541e-15
-4.781102034732368639e-15
-2.313423161804523120e-14
-4.679249541550238589e-14
-7.528953317997161276e-14
-1.076292172248229095e-13
-1.425795787858563646e-13
-1.787623055225090463e-13
-2.142985089511814656e-13
-2.473331327072780805e-13
-2.769048824870917747e-13
-3.025590032419006592e-13
-3.239297393688167492e-13
-3.414697723799070550e-13
-3.566792315060768326e-13
-3.714969954923819095e-13
-3.884000868321912936e-13
-4.102005464901720133e-13
-4.390486184249059454e-13
-4.765753221745716584e-13
-5.244595990133715802e-13
-5.835011293586767067e-13
-6.529538194854911382e-13
-7.314108086547976839e-13
-8.169411870075082849e-13
-9.070072709387033694e-13
-9.995370416765458899e-13
-1.093037661249740555e-12
-1.185742259587896363e-12
-1.276747587861115640e-12
-1.367245726358046198e-12
-1.459272156237312323e-12
-1.554945083283298946e-12
-1.657010574758477350e-12
-1.768314444525187490e-12
-1.891084728047887076e-12
-2.027172050014791616e-12
-2.177437266950854600e-12
-2.340923245178205825e-12
-2.515678637626805880e-12
-2.699111984263979913e-12
-2.887864426759367831e-12
-3.078891091731761342e-12
-3.269808685965602812e-12
-3.458002113820857204e-12
-3.641756167460652449e-12
-3.821634415174246513e-12
-3.999046753466739546e-12
-4.175239581155620883e-12
-4.351863053947413462e-12
-4.530482326098317358e-12
-4.711714091804042326e-12
-4.895502406232488113e-12
-5.080625156694829059e-12
-5.263931217996953293e-12
-5.441311030224271761e-12
-5.608359696790410354e-12
-5.760273768390389293e-12
-5.892633603288288668e-12
-6.001862635357513298e-12
-6.084913389131640926e-12
-6.139778355868097393e-12
-6.165763646176491974e-12
-6.162605148407607203e-12
-6.130561770040232616e-12
-6.069963108534803808e-12
-5.979522432753014982e-12
-5.856759521805088298e-12
-5.699833400402143369e-12
-5.506102518371136512e-12
-5.270440767840556262e-12
-4.987460965055756645e-12
-4.653639019275290778e-12
-4.266090952720347218e-12
-3.821481759508360554e-12
-3.317526591981034834e-12
-2.754770370150261272e-12
-2.134944998566368213e-12
-1.458556474383254642e-12
-7.261179504891579484e-13
5.919387430306649600e-14
8.941356227469554607e-13
1.779071681640154168e-12
2.715054743529510262e-12
3.699865500778054539e-12
4.731132152713257710e-12
5.809217690222467922e-12
6.933639426498494629e-12
8.099980755571500879e-12
9.302515355247287232e-12
1.053679626189518714e-11
1.179743715912229263e-11
1.307568983643925264e-11
1.436226658435568737e-11
1.565014437487910470e-11
1.693246758083244430e-11
1.820044809308640765e-11
1.944559444022608830e-11
2.066134416334186596e-11
2.184093704504785904e-11
2.297653733940308030e-11
2.406019654344060399e-11
2.508322195782231034e-11
2.603592688665834487e-11
2.690946597494470183e-11
2.769507019551031846e-11
2.838189232245991178e-11
2.895905390487563125e-11
2.941939400424864459e-11
2.975703017327191446e-11
2.996324369175518143e-11
3.002976339816498808e-11
2.995435843811122822e-11
2.973617879709067324e-11
2.936897253169590272e-11
2.884630381783104269e-11
2.816967839547324104e-11
2.734170875817731883e-11
2.635758451774439237e-11
2.521275202505002255e-11
2.391255249367674196e-11
2.246403410510744436e-11
2.086662787004200936e-11
1.912069114151648819e-11
1.723741288595093124e-11
1.522960056676847529e-11
1.310197783599420518e-11
1.085984774329418201e-11
8.518453303851813985e-12
6.093839408777279587e-12
3.593944803217952177e-12
1.027063200112476871e-12
-1.590124408014370605e-12
-4.240530669663566954e-12
-6.913080351222955500e-12
-9.595877911716677033e-12
-1.227137141901479822e-11
-1.492197337915612820e-11
-1.753343824295594544e-11
-2.009106596367882247e-11
-2.257859177401400075e-11
-2.498077439350154805e-11
-2.728308204358320666e-11
-2.947107141659799368e-11
-3.153316149862028794e-11
-3.345940191579188649e-11
-3.523689326434542579e-11
-3.685267022102145518e-11
-3.830067860088881559e-11
-3.957657118691670917e-11
-4.066925268775278823e-11
-4.156771801766545593e-11
-4.227162023195951690e-11
-4.278263160406581278e-11
-4.309316445350042102e-11
-4.319621049742039531e-11
-4.309815351821733032e-11
-4.280744508866618503e-11
-4.232150740968165792e-11
-4.163836289650113542e-11
-4.077045298589432321e-11
-3.973178730465320996e-11
-3.852429486528308189e-11
-3.715035917783993114e-11
-3.562625541797537210e-11
-3.396924061482842205e-11
-3.218496649748381344e-11
-3.027947337308489750e-11
-2.827090644919039164e-11
-2.617771104052035724e-11
-2.400848964079216330e-11
-2.177223505650527358e-11
-1.948671952967107046e-11
-1.716938743956397673e-11
-1.483061069784685770e-11
-1.248094336214755629e-11
-1.013587044157437944e-11
-7.809959276516842408e-12
-5.514140359597075047e-12
-3.259482310793981874e-12
-1.057691477804323377e-12
1.080731966592030080e-12
3.145563453807453946e-12
5.126787449433178878e-12
7.017467336389859867e-12
8.812264286339743791e-12
1.050298823607187515e-11
1.208162389576550311e-11
1.354649812462804803e-11
1.489738020443720501e-11
1.612839722886505456e-11
1.723390527508250614e-11
1.821666428813983885e-11
1.908071443901260267e-11
1.982266434330526295e-11
2.043937415152630166e-11
2.093723978913164530e-11
2.132361995310638747e-11
2.159771840537505483e-11
2.175899911638357054e-11
2.181632999254112804e-11
2.177915833789789701e-11
2.164878519506086008e-11
2.142667467064374165e-11
2.112267478981966207e-11
2.074681398900324325e-11
2.030185047852128832e-11
1.979064308266220706e-11
1.922285768063414224e-11
1.860799361819154285e-11
1.794976840774342719e-11
1.725200364510737217e-11
1.652318733225133229e-11
1.577142930142549915e-11
1.500076278471151880e-11
1.421515509469895022e-11
1.342127190634423428e-11
1.262516393513157809e-11
1.183062328657946694e-11
1.104146375024983584e-11
1.026215137173158709e-11
9.496587544122192526e-12
8.748115946921597441e-12
8.019960563709904733e-12
7.314519649692652337e-12
6.633547010304052804e-12
5.979566234520783397e-12
5.355047568572635086e-12
4.760393034625165498e-12
4.195539315271501479e-12
3.662188607922445271e-12
3.161932087686336601e-12
2.693739111978010747e-12
2.256160753014158082e-12
1.850098850161852049e-12
1.476401683200845305e-12
1.132960695746088042e-12
8.174488104646659981e-13
5.300560337873072569e-13
2.708739807975868441e-13
3.727839773524400935e-14
-1.734782836045750676e-13
-3.617481206079353750e-13
-5.279164692201243625e-13
-6.747250869999776857e-13
-8.048901172300060303e-13
-9.191179718356923267e-13
-1.018182500117648104e-12
-1.104587450152794137e-12
-1.180733462391447830e-12
-1.247536145568273191e-12
-1.305934418764642668e-12
-1.357918551908587901e-12
-1.405290597430997046e-12
-1.448943287400694668e-12
-1.489782906413661401e-12
-1.529131855859677813e-12
-1.568104153470972761e-12
-1.607481509013908294e-12
-1.648069701543075638e-12
-1.690515674494796894e-12
-1.735254626621107743e-12
-1.782851860934742128e-12
-1.833844708032383863e-12
-1.888202268152117114e-12
-1.945686667337298559e-12
-2.006520817554591218e-12
-2.070915487706326275e-12
-2.138291280151527474e-12
-2.207946932925031192e-12
-2.279834090609944575e-12
-2.353869920160289730e-12
-2.429171664167228961e-12
-2.504768744845953243e-12
-2.580317903788653666e-12
-2.655423624042807518e-12
-2.729021652755903027e-12
-2.800051857043683867e-12
-2.867922045679538456e-12
-2.931985166806927445e-12
-2.991290375120581047e-12
-3.044963586829041446e-12
-3.092326091372332719e-12
-3.132655810103579519e-12
-3.165303956442766520e-12
-3.189757919602742575e-12
-3.205303427192274235e-12
-3.211148361104143589e-12
-3.207047257966499920e-12
-3.192924223627269242e-12
-3.168128303102091259e-12
-3.131976015341431108e-12
-3.084745566622748569e-12
-3.026922896359751647e-12
-2.958077793130398092e-12
-2.877732123776621798e-12
-2.786682343214330615e-12
-2.685886452483132736e-12
-2.575113299679854251e-12
-2.454099640517015679e-12
-2.324012076532211424e-12
-2.186163793396755928e-12
-2.040582113005395826e-12
-1.887285466795063371e-12
-1.727736009815572515e-12
-1.563470490226204213e-12
-1.394778281586794844e-12
-1.221953853207391472e-12
-1.046513895507084069e-12
-8.699824172696268842e-13
-6.928195538970227663e-13
-5.154937349378940770e-13
-3.393843366061854994e-13
-1.658071873160069098e-13
4.647095916762581172e-15
1.713445466240692827e-13
3.331979603251461475e-13
4.892322983361674371e-13
6.387988553922807622e-13
7.812204659216059888e-13
9.158417297108756294e-13
1.042172858428669358e-12
1.159619600864247868e-12
1.267538916709110008e-12
1.365771428243900409e-12
1.454322448059264250e-12
1.532676654862619170e-12
1.600272865609486672e-12
1.657410536939907253e-12
1.704554574745442697e-12
1.741328218771154290e-12
1.767316761686066329e-12
1.783229271710984332e-12
1.789910125497840010e-12
1.787145409958001974e-12
1.774683373347019089e-12
1.753511615423808401e-12
1.724705556323258282e-12
1.688191903978508712e-12
1.643875140178163718e-12
1.592872535260969613e-12
1.536349606562348313e-12
1.474369346228521227e-12
1.406977616011384491e-12
1.335297215680764094e-12
1.260442813490192382e-12
1.182571076653593511e-12
1.101837805023153649e-12
1.019228104692793124e-12
9.356904357230022562e-13
8.514387112024124349e-13
7.666872779005240446e-13
6.822158940197886601e-13
5.987307004351460904e-13
5.164692458425879096e-13
4.356871580093318874e-13
3.568996498077431356e-13
2.805447660205601101e-13
2.068535772357937841e-13
1.360680638258157660e-13
6.844291165720647885e-14
4.144990032223282508e-15
-5.662637175027178393e-14
-1.136468509902420487e-13
-1.669026516385591075e-13
-2.164496202715013307e-13
-2.621241440049770777e-13
-3.037475327684335813e-13
-3.414901282756954704e-13
-3.755843563674893248e-13
-4.059169721268990338e-13
-4.323553234181209959e-13
-4.552014689664096725e-13
-4.747949537871332115e-13
-4.910625942336488414e-13
-5.039178709725922189e-13
-5.137258348754392134e-13
-5.208734919076585257e-13
-5.253249007672322612e-13
-5.270343623325901561e-13
-5.263804800023641484e-13
-5.237468445051796095e-13
-5.191264627370240081e-13
-5.125045353382429170e-13
-5.042304464589197899e-13
-4.946455029429530637e-13
-4.837601673413072234e-13
-4.715833301117966503e-13
-4.584077258409924305e-13
-4.445126992186354542e-13
-4.299236747856705065e-13
-4.146646134101095171e-13
-3.989638480694779332e-13
-3.830289221646437925e-13
-3.668897596755676949e-13
-3.505789950876414540e-13
-3.342503140588148902e-13
-3.180394315960288765e-13
-3.019763529944069491e-13
-2.860925201169511878e-13
-2.704809304050065366e-13
-2.552158517073882527e-13
-2.403268285332965659e-13
-2.258486095623596368e-13
-2.118210798819977758e-13
-1.982709786282899067e-13
-1.852231340309859475e-13
-1.727026182653246256e-13
-1.607100818526094321e-13
-1.492334088335628417e-13
-1.382888080306635126e-13
-1.278970825730960104e-13
-1.180315610874171917e-13
-1.086601647418486416e-13
-9.979910913513259652e-14
-9.146771339473003248e-14
-8.362991424587865041e-14
-7.624399700999207052e-14
-6.932594689285087597e-14
-6.289618077661568440e-14
-5.691041577880404101e-14
-5.132214979061168469e-14
-4.614935346304756270e-14
-4.141272489321078110e-14
-3.706825224916200645e-14
-3.307009071966404701e-14
-2.943509964849905236e-14
-2.617922358386613746e-14
-2.325564023850697909e-14
-2.061754426582219912e-14
-1.826990266701449678e-14
-1.621409779985379107e-14
-1.440534872648464165e-14
-1.280135885668590504e-14
-1.139652760861033579e-14
-1.018363487341553825e-14
-9.127595699393292045e-15
-8.196926718927102090e-15
-7.383948731317160896e-15
-6.683745557337604504e-15
-6.075931231530390039e-15
-5.542360190582962254e-15
-5.088042634378330334e-15
-4.725011512965188870e-15
-4.445223401476411026e-15
-4.240521796146411518e-15
-4.134405084997919144e-15
-4.155213296380168286e-15
-4.296783842085410282e-15
-4.550275392210204745e-15
-4.943069557323967814e-15
-5.498978127639912380e-15
-6.199246099639933727e-15
-7.021943790319618017e-15
-7.975336970694746341e-15
-9.060410740082975450e-15
-1.024662447853810429e-14
-1.150496391948488406e-14
-1.282479117613874800e-14
-1.419153812883986940e-14
-1.558015631927204409e-14
-1.696995442659974401e-14
-1.834865979045020162e-14
-1.970690253236088985e-14
-2.103716269382608500e-14
-2.233679922611624818e-14
-2.360905626541936336e-14
-2.486051525773559645e-14
-2.609797618356550497e-14
-2.732918261811288774e-14
-2.856254729260987446e-14
-2.980199705179993608e-14
-3.104883293829005519e-14
-3.230322774680147169e-14
-3.355051425481953009e-14
-3.476241511443309284e-14
-3.592273166755886871e-14
-3.701430641481727457e-14
-3.797707116772082447e-14
-3.873690376712118910e-14
-3.926645860134921062e-14
-3.954413294211811536e-14
-3.948580964150197326e-14
-3.901127467939580207e-14
-3.812731787190479227e-14
-3.685823212395619719e-14
-3.516389179077268612e-14
-3.301917048700690749e-14
-3.049832928521054032e-14
-2.768694900624237010e-14
-2.457730132149164859e-14
-2.114676198093721343e-14
-1.746156557292256190e-14
-1.357347004568966800e-14
-9.378364038592663932e-15
-4.733495394964887942e-15
3.868478085355806688e-16
6.023583748357127024e-15
1.237526740289910179e-14
1.962302424772608550e-14
2.778290767477091527e-14
3.684780684244139126e-14
4.688673291308211033e-14
5.790111229017624872e-14
6.974880606891095680e-14
8.226312155339837728e-14
9.532499301630886768e-14
1.087983463087319191e-13
1.224903560742909847e-13
1.362268045763947999e-13
1.499199934118164435e-13
1.635126902583758368e-13
1.769318334421746131e-13
1.901410344277987274e-13
2.031251008323062268e-13
2.158370867016284889e-13
2.282666785625997452e-13
2.404168715237214871e-13
2.521488877069155699e-13
2.632616618192945568e-13
2.737135333923806924e-13
2.834793760408266250e-13
2.922904702561818224e-13
2.998556535450253024e-13
3.061675804376384757e-13
3.112431102778034919e-13
3.147913516226424901e-13
3.165136609837443382e-13
3.164713228889087793e-13
3.147499622047078560e-13
3.110444573347498354e-13
3.050458377649306607e-13
2.968859966895331937e-13
2.867203815950375434e-13
2.742839050502710041e-13
2.593414578141300941e-13
2.421148676511053477e-13
2.228362080362172870e-13
2.013286455951335263e-13
1.774389012457189274e-13
1.514179271333224164e-13
1.235020928840729892e-13
9.355816360349933358e-14
6.149101410349300245e-14
2.754704288027848280e-14
-8.036620651461542225e-15
-4.524400399144069829e-14
-8.396344193918950372e-14
-1.238791106370276673e-13
-1.646888192225609560e-13
-2.061101940162290980e-13
-2.477752432481633571e-13
-2.893540441972763944e-13
-3.305643790380702329e-13
-3.709743829401895843e-13
-4.101088771964883639e-13
-4.477652786310376554e-13
-4.838073301358103429e-13
-5.177489296667725505e-13
-5.490551047669656182e-13
-5.776777710700398138e-13
-6.036347094916238998e-13
-6.263635985749582691e-13
-6.452499667387867621e-13
-6.603796827951702308e-13
-6.718934219759886695e-13
-6.791788268942222651e-13
-6.816084697526536562e-13
-6.794019014912111576e-13
-6.728298473923643996e-13
-6.613381717257560410e-13
-6.443972417301269129e-13
-6.223939007406198431e-13
-5.957545112615647565e-13
-5.641006325246555875e-13
-5.271221827085614819e-13
-4.853655454981065098e-13
-4.394023393836793412e-13
-3.891001290699108717e-13
-3.344010723708989996e-13
-2.759534950807357445e-13
-2.143888772022581324e-13
-1.498193387926283204e-13
-8.245779005346814960e-14
-1.295913991893569983e-14
5.805400512528743895e-14
1.302078833208958342e-13
2.030290540723511672e-13
2.759098288382388908e-13
3.483184064529548651e-13
4.196599393945649181e-13
4.892332199080140498e-13
5.565885209321552729e-13
6.213632581554551226e-13
6.828062963128156415e-13
7.400842091942472223e-13
7.929561954972408344e-13
8.412988730145676275e-13
8.842878686243782482e-13
9.210241076751390921e-13
9.515465672349510129e-13
9.760092040123069523e-13
9.936258630119376711e-13
1.003582525242741053e-12
1.006222882793395001e-12
1.002009889991550828e-12
9.903115653908667326e-13
9.704842181615380703e-13
9.431605886914273817e-13
9.090648698216463597e-13
8.677791558248104664e-13
8.189064118653555102e-13
7.633074402581263573e-13
7.019067944057100217e-13
6.345678106242647054e-13
5.612060837746624120e-13
4.828257476989505914e-13
4.004523763371375944e-13
3.142465129259142120e-13
2.244307441712917184e-13
1.320293023130900134e-13
3.803042407900247834e-14
-5.714250280635171930e-14
-1.529738385660020517e-13
-2.485596906250109317e-13
-3.430676153316075672e-13
-4.358476470359140542e-13
-5.261658621823206428e-13
-6.133443362574264590e-13
-6.968394502919472711e-13
-7.758748071101662092e-13
-8.495712813805234020e-13
-9.176065940072475335e-13
-9.798017432116612468e-13
-1.035329049055289108e-12
-1.083280925899543501e-12
-1.123714294358479915e-12
-1.156865835766351935e-12
-1.181956008761142485e-12
-1.198117343184645911e-12
-1.205830140599273292e-12
-1.205729201377014892e-12
-1.197155439017216771e-12
-1.179401303182114891e-12
-1.153299894821047111e-12
-1.119831983219243821e-12
-1.078522362564504622e-12
-1.028847905308605259e-12
-9.719231712848608318e-13
-9.089533596282062256e-13
-8.396642756092198567e-13
-7.637760324370745924e-13
-6.825455999004415020e-13
-5.972801463485777340e-13
-5.079204201327569557e-13
-4.144181742563035620e-13
-3.180429552530894544e-13
-2.200498897680924770e-13
-1.205631189500622202e-13
-1.974547980091063970e-14
8.126417832925170170e-14
1.813953176034444059e-13
2.803792083488215736e-13
3.778794497363152649e-13
4.730056407317717593e-13
5.649739573745926613e-13
6.534164485524907029e-13
7.378931450238712664e-13
8.178303954192722713e-13
8.928056861520761167e-13
9.624212234451978709e-13
1.026179466921683936e-12
1.083883308626576447e-12
1.135480706855596100e-12
1.180581348826648114e-12
1.218715232897960021e-12
1.250020920107175471e-12
1.274801661801938657e-12
1.292731113128331444e-12
1.303381664749525548e-12
1.307211608923830592e-12
1.304795139121794900e-12
1.295880612019184586e-12
1.280159138417058529e-12
1.258287853252160193e-12
1.231039250572385502e-12
1.198271841994225095e-12
1.159772907051437318e-12
1.116342695367533722e-12
1.068824607812490779e-12
1.017167795304418920e-12
9.613061215107965296e-13
9.020395107944834123e-13
8.402030156687279039e-13
7.758478646861799444e-13
7.089997534383274402e-13
6.404084077274441178e-13
5.707896178278049071e-13
5.002534302599170868e-13
4.289362376570793334e-13
3.574258673321589752e-13
2.862756960739926138e-13
2.156502786673092364e-13
1.457323573882812751e-13
7.694147782007915159e-14
9.616747909070230693e-15
-5.606806861781395146e-14
-1.198844626001949187e-13
-1.816309689456341303e-13
-2.411728314884870050e-13
-2.983402912735966250e-13
-3.529210886206446407e-13
-4.048913439767820588e-13
-4.543116913485051311e-13
-5.010511862184319209e-13
-5.449148077207865981e-13
-5.860453723867398157e-13
-6.246419939452685366e-13
-6.606176651720307991e-13
-6.938397339312230017e-13
-7.245465620704660825e-13
-7.530320767987208619e-13
-7.792808824451380456e-13
-8.032240237515475556e-13
-8.251635052330952291e-13
-8.454220938765300009e-13
-8.640625649876387815e-13
-8.811181493630082517e-13
-8.968797384455162724e-13
-9.116516135748709004e-13
-9.255958629758587186e-13
-9.388381998903794212e-13
-9.516247382115872178e-13
-9.641783899061451280e-13
-9.767605561178394069e-13
-9.896227717506866917e-13
-1.002899044193206191e-12
-1.016698010503080951e-12
-1.031402610887632854e-12
-1.047371716265954600e-12
-1.064606952941304918e-12
-1.083051833980497314e-12
-1.103207043946785593e-12
-1.125568280073430127e-12
-1.149948409065459920e-12
-1.176108581184276414e-12
-1.204695197765115466e-12
-1.236330916115635503e-12
-1.270631820246559407e-12
-1.307143521027398503e-12
-1.346667460704054076e-12
-1.389982963798108706e-12
-1.436469866666900685e-12
-1.485445664042850389e-12
-1.537899039887047348e-12
-1.594779538462154367e-12
-1.655210148630847922e-12
-1.718258890205659473e-12
-1.785129010757613433e-12
-1.856952092094132922e-12
-1.932571507337610406e-12
-2.010766336421609957e-12
-2.092957751553825574e-12
-2.180491464470746266e-12
-2.271849158450023332e-12
-2.365498855821934754e-12
-2.463104156399942291e-12
-2.566156922373385996e-12
-2.672794060729066778e-12
-2.781099352547333758e-12
-2.892918760447060755e-12
-3.009963805977733386e-12
-3.129883938829403078e-12
-3.250405153365498734e-12
-3.373594589448081216e-12
-3.501215593490480948e-12
-3.630571104168422991e-12
-3.758955386540252519e-12
-3.888540097557457997e-12
-4.021314531366115830e-12
-4.154061643280027027e-12
-4.283793372111821540e-12
-4.412874145959255756e-12
-4.543239048859781803e-12
-4.671473711331808332e-12
-4.794240091726686970e-12
-4.913874428885689483e-12
-5.032502192747756453e-12
-5.146277501366647300e-12
-5.251765602259927945e-12
-5.351333091929699748e-12
-5.446814874132677176e-12
-5.534422746478195876e-12
-5.610548917817093084e-12
-5.677196993764122013e-12
-5.736150270052586819e-12
-5.783426688943382743e-12
-5.815640070211403057e-12
-5.834448375818812593e-12
-5.840968767684140417e-12
-5.831758253388441560e-12
-5.803702570611468659e-12
-5.757689897772921839e-12
-5.694492186819610779e-12
-5.611110534542440575e-12
-5.505288499380034395e-12
-5.377191747424348023e-12
-5.226655046264294668e-12
-5.051986606829927950e-12
-4.851957377538518301e-12
-4.625598081647863680e-12
-4.372049163675617578e-12
-4.090951535862252797e-12
-3.782655178669047658e-12
-3.444995590878852099e-12
-3.075898260054832356e-12
-2.677030472297836639e-12
-2.250530491132440858e-12
-1.792702054512207432e-12
-1.300290279095117629e-12
-7.772031174017868249e-13
-2.277689484502659623e-13
3.533348743797737335e-13
9.706650630839086524e-13
1.617719304868037167e-12
2.287669619710497315e-12
2.987421074407414778e-12
3.722970716435458627e-12
4.484780168761970387e-12
5.263471516275819440e-12
6.067613859267462217e-12
6.904188158685098387e-12
7.760994971683921051e-12
8.625903810677293393e-12
9.508700250793200581e-12
1.041781071131619996e-11
1.133794794161424591e-11
1.225484470845916718e-11
1.317961972197023712e-11
1.412109231629932182e-11
1.506220842495409329e-11
1.598659225832133046e-11
1.690575804347282940e-11
1.782957982643385009e-11
1.873887156556008904e-11
1.961638490532990886e-11
2.047400964044765459e-11
2.132100225538113847e-11
2.213819058627386482e-11
2.290776249247450380e-11
2.364064499715823331e-11
2.434617438207276052e-11
2.500515072778597414e-11
2.560096926118582417e-11
2.614348494633933484e-11
2.664033056654080411e-11
2.707490828757208590e-11
2.743251979742122870e-11
2.772064175426969257e-11
2.794578631004629443e-11
2.809435149797590014e-11
2.815539641709552399e-11
2.813382339594827641e-11
2.803356852210114880e-11
2.784627216312340892e-11
2.756554880189998613e-11
2.719273591023085856e-11
2.672932188085841432e-11
2.617286942729890598e-11
2.552279568246440533e-11
2.477661131816688567e-11
2.393283661528133877e-11
2.299600093680354007e-11
2.197204224119175819e-11
2.085454725575530688e-11
1.963869518395444658e-11
1.833680429719208860e-11
1.696142531981692514e-11
1.550198858168982952e-11
1.395109982399445059e-11
1.232794855782204380e-11
1.065186307214194272e-11
8.908956905528953030e-12
7.088291759105302958e-12
5.216395457946498837e-12
3.317923409976164528e-12
1.375524802567362759e-12
-6.233436076336085208e-13
-2.647686323659081964e-12
-4.667993856038998857e-12
-6.703290266613093351e-12
-8.768836351480402413e-12
-1.082913966832244057e-11
-1.285242225146365769e-11
-1.485924404354133088e-11
-1.686491918340138341e-11
-1.883362389654141822e-11
-2.073249731615600666e-11
-2.258164488733171993e-11
-2.439766617901018009e-11
-2.614520579202750383e-11
-2.779359381532842121e-11
-2.936235976580547913e-11
-3.086700339771653034e-11
-3.227676806383250607e-11
-3.356460248626902398e-11
-3.474763532462787907e-11
-3.584065336181829764e-11
-3.681843024905262496e-11
-3.765989256554469478e-11
-3.837906381587430360e-11
-3.898829176174345434e-11
-3.947022222949847503e-11
-3.981081436732480938e-11
-4.002002201852761232e-11
-4.010742779558817972e-11
-4.006469461748096705e-11
-3.988580993263823871e-11
-3.957621383388065794e-11
-3.914276888727918902e-11
-3.858614469609555897e-11
-3.790892946775592520e-11
-3.711229587533004803e-11
-3.619908886531852943e-11
-3.517965085908514311e-11
-3.406405713057836238e-11
-3.284849475759799020e-11
-3.153300537350745003e-11
-3.013485988523356696e-11
-2.867122338157113148e-11
-2.713452899871793278e-11
-2.552027165980685908e-11
-2.385286586303880796e-11
-2.215405289773819675e-11
-2.041209042069613844e-11
-1.862027892984841060e-11
-1.680596634079378759e-11
-1.499457849551966149e-11
-1.317209449153144973e-11
-1.132801144554385075e-11
-9.492451095993725829e-12
-7.691501949236290159e-12
-5.908844594171291931e-12
-4.132832531061891856e-12
-2.392204273213294208e-12
-7.127326615181950320e-13
9.222177058468283839e-13
2.526326804003220516e-12
4.072624182338557830e-12
5.538140258887214173e-12
6.939599069000212950e-12
8.290746561501194378e-12
9.569249906360433044e-12
1.075577127362947749e-11
1.186582429535398830e-11
1.291323298291402466e-11
1.388062061125072688e-11
1.475335478784423060e-11
1.554504094891662191e-11
1.626838247448247898e-11
1.691149824345483665e-11
1.746459747653528183e-11
1.793870434141364711e-11
1.834446310133852620e-11
1.867568079350068189e-11
1.892708038908619272e-11
1.910653926739946940e-11
1.922292880429665729e-11
1.927462876805119407e-11
1.926088975812145776e-11
1.918688125046585924e-11
1.905849263128533977e-11
1.887889670981746093e-11
1.865060363093196116e-11
1.837552159045241496e-11
1.805755892037019805e-11
1.770238643172827864e-11
1.731544942151774791e-11
1.689624655465404857e-11
1.644544569967543168e-11
1.597144465292910098e-11
1.548105567350521738e-11
1.497113891191226287e-11
1.444073419870628427e-11
1.389870336876430912e-11
1.335307472233315806e-11
1.279928767139448809e-11
1.223398639338402205e-11
1.166685758419161445e-11
1.110589224750935244e-11
1.054514461862332553e-11
9.980384574337364256e-12
9.420462673825902300e-12
8.873289256139393899e-12
8.332529978505309742e-12
7.792728268229964783e-12
7.262251130318864156e-12
6.748209196300036794e-12
6.244036104136041487e-12
5.744146477915101912e-12
5.255657888059150906e-12
4.784992714557123605e-12
4.326015240474490042e-12
3.873075471449993756e-12
3.432335578951173360e-12
3.009309381546421136e-12
2.598492601646462674e-12
2.194727472676349933e-12
1.803070605148338057e-12
1.428173117962172611e-12
1.065411214112854665e-12
7.103589634918638929e-13
3.670366419648851686e-13
3.925719883716982661e-14
-2.765669637749823551e-13
-5.840326052636291010e-13
-8.799731234486463105e-13
-1.161441168934240764e-12
-1.431041266389265765e-12
-1.691311912570270248e-12
-1.940042961348642514e-12
-2.175035759138799207e-12
-2.397876818979738367e-12
-2.610267904601393241e-12
-2.810674869929696840e-12
-2.997728801301668966e-12
-3.172186038152835508e-12
-3.334723990000565408e-12
-3.484654405305764868e-12
-3.621308548168444830e-12
-3.744611825479138290e-12
-3.854530843810932694e-12
-3.950998816310002937e-12
-4.034161026067462075e-12
-4.103368686503294782e-12
-4.157845942542870432e-12
-4.198342628408680000e-12
-4.225727840562187865e-12
-4.238859697275332294e-12
-4.236560321307925037e-12
-4.220205348376415699e-12
-4.191410673398676678e-12
-4.148786782870450551e-12
-4.090821431601554536e-12
-4.019569833230152156e-12
-3.937218606697712175e-12
-3.842239460621899028e-12
-3.733075047002154534e-12
-3.612191492100014223e-12
-3.482199771587257686e-12
-3.341600867540206465e-12
-3.188854345512193156e-12
-3.026712994819158453e-12
-2.857938928915726429e-12
-2.681153476319364515e-12
-2.495069905891766915e-12
-2.302451632130164683e-12
-2.106029326626179810e-12
-1.904743940697728455e-12
-1.697683443477315812e-12
-1.487492312483851276e-12
-1.276631795069094188e-12
-1.064471861350613224e-12
-8.506719634260306862e-13
-6.374727135050051174e-13
-4.268726214520790485e-13
-2.187732281574636395e-13
-1.338467656614205151e-14
1.876117533897159184e-13
3.829246761257593112e-13
5.721556583550280184e-13
7.544983518167902581e-13
9.290859097690895574e-13
1.095446216375917103e-12
1.252700200515821649e-12
1.399613606435645696e-12
1.536147077596528021e-12
1.662734511707897322e-12
1.778143496160289327e-12
1.880740788801071872e-12
1.971373585207825130e-12
2.051260637042640056e-12
2.118868882433622147e-12
2.172393558444452033e-12
2.213362089095727292e-12
2.243664889295393650e-12
2.261675655784722849e-12
2.265540619689199175e-12
2.257385684628632205e-12
2.239529525369099439e-12
2.210417612835691159e-12
2.168456820356157166e-12
2.116063617732533153e-12
2.055775254888869696e-12
1.986339261475511542e-12
1.906538728974060959e-12
1.818882501211649405e-12
1.725806346788982815e-12
1.626461769085874032e-12
1.520185453213196425e-12
1.409216601917784306e-12
1.295627233971474723e-12
1.179056310050830003e-12
1.059372208012110406e-12
9.383201680923658472e-13
8.173420165506761759e-13
6.965471493862451791e-13
5.763440939776653948e-13
4.577678839289001100e-13
3.415103486462123250e-13
2.281355985199462477e-13
1.185114154164321199e-13
1.291464866634822045e-14
-8.873579497060968269e-14
-1.854918264343821677e-13
-2.761322529139242921e-13
-3.611094171081241644e-13
-4.411978594964782729e-13
-5.151928146249207252e-13
-5.816785312966199495e-13
-6.417327064710265372e-13
-6.966718326360810121e-13
-7.451886330223089772e-13
-7.858704464090704445e-13
-8.202335837446950162e-13
-8.499511316116536985e-13
-8.737792390675624965e-13
-8.904425048868180870e-13
-9.016939755621122821e-13
-9.093135315899059101e-13
-9.122158323854323569e-13
-9.093814026459035027e-13
-9.025293533360123632e-13
-8.933174295774892748e-13
-8.808924184706967697e-13
-8.645124004690030173e-13
-8.456650093732753781e-13
-8.256759533899205028e-13
-8.039461023984229016e-13
-7.800503407269510081e-13
-7.550812189047184653e-13
-7.299361310698915251e-13
-7.043055917123342002e-13
-6.780649175822106578e-13
-6.518719483476764776e-13
-6.261678458727160113e-13
-6.009128741477076652e-13
-5.762478710348573063e-13
-5.523924958943104979e-13
-5.293732032590758863e-13
-5.073672601843548513e-13
-4.866911452842959118e-13
-4.671872155630196755e-13
-4.485408897601794731e-13
-4.310620328566716619e-13
-4.151524501776193699e-13
-4.003699769720286961e-13
-3.861709942706154086e-13
-3.729298499784844401e-13
-3.610680819002981545e-13
-3.499890264754834668e-13
-3.390580188573216747e-13
-3.286715517802907272e-13
-3.192286387489196020e-13
-3.101149979173323246e-13
-3.007330441531091969e-13
-2.914656634534634749e-13
-2.826608576107086934e-13
-2.737890480736943077e-13
-2.643796639945072968e-13
-2.547639833469506065e-13
-2.452069038268167578e-13
-2.353208502624964948e-13
-2.247974348985534720e-13
-2.138857667366433901e-13
-2.027548457904024271e-13
-1.911769489460271587e-13
-1.790070777154748050e-13
-1.664066698022284574e-13
-1.534632880842434766e-13
-1.401008351215385361e-13
-1.263210456375896129e-13
-1.122200544837782810e-13
-9.783237317050746951e-14
-8.321526112501156924e-14
-6.848362344878330954e-14
-5.369029805707241365e-14
-3.884804804232810937e-14
-2.409912750584407293e-14
-9.624328006915209427e-15
4.550039070017920795e-15
1.842505030383127795e-14
3.182303121647585276e-14
4.455924900435316582e-14
5.663111513477640802e-14
6.804127573867280177e-14
7.863888441253172323e-14
8.828354713941166665e-14
9.698384266900242356e-14
1.047403334311809708e-13
1.114547839328565437e-13
1.170565651787552897e-13
1.215510033120495437e-13
1.249191857810930117e-13
1.271304025593500420e-13
1.281831764213606228e-13
1.280704058428949743e-13
1.267618144782864387e-13
1.242904704937958238e-13
1.207224424593089651e-13
1.160504933253245219e-13
1.102461289034968595e-13
1.034060668038752628e-13
9.565314035633876166e-14
8.699216748429133839e-14
7.741466430573329394e-14
6.706139414397113696e-14
5.609158902869330887e-14
4.453046343667367568e-14
3.239500884883415865e-14
1.984507732298058935e-14
7.044858572641688604e-15
-5.961543667168433050e-15
-1.913103193657700318e-14
-3.232087991342225131e-14
-4.539669353864454748e-14
-5.829814034947686241e-14
-7.095813194836486648e-14
-8.327442468231138761e-14
-9.516229492780026167e-14
-1.065386182595197406e-13
-1.173041698498966667e-13
-1.274075517396916490e-13
-1.368196869818913419e-13
-1.454334970594356458e-13
-1.531250847690637795e-13
-1.599017413703857082e-13
-1.657977276520519738e-13
-1.706937678225620147e-13
-1.744534014859813742e-13
-1.771465867874896793e-13
-1.788683540475052847e-13
-1.794985872178439523e-13
-1.789052846840055722e-13
-1.772150406021549829e-13
-1.745771360589162824e-13
-1.708862814708139721e-13
-1.660290828431332244e-13
-1.601756514967370149e-13
-1.535087297077977753e-13
-1.459440885200405380e-13
-1.373957913587686708e-13
-1.280503752077583046e-13
-1.180979549179547727e-13
-1.074830803244990196e-13
-9.615572904965799528e-14
-8.429852817312330493e-14
-7.208846014702605109e-14
-5.950811675023426339e-14
-4.655248015956840735e-14
-3.338179884425362953e-14
-2.014261966856029096e-14
-6.858049267773015309e-15
6.432272910242590666e-15
1.960838243619984766e-14
3.257072075154437973e-14
4.525959278580196643e-14
5.759723075001929593e-14
6.951768127079135939e-14
8.098072044751894460e-14
9.189790448798154654e-14
1.021617279705136494e-13
1.117687959870626579e-13
1.207413753397459932e-13
1.289720825796425441e-13
1.363383689799435583e-13
1.428963555556023168e-13
1.487263545825456834e-13
1.537132373425828535e-13
1.577280921974053007e-13
1.608757208395109051e-13
1.632772015465119853e-13
1.648162129778280027e-13
1.653696710818275406e-13
1.650738736241191829e-13
1.640775053801321604e-13
1.622761441281289629e-13
1.595627926662124274e-13
1.560938878153450560e-13
1.520294307111313969e-13
1.472854363427852920e-13
1.417832322901657616e-13
1.356821420625195507e-13
1.291399848385790805e-13
1.221034449765123764e-13
1.145279482145031280e-13
1.065615017016227628e-13
9.834110793489198032e-14
8.984347689639307633e-14
8.105782077450982004e-14
7.210033216081476737e-14
6.307222132810944015e-14
5.397927859362126879e-14
4.484108735909077270e-14
3.573531715764938221e-14
2.672165840109010787e-14
1.783265578931235440e-14
9.114891052217424794e-15
6.034649704417412424e-16
-7.683940696180321939e-15
-1.569393656101081974e-14
-2.336112463956034613e-14
-3.068992813787946305e-14
-3.770088082867550927e-14
-4.432634204891254537e-14
-5.048948252214281729e-14
-5.623078364698150255e-14
-6.160405573250177236e-14
-6.653701298698494471e-14
-7.095199942982674535e-14
-7.491740111305669747e-14
-7.850946455445484418e-14
-8.165500610737841392e-14
-8.427819260612562369e-14
-8.646011559693481119e-14
-8.828436029104103078e-14
-8.968257451773264943e-14
-9.058892010008548490e-14
-9.108863565764763193e-14
-9.126611955328350900e-14
-9.106552182258295658e-14
-9.043501082543758951e-14
-8.945494627161931778e-14
-8.820133750968295328e-14
-8.663029468043356718e-14
-8.470357255223673332e-14
-8.249154262235033896e-14
-8.005946030903085542e-14
-7.737840451932723185e-14
-7.442583740057892583e-14
-7.125976376901391185e-14
-6.793115467926616469e-14
-6.442381486138418212e-14
-6.072762057758238075e-14
-5.688407644227622129e-14
-5.292725350873606072e-14
-4.885409229395641650e-14
-4.466858401718475091e-14
-4.039631584969172184e-14
-3.605620034312362332e-14
-3.165875764668535375e-14
-2.721959180133123185e-14
-2.274995479273258375e-14
-1.825521511570910721e-14
-1.375622079219157232e-14
-9.277357053698483125e-15
-4.817345303995959269e-15
-3.718180294497207619e-16
4.033067757254309160e-15
8.371993182531515393e-15
1.265494243548942119e-14
1.689369435629254484e-14
2.106345459650885849e-14
2.514169800897202850e-14
2.914446231550536781e-14
3.308642490301889894e-14
3.694771268450414148e-14
4.071371264755506425e-14
4.440110117683720992e-14
4.802419651729096517e-14
5.157006955800944037e-14
5.503023980512472546e-14
5.841759232383045286e-14
6.173992659350494017e-14
6.498928728070757499e-14
6.816337045582182563e-14
7.126727186905837397e-14
7.430189953973667660e-14
7.726596597777690700e-14
8.016272378969652168e-14
8.299096680057863051e-14
8.574530788087869615e-14
8.842855240371802483e-14
9.104577579051656433e-14
9.358833830521232078e-14
9.604507266542869348e-14
9.841748320168000608e-14
1.007059290559358944e-13
1.028967696096137752e-13
1.049769808841166663e-13
1.069410470008920477e-13
1.087775228507566194e-13
1.104730117606166073e-13
1.120179253175090928e-13
1.133912774331329032e-13
1.145616804545945833e-13
1.155207385913209484e-13
1.162682146740867672e-13
1.167601849623792210e-13
1.169379399085582194e-13
1.168051658000102133e-13
1.163761470003576992e-13
1.155806814189322407e-13
1.143337947104652863e-13
1.126581060427803149e-13
1.105906815776491747e-13
1.080413766806932740e-13
1.049065077429051085e-13
1.012378725230751730e-13
9.710229175634646492e-14
9.239963937208994782e-14
8.702014667660504244e-14
8.104733111849102278e-14
7.457897418117892530e-14
6.751621017906522804e-14
5.975540971325105088e-14
5.141003454108700188e-14
4.260339910716615108e-14
3.325132866532215514e-14
2.327171692384586571e-14
1.279759887743304320e-14
1.964160984465473936e-15
-9.287694243786774606e-15
-2.100768594726163535e-14
-3.306175252733127568e-14
-4.532223256631731645e-14
-5.781068305272737962e-14
-7.053024478472988412e-14
-8.336062553128756325e-14
-9.619613590937381442e-14
-1.090062759566239048e-13
-1.217342605842539061e-13
-1.342889964809843018e-13
-1.466006406981162913e-13
-1.585808578636466182e-13
-1.701131640066688711e-13
-1.811510061964019536e-13
-1.916761291787666410e-13
-2.015507986202758062e-13
-2.106106494715806465e-13
-2.188725681815176238e-13
-2.263850321397239962e-13
-2.329788922547648689e-13
-2.384635457847172901e-13
-2.429276669147634182e-13
-2.464910870900172135e-13
-2.489694648361018281e-13
-2.501612740742065188e-13
-2.502214472947794643e-13
-2.493289862764980214e-13
-2.472980587669981745e-13
-2.439345654723507062e-13
-2.394418756150595851e-13
-2.340381306722288945e-13
-2.275551166767975086e-13
-2.198278722682217579e-13
-2.110881050032889505e-13
-2.015711951736456897e-13
-1.911488274521783159e-13
-1.797070250855042906e-13
-1.674826455907302281e-13
-1.547041439181259803e-13
-1.412983093159944636e-13
-1.272149432237495992e-13
-1.126699373989875630e-13
-9.786071828105438741e-14
-8.277512925309107872e-14
-6.742736658729361898e-14
-5.198841574252655029e-14
-3.660127282094534362e-14
-2.130763217234564466e-14
-6.176349528526229107e-15
8.688651367664852049e-15
2.321612106931988245e-14
3.732377159616252771e-14
5.090434570718081753e-14
6.393155319375787293e-14
7.641475207589495944e-14
8.824110062435885915e-14
9.927005235627756052e-14
1.095503557118314431e-13
1.191632919726390294e-13
1.279582722332056610e-13
1.357542686120441489e-13
1.426589559374094596e-13
1.488085642122743968e-13
1.540093058508343327e-13
1.580427141153334381e-13
1.610654833247501805e-13
1.632567643355606335e-13
1.644014785417979851e-13
1.642791127741058399e-13
1.630930633600424784e-13
1.610588967965523310e-13
1.579929356830891973e-13
1.537335661333169567e-13
1.485203968273549058e-13
1.425888351619039596e-13
1.358432138477694284e-13
1.282295938268701585e-13
1.199901045493764751e-13
1.113429620312918200e-13
1.023020643892147419e-13
9.292470493169752155e-14
8.340284842964229561e-14
7.389304012422881485e-14
6.448331045559932417e-14
5.528082942037222669e-14
4.638304985319502416e-14
3.785068707572690483e-14
2.976028914947713433e-14
2.217817875421572438e-14
1.509308188141472024e-14
8.471332359552552482e-15
2.305696527259669393e-15
-3.434312448817979438e-15
-8.829811949423622963e-15
-1.396967648303144502e-14
-1.893866567205786805e-14
-2.382091953431839798e-14
-2.870202651396834559e-14
-3.366900738787682867e-14
-3.878929444897476209e-14
-4.408730596306559280e-14
-4.960947966444959056e-14
-5.541105226568310282e-14
-6.143424934349980826e-14
-6.755684743174270035e-14
-7.379739316382485925e-14
-8.020002034443002303e-14
-8.655681287819336212e-14
-9.261003557992433799e-14
-9.840943977681287924e-14
-1.040319225079425203e-13
-1.091996569666138506e-13
-1.136356972603926041e-13
-1.174600510172457701e-13
-1.208112657222898401e-13
-1.234616656955664360e-13
-1.252135873285042944e-13
-1.262437149176370843e-13
-1.267204386128789606e-13
-1.264990580817845767e-13
-1.254598909570386889e-13
-1.237605395769392214e-13
-1.215430615311360873e-13
-1.186713216843465757e-13
-1.149884901923206582e-13
-1.105852876718410593e-13
-1.055383197826574582e-13
-9.960067303251343707e-14
-9.248178801544645888e-14
-8.421011826222069008e-14
-7.482173382386200777e-14
-6.393282713131054340e-14
-5.113435242181003926e-14
-3.646849871239733754e-14
-1.999178342944503417e-14
-1.290224196301154990e-15
2.001447544210197688e-14
4.380322127695186751e-14
6.995640367988761876e-14
9.875078050202920621e-14
1.303669628846537698e-13
1.646168959609436988e-13
2.013408699746283004e-13
2.405630219765725331e-13
2.821888230898628169e-13
3.260291884556176800e-13
3.719648829399180290e-13
4.197460521521145793e-13
4.689864490682593701e-13
5.195907181072823011e-13
5.715490472395223787e-13
6.243260574322062606e-13
6.772453691600288650e-13
7.303370148231680403e-13
7.837443259488263703e-13
8.366057954907468730e-13
8.878774993871518806e-13
9.377457577813830270e-13
9.865062326058771092e-13
1.032891220470455451e-12
1.075455479879194876e-12
1.114540317675993819e-12
1.150614434460017765e-12
1.182018458806277650e-12
1.206946435156064368e-12
1.225951415037562775e-12
1.239688039722519619e-12
1.246251040733226123e-12
1.243697744617022760e-12
1.232811921124399301e-12
1.214446295264015596e-12
1.186728666724423675e-12
1.147876065032971127e-12
1.098892569821596776e-12
1.040781393360501461e-12
9.720145695280013598e-13
8.912841168232099598e-13
7.997283391070197922e-13
6.983944130477259815e-13
5.863836434645552931e-13
4.631521403376803736e-13
3.298181768928570845e-13
1.873221900944993523e-13
3.565618056345330744e-14
-1.247384628314668342e-13
-2.929286587599611025e-13
-4.682794408315815726e-13
-6.497135186626923353e-13
-8.355983006219647180e-13
-1.025424211688330534e-12
-1.219040059868836678e-12
-1.414159479622145721e-12
-1.607955630623936205e-12
-1.800513189063879249e-12
-1.992352897245419641e-12
-2.180074046634339346e-12
-2.359783375649460169e-12
-2.532353450199198441e-12
-2.699045847931458297e-12
-2.855609628968358571e-12
-2.997501335685881507e-12
-3.126383700535750876e-12
-3.244249920791864028e-12
-3.346474789986397802e-12
-3.428356990659020553e-12
-3.492292392770490750e-12
-3.540842315533088147e-12
-3.569562180560925668e-12
-3.574218828891750910e-12
-3.557717705507390527e-12
-3.522956665974463775e-12
-3.466280431088653025e-12
-3.384520094740217644e-12
-3.280802929675474822e-12
-3.158042187131893108e-12
-3.013936973259023766e-12
-2.846904786565906953e-12
-2.659925665143836326e-12
-2.455547267257718325e-12
-2.233241152768683513e-12
-1.993378335660156431e-12
-1.738335820775094298e-12
-1.469904493262008671e-12
-1.189534473526598912e-12
-8.995841181344554904e-13
-6.014419648078805913e-13
-2.957635763904675752e-13
1.414365281523274204e-14
3.241127526955323024e-13
6.341052357673737649e-13
9.447892771949351065e-13
1.251329660549582723e-12
1.548273878895778388e-12
1.836988460651722832e-12
2.119493599725408295e-12
2.389996187068810229e-12
2.642332316490914046e-12
2.879219215476402915e-12
3.103799335602008824e-12
3.309965582870555423e-12
3.491619970583115240e-12
3.652485432159569001e-12
3.796497404645604590e-12
3.917981824391736367e-12
4.011593574687610797e-12
4.081681173606632740e-12
4.132496862069290344e-12
4.159461837460742828e-12
4.158655191044413613e-12
4.134502202407519533e-12
4.091086410612509994e-12
4.025450112132844538e-12
3.935484316902604363e-12
3.825163710086121327e-12
3.697878375036323106e-12
3.552530882314219873e-12
3.388966191009146200e-12
3.210189059021928415e-12
3.018471323584792643e-12
2.814572576739782228e-12
2.600164875077304316e-12
2.376922009911242029e-12
2.145742784842585849e-12
1.909028057162087677e-12
1.669946082458184655e-12
1.428702859143649029e-12
1.184774175468084056e-12
9.418142264336348823e-13
7.040420221642029741e-13
4.702385399471542549e-13
2.386281276745005897e-13
1.363326887769992710e-14
-2.000676100483156361e-13
-4.048410369959787314e-13
-6.034241574297272148e-13
-7.912139910262738773e-13
-9.636191584255771048e-13
-1.123825858762028673e-12
-1.275117273054349187e-12
-1.413225981551635702e-12
-1.534192369499753905e-12
-1.641533588746246775e-12
-1.738666285597267880e-12
-1.822095425929592949e-12
-1.888788604686997274e-12
-1.942191199533205292e-12
-1.985413135979774424e-12
-2.015958797466077534e-12
-2.031946876382417777e-12
-2.036304718594506014e-12
-2.031522302811672454e-12
-2.016236786903102818e-12
-1.989703974497603056e-12
-1.954102244600131044e-12
-1.911070043533746876e-12
-1.860343910170536574e-12
-1.802273824971778460e-12
-1.738102825728227163e-12
-1.668575650912162978e-12
-1.594411451824595538e-12
-1.516804151897865882e-12
-1.436097443220651915e-12
-1.352186375022657039e-12
-1.266511093049593750e-12
-1.180848279401514045e-12
-1.094726522973821226e-12
-1.007364439260804989e-12
-9.206335780526098134e-13
-8.365561390312470369e-13
-7.540653214690995476e-13
-6.719108776309656861e-13
-5.921068214724545253e-13
-5.166714495477564562e-13
-4.441747805065260346e-13
-3.731391823129370788e-13
-3.054954293008060873e-13
-2.430559551368227655e-13
-1.842608639453235941e-13
-1.276232808669619523e-13
-7.481762063187014089e-14
-2.729439497496915362e-14
1.642065525437122475e-14
5.765304005684798727e-14
9.512299937531124017e-14
1.278159164879583143e-13
1.569865114639523718e-13
1.836695400804500000e-13
2.070326467771069212e-13
2.265385416148207876e-13
2.430994587489937464e-13
2.574163213316105203e-13
2.691007139343781773e-13
2.780007940430401225e-13
2.846861201638573036e-13
2.895119040335902838e-13
2.924349401956655159e-13
2.936141455835150627e-13
2.932728387396166259e-13
2.914852875127854626e-13
2.884696062750713441e-13
2.845637679486923144e-13
2.797442453465054379e-13
2.738655114319088479e-13
2.673085819533682628e-13
2.605379562266307847e-13
2.533361975060044458e-13
2.454309813108151994e-13
2.372979200290781243e-13
2.294232512300986571e-13
2.214930170697793077e-13
2.131680113459308301e-13
2.049224776413255400e-13
1.972036629046408640e-13
1.896515442519758343e-13
1.819314420252113318e-13
1.744500811168281373e-13
1.675460307602391619e-13
1.608895715222644074e-13
1.541943385040961401e-13
1.477610622833275267e-13
1.418203797671005462e-13
1.361093990336417758e-13
1.304223249580863109e-13
1.249641530661968480e-13
1.198748945160227342e-13
1.149783257969536066e-13
1.101496620151999617e-13
1.055173472468834417e-13
1.011550936872059048e-13
9.696236191346005451e-14
9.288116743820865051e-14
8.897337077165556884e-14
8.525532981407818456e-14
8.168375101747643585e-14
7.825035378775796469e-14
7.495849237539389809e-14
7.177625735519527206e-14
6.870618982600384950e-14
6.577296216350725366e-14
6.294049076415245136e-14
6.015841443702749092e-14
5.745897464423666001e-14
5.488677614078237010e-14
5.240015168192328765e-14
4.995679705414174387e-14
4.760382422996402296e-14
4.538593960834620689e-14
4.327325986690916393e-14
4.124369438638850194e-14
3.933376722746982634e-14
3.757351079033098562e-14
3.594253529786567425e-14
3.442404239266394494e-14
3.303587397672676229e-14
3.178737112939644671e-14
3.065737496765058578e-14
2.962961907077010792e-14
2.870596352310718358e-14
2.788454315811195877e-14
2.714593042810620888e-14
2.647489229256651255e-14
2.586842686672780056e-14
2.531882615077005877e-14
2.481161604569060569e-14
2.433827370597416856e-14
2.389109451993252226e-14
2.346065948119219896e-14
2.303706169240211238e-14
2.260997921006702160e-14
2.217013194121680852e-14
2.170777223069447065e-14
2.120393162267919518e-14
2.063438666894540363e-14
1.999030959211681169e-14
1.926860533380415214e-14
1.843331565133058542e-14
1.744041516022962202e-14
1.629422203446636436e-14
1.500556813137030043e-14
1.352595827361227979e-14
1.180498383643530450e-14
9.864591443502733481e-15
7.733247331072942016e-15
5.365451006801797221e-15
2.717807914010277222e-15
-1.707018351761099015e-16
-3.260187038817965663e-15
-6.583894772416425817e-15
-1.016893715771478163e-14
-1.397119351903997747e-14
-1.794771335673558954e-14
-2.211715172443194655e-14
-2.649276638181947280e-14
-3.103179741165487671e-14
-3.569644173350219885e-14
-4.048974019564208215e-14
-4.540468952966662808e-14
-5.040582954827198259e-14
-5.546409685697195613e-14
-6.055864766900051488e-14
-6.565595642030533363e-14
-7.073237395099907232e-14
-7.577628574530897998e-14
-8.073623285762346335e-14
-8.554356496163345591e-14
-9.019624240200196930e-14
-9.470539857978771403e-14
-9.898563224511672254e-14
-1.029378405431602417e-13
-1.065870482153119525e-13
-1.099730319287749170e-13
-1.129877170557430643e-13
-1.155138810125799775e-13
-1.176079226410456369e-13
-1.193363848494763402e-13
-1.205813064415056646e-13
-1.212228288669653375e-13
-1.213417522927598413e-13
-1.210261816979307792e-13
-1.201618963836068033e-13
-1.186373048411848430e-13
-1.165521536705335648e-13
-1.140080461677420165e-13
-1.109048088283361155e-13
-1.071508943313766171e-13
-1.028549058532286786e-13
-9.812294612899716273e-14
-9.287980540922946560e-14
-8.706374515646611578e-14
-8.078194553172088344e-14
-7.413174078502865472e-14
-6.707252076876626945e-14
-5.958310965925237013e-14
-5.175437715106839809e-14
-4.366251216375398314e-14
-3.531055385152387371e-14
-2.672336940764356156e-14
-1.796524185654607003e-14
-9.082278589682239722e-15
-1.233120358431263061e-16
8.841999906501665091e-15
1.778327376848742869e-14
2.668788889154897342e-14
3.546663491864852913e-14
4.401400373181020564e-14
5.233503178893837704e-14
6.045066790888453667e-14
6.824390634844676451e-14
7.558850870529806865e-14
8.252593216000886356e-14
8.911141003700370766e-14
9.521853791549794721e-14
1.007188852718970962e-13
1.056895117756105618e-13
1.102164963028701150e-13
1.141806240485473967e-13
1.174679250355234461e-13
1.201811274196412649e-13
1.224257647298651608e-13
1.241022801017066524e-13
1.251208744902296277e-13
1.255939932132479897e-13
1.256283895271700923e-13
1.251506900499729791e-13
1.241022936542338084e-13
1.225869042777508189e-13
1.206985358014056597e-13
1.183969236670176506e-13
1.156577681933959600e-13
1.125687135736588851e-13
1.092048137031967348e-13
1.055608034252093763e-13
1.016474502225223064e-13
9.753032799778016404e-14
9.326355876818070989e-14
8.887174714677578691e-14
8.439005516527181561e-14
7.986002809566572491e-14
7.531113590825838644e-14
7.078491032251957304e-14
6.632915787799231744e-14
6.195706518359947457e-14
5.767296904803098645e-14
5.352218234583316914e-14
4.954961476386944563e-14
4.574423793316656495e-14
4.208899938643040350e-14
3.862105676499111295e-14
3.537375945004798961e-14
3.231998544662995076e-14
2.943310403887532123e-14
2.673498222935041801e-14
2.423895231664502381e-14
2.191513436651179592e-14
1.973729238044247963e-14
1.770593796633721656e-14
1.581245510505653595e-14
1.403189274707316789e-14
1.234575762204970922e-14
1.073433165000702710e-14
9.169773705001819930e-15
7.638643068227056465e-15
6.133564623810993516e-15
4.619310694993798358e-15
3.054825171305581427e-15
1.438039598289147722e-15
-2.285051369719766703e-16
-1.991059150980244684e-15
-3.898713508743200176e-15
-5.944043119445211951e-15
-8.116675429372440659e-15
-1.046431194598245948e-14
-1.303229561349121199e-14
-1.580365782086635279e-14
-1.876105472147990283e-14
-2.193834306926656375e-14
-2.536037819903056573e-14
-2.900251653420449216e-14
-3.284202201641814312e-14
-3.688353469215657765e-14
-4.111976330180983075e-14
-4.552367055370154514e-14
-5.007433134590275059e-14
-5.474397655027066212e-14
-5.949362909870442584e-14
-6.430717503641547594e-14
-6.917688264666127518e-14
-7.404917201333030552e-14
-7.886187769435767936e-14
-8.361771697143818849e-14
-8.832841278056183243e-14
-9.291868083337664896e-14
-9.730461743425941612e-14
-1.015073035392013989e-13
-1.055551452451217176e-13
-1.093514249419710871e-13
-1.127923167192068643e-13
-1.159142226647702500e-13
-1.187596299512955200e-13
-1.212164456266748291e-13
-1.231695274201902168e-13
-1.246703071723989642e-13
-1.257752311589060978e-13
-1.263697398676613681e-13
-1.263403444362598549e-13
-1.257541976367598791e-13
-1.246808781435806979e-13
-1.230165329411253561e-13
-1.206629875226752913e-13
-1.176981824719050551e-13
-1.142005462634668178e-13
-1.100876659797245249e-13
-1.052843047661712605e-13
-9.987311948593188826e-14
-9.393308749100839905e-14
-8.741075761429725755e-14
-8.026383241854437300e-14
-7.257162806893063811e-14
-6.440891385777608447e-14
-5.576051434279770402e-14
-4.662293974825280907e-14
-3.706841487948787928e-14
-2.716168862905692788e-14
-1.692813471592790470e-14
-6.404684623634044477e-15
4.352245441889253733e-15
1.529454866791915557e-14
2.636063601831137998e-14
3.748014743075282762e-14
4.861856292451109673e-14
5.975025297666816670e-14
7.078603518227352676e-14
8.163107912068437444e-14
9.227557953850329397e-14
1.027186826265194530e-13
1.128534047353628444e-13
1.225674835063361723e-13
1.318764162542424012e-13
1.408028018181142760e-13
1.492272966438154547e-13
1.570271419403662660e-13
1.642393361069027780e-13
1.709107166772763642e-13
1.769152315964084288e-13
1.821192936041216015e-13
1.865842143332699377e-13
1.903787593066433304e-13
1.933706694117257041e-13
1.954233351747838854e-13
1.966171501869076743e-13
1.970439057145251249e-13
1.965739718353884391e-13
1.950708746010360040e-13
1.926381553189401852e-13
1.893851015680875216e-13
1.851913126972234980e-13
1.799368081834354371e-13
1.737388173866233343e-13
1.667230806537411958e-13
1.587912744002717425e-13
1.498434758434932790e-13
1.400114426524171063e-13
1.294283419588787565e-13
1.180212205091971112e-13
1.057218955392499882e-13
9.266279556814291385e-14
7.897797541824014278e-14
6.462681138939135872e-14
4.957403302967289260e-14
3.394888401430859459e-14
1.787460763712396539e-14
1.348520603621221770e-15
-1.561835242299552950e-14
-3.291216312071437722e-14
-5.042852325499481980e-14
-6.812168288228975799e-14
-8.592699983619653259e-14
-1.037546106972750404e-13
-1.215312708325103075e-13
-1.391555599049298930e-13
-1.565017104625254785e-13
-1.735161087078676556e-13
-1.901681936922194893e-13
-2.062983573032639573e-13
-2.217184498064933562e-13
-2.364250559650643568e-13
-2.504407000791103455e-13
-2.635517672155973656e-13
-2.755198955269044792e-13
-2.863991324913300884e-13
-2.962743169288711842e-13
-3.048941307759456265e-13
-3.119838914121542128e-13
-3.176648126403808226e-13
-3.220830720185308138e-13
-3.249698687229907179e-13
-3.260472133167352515e-13
-3.254957609867548118e-13
-3.235204801537577834e-13
-3.198678301397084311e-13
-3.142815597611398060e-13
-3.069974287804588808e-13
-2.982609547796249982e-13
-2.878590378216361323e-13
-2.755935399594705570e-13
-2.617271633795215102e-13
-2.465258357696453739e-13
-2.298468761239430558e-13
-2.115696262931440752e-13
-1.919648251122452187e-13
-1.712885069242789382e-13
-1.494871121419244497e-13
-1.265437272112909795e-13
-1.027011456563795000e-13
-7.817917591513429132e-14
-5.302864674065418948e-14
-2.733966888599989598e-14
-1.303199999899262024e-15
2.492626703729915877e-14
5.119399709382389807e-14
7.730241549956315406e-14
1.031408573999581524e-13
1.286387581742390318e-13
1.535498074176078198e-13
1.775924649309243430e-13
2.007513485958664634e-13
2.230531568909316364e-13
2.441901661345141639e-13
2.638309763800666952e-13
2.820626219569855042e-13
2.990095150645633026e-13
3.143413264058980694e-13
3.277176436038836682e-13
3.393202331527372939e-13
3.493571263443046027e-13
3.575132811323156190e-13
3.634800251582637198e-13
3.675096522676862820e-13
3.698694182961009824e-13
3.702955639599964099e-13
3.685411622145889909e-13
3.649009263154145977e-13
3.596671842732296343e-13
3.526523691121941084e-13
3.436994070425691827e-13
3.331065891870599316e-13
3.211593317675731640e-13
3.077654775994476122e-13
2.928662358198802496e-13
2.767337140691106256e-13
2.596126438825230309e-13
2.415086902164687022e-13
2.224651669477384353e-13
2.026951875658614122e-13
1.823813452692113479e-13
1.616214486462735911e-13
1.405434742109828994e-13
1.192865928647049434e-13
9.795435269117566679e-14
7.671355819463196446e-14
5.575462915788018115e-14
3.512907534850874536e-14
1.485827418404046113e-14
-4.849887462796522233e-15
-2.377748029665140844e-14
-4.195429404276265761e-14
-5.943532612687901784e-14
-7.600349386308047350e-14
-9.144140116325652490e-14
-1.058483812751975783e-13
-1.193382279931695655e-13
-1.317112380532642346e-13
-1.427776896278237784e-13
-1.526832452787216243e-13
-1.615788123958405986e-13
-1.693020452563781530e-13
-1.757063055165056231e-13
-1.809591566219806436e-13
-1.852245028362287105e-13
-1.883878117522538864e-13
-1.903523454312161522e-13
-1.912846237742821254e-13
-1.913408125518711866e-13
-1.904558460811070497e-13
-1.885826293301223755e-13
-1.858680445882346377e-13
-1.824464380571419464e-13
-1.782988904089344295e-13
-1.734206989166889312e-13
-1.679303668778581171e-13
-1.619316524403488500e-13
-1.554442067685374296e-13
-1.485006643478156696e-13
-1.411849153212796359e-13
-1.335684357171504355e-13
-1.257042972317712337e-13
-1.176543264940280165e-13
-1.094701721849125620e-13
-1.011903641391295738e-13
-9.289462509767462683e-14
-8.467083642289124912e-14
-7.653712461985068272e-14
-6.850200067560693884e-14
-6.066558388452547579e-14
-5.313033474003796275e-14
-4.588530618833408514e-14
-3.891109439865814146e-14
-3.231392069072760997e-14
-2.619661147620737374e-14
-2.052024897930288666e-14
-1.524306261725325018e-14
-1.045695038263787235e-14
-6.240527097357319308e-15
-2.534856632458110451e-15
7.174425179176679469e-16
3.460744747211760321e-15
5.657111132079291338e-15
7.374517019449484262e-15
8.674089177235656117e-15
9.543388079574430249e-15
9.984390701364698195e-15
1.005708052779922049e-14
9.813182472835028231e-15
9.266049163852638215e-15
8.430646825997086674e-15
7.345373156833305550e-15
6.044089568977206381e-15
4.531483542758894464e-15
2.798534177290111502e-15
8.625919895832961752e-16
-1.256467180495992545e-15
-3.593902773443109419e-15
-6.206278590684512556e-15
-9.083306887680206443e-15
-1.220388892074703371e-14
-1.564885069129436784e-14
-1.951695878207090201e-14
-2.378042288911016988e-14
-2.839894796104538988e-14
-3.347387810188375001e-14
-3.910856488371743100e-14
-4.524351948859486883e-14
-5.180882442891790451e-14
-5.888566273048317923e-14
-6.654492766284408889e-14
-7.469635261887763722e-14
-8.324944059849917477e-14
-9.223878442727456717e-14
-1.016803964160387097e-13
-1.114754244317152365e-13
-1.215309591243857179e-13
-1.318310152882695707e-13
-1.423453911165994956e-13
-1.529884888478577620e-13
-1.636878702243951822e-13
-1.743937161563860472e-13
-1.850432377855162902e-13
-1.955824553961232892e-13
-2.059719988968186644e-13
-2.161322065329790432e-13
-2.259647005099785222e-13
-2.354465906094505012e-13
-2.445756271118870728e-13
-2.532160408002387397e-13
-2.611923806579430352e-13
-2.685132118821625946e-13
-2.752164544438800986e-13
-2.810578375936345630e-13
-2.857318873693281969e-13
-2.892897510084480039e-13
-2.918269738274442693e-13
-2.929458704694493099e-13
-2.921753550905181740e-13
-2.896407614617901860e-13
-2.855238018673739164e-13
-2.792683076978386136e-13
-2.702545760964458754e-13
-2.587228391595641774e-13
-2.449739358850039350e-13
-2.283441177027695224e-13
-2.081359986704639509e-13
-1.847325189954091007e-13
-1.585700158419217631e-13
-1.289630972541380705e-13
-9.522710988892416073e-14
-5.788677371644512792e-14
-1.749687668242769917e-14
2.656077465715452057e-14
7.486308258421517370e-14
1.267833901015189002e-13
1.816905865125936770e-13
2.400493540923032132e-13
3.022498158873621055e-13
3.676166901271649134e-13
4.355108396310314323e-13
5.061626573606148316e-13
5.796791540703394308e-13
6.554147415765987361e-13
7.327956600897134187e-13
8.117139772834125466e-13
8.918938179149071832e-13
9.727914003845872237e-13
1.053987301082026651e-12
1.134931341614797695e-12
1.214853413179783903e-12
1.293417629943949265e-12
1.370450844820347847e-12
1.444882299743432963e-12
1.515410626845570263e-12
1.582010997897009830e-12
1.644862631516863516e-12
1.702388664065468404e-12
1.752798969335833679e-12
1.796495352653082467e-12
1.834088002999889611e-12
1.863605840826676463e-12
1.882940201328175966e-12
1.892979479764522743e-12
1.894805926744291824e-12
1.886267617795533980e-12
1.865167091955055589e-12
1.832885405950168689e-12
1.790938382838225262e-12
1.737242511304359915e-12
1.669785512116439552e-12
1.590350572587551081e-12
1.500776282761795422e-12
1.399314475056256946e-12
1.284399995214735579e-12
1.158062578124341435e-12
1.022284362196812513e-12
8.759012395595511258e-13
7.180434090196807784e-13
5.507737820507896398e-13
3.759995515894426488e-13
1.933598951526366294e-13
2.877368804240490116e-15
-1.935954651796634174e-13
-3.944656016760528239e-13
-5.991408541169973567e-13
-8.065996330054725494e-13
-1.015450419063201881e-12
-1.224647228244279962e-12
-1.432616286885235457e-12
-1.637362012467391548e-12
-1.838189973499271268e-12
-2.034791172361716249e-12
-2.224729732033803309e-12
-2.405235299124397486e-12
-2.576469636597633617e-12
-2.738982218114527356e-12
-2.889750288018189117e-12
-3.025542490153743103e-12
-3.147449098225840736e-12
-3.256878924537409681e-12
-3.350577627847517448e-12
-3.425255088243539525e-12
-3.482844004518148573e-12
-3.525503023196763230e-12
-3.550140433364323833e-12
-3.553777497972143706e-12
-3.539012399106367113e-12
-3.508518128803039815e-12
-3.459707780678611400e-12
-3.390272220946122239e-12
-3.303166767887333322e-12
-3.201292529675381360e-12
-3.082866644257831190e-12
-2.946480082491320651e-12
-2.795138035957545064e-12
-2.631633192612392591e-12
-2.455165844933437924e-12
-2.265396637640693100e-12
-2.065018728930612113e-12
-1.856418664625270054e-12
-1.639857303767366936e-12
-1.416040895652059817e-12
-1.187073117754622320e-12
-9.546614800765018671e-13
-7.200265774234826388e-13
-4.847915688679926838e-13
-2.502208238785302852e-13
-1.717988984851082784e-14
2.123629099176974067e-13
4.361605206778390587e-13
6.538810291834007415e-13
8.655707986297833667e-13
1.068824390972056282e-12
1.261080866468700101e-12
1.442934313700128257e-12
1.615270742681695904e-12
1.775558541340649388e-12
1.921247666167302803e-12
2.053710066590719308e-12
2.174505367436019299e-12
2.281259165945459522e-12
2.371698540684641365e-12
2.447748817871464588e-12
2.511411651556771929e-12
2.560702301243611423e-12
2.593823810251305595e-12
2.613006599289091625e-12
2.620434251532355319e-12
2.614667597017339418e-12
2.594529409025159161e-12
2.562273310191542919e-12
2.520028673583252221e-12
2.466985600177440396e-12
2.402599820483519721e-12
2.328930668107909163e-12
2.247828008797303490e-12
2.159079989447199033e-12
2.062744506453606519e-12
1.960470848161310897e-12
1.853686258310172086e-12
1.742695939811744754e-12
1.628005781399710639e-12
1.510769807866463310e-12
1.391897773254935355e-12
1.272057546103377845e-12
1.152077890552438699e-12
1.032556635680026424e-12
9.138954783910469004e-13
7.969886144272575468e-13
6.828098199698762194e-13
5.714662141935444861e-13
4.628936665397598293e-13
3.580672000222384632e-13
2.579997576256792824e-13
1.623731260124577913e-13
7.076421561355225598e-14
-1.587324665968097709e-14
-9.660778714547582635e-14
-1.720532760316959009e-13
-2.428853559249821714e-13
-3.082650779605289326e-13
-3.674073035826036504e-13
-4.211111168973824537e-13
-4.701838961576609854e-13
-5.139573662493734929e-13
-5.518431306535120928e-13
-5.847065995441547148e-13
-6.133835301659618100e-13
-6.374000719594485886e-13
-6.563706284219705811e-13
-6.711254273671085624e-13
-6.824404864998190323e-13
-6.900231254436395290e-13
-6.936569916550505699e-13
-6.940656816639689808e-13
-6.918989036222567002e-13
-6.870058450077209944e-13
-6.793070880112273002e-13
-6.693692908982251666e-13
-6.576890182637129545e-13
-6.442283230316536713e-13
-6.290017335111586227e-13
-6.124183191819065897e-13
-5.948149416588888183e-13
-5.762355111300909716e-13
-5.567720221498484445e-13
-5.366759554120692499e-13
-5.161435515099732640e-13
-4.952788396420104711e-13
-4.742122493295308772e-13
-4.530645064844407433e-13
-4.319074123956129219e-13
-4.108694179154326331e-13
-3.900943695671343914e-13
