-3.695890707193505431e-13
-3.493298857647209044e-13
-3.294471900144868570e-13
-3.100726598224967656e-13
-2.911373399305805520e-13
0.000000000000000000e+00
0.000000000000000000e+00
0.000000000000000000e+00
0.000000000000000000e+00
0.000000000000000000e+00
0.000000000000000000e+00
0.000000000000000000e+00
0.000000000000000000e+00
0.000000000000000000e+00
0.000000000000000000e+00
0.000000000000000000e+00
0.000000000000000000e+00
0.000000000000000000e+00
0.000000000000000000e+00
0.000000000000000000e+00
0.000000000000000000e+00
0.000000000000000000e+00
0.000000000000000000e+00
0.000000000000000000e+00
0.000000000000000000e+00
0.000000000000000000e+00
0.000000000000000000e+00
0.000000000000000000e+00
0.000000000000000000e+00
0.000000000000000000e+00
0.000000000000000000e+00
0.000000000000000000e+00
0.000000000000000000e+00
0.000000000000000000e+00
0.000000000000000000e+00
0.000000000000000000e+00
0.000000000000000000e+00
0.000000000000000000e+00
0.000000000000000000e+00
0.000000000000000000e+00
0.000000000000000000e+00
0.000000000000000000e+00
0.000000000000000000e+00
0.000000000000000000e+00
0.000000000000000000e+00
0.000000000000000000e+00
0.000000000000000000e+00
0.000000000000000000e+00
0.000000000000000000e+00
0.000000000000000000e+00
0.000000000000000000e+00
0.000000000000000000e+00
0.000000000000000000e+00
0.000000000000000000e+00
0.000000000000000000e+00
0.000000000000000000e+00
0.000000000000000000e+00
0.000000000000000000e+00
0.000000000000000000e+00
0.000000000000000000e+00
0.000000000000000000e+00
0.000000000000000000e+00
0.000000000000000000e+00
0.000000000000000000e+00
0.000000000000000000e+00
0.000000000000000000e+00
0.000000000000000000e+00
0.000000000000000000e+00
0.000000000000000000e+00
0.000000000000000000e+00
0.000000000000000000e+00
0.000000000000000000e+00
0.000000000000000000e+00
0.000000000000000000e+00
0.000000000000000000e+00
0.000000000000000000e+00
0.000000000000000000e+00
0.000000000000000000e+00
0.000000000000000000e+00
0.000000000000000000e+00
0.000000000000000000e+00
0.000000000000000000e+00
0.000000000000000000e+00
0.000000000000000000e+00
0.000000000000000000e+00
0.000000000000000000e+00
0.000000000000000000e+00
0.000000000000000000e+00
0.000000000000000000e+00
0.000000000000000000e+00
0.000000000000000000e+00
0.000000000000000000e+00
0.000000000000000000e+00
0.000000000000000000e+00
0.000000000000000000e+00
0.000000000000000000e+00
0.000000000000000000e+00
0.000000000000000000e+00
0.000000000000000000e+00
0.000000000000000000e+00
0.000000000000000000e+00
0.000000000000000000e+00
0.000000000000000000e+00
0.000000000000000000e+00
0.000000000000000000e+00
0.000000000000000000e+00
0.000000000000000000e+00
0.000000000000000000e+00
0.000000000000000000e+00
0.000000000000000000e+00
0.000000000000000000e+00
0.000000000000000000e+00
0.000000000000000000e+00
0.000000000000000000e+00
0.000000000000000000e+00
0.000000000000000000e+00
0.000000000000000000e+00
0.000000000000000000e+00
0.000000000000000000e+00
0.000000000000000000e+00
0.000000000000000000e+00
0.000000000000000000e+00
0.000000000000000000e+00
0.000000000000000000e+00
0.000000000000000000e+00
0.000000000000000000e+00
0.000000000000000000e+00
0.000000000000000000e+00
0.000000000000000000e+00
0.000000000000000000e+00
0.000000000000000000e+00
0.000000000000000000e+00
0.000000000000000000e+00
0.000000000000000000e+00
0.000000000000000000e+00
0.000000000000000000e+00
0.000000000000000000e+00
0.000000000000000000e+00
0.000000000000000000e+00
0.000000000000000000e+00
0.000000000000000000e+00
0.000000000000000000e+00
0.000000000000000000e+00
0.000000000000000000e+00
0.000000000000000000e+00
0.000000000000000000e+00
0.000000000000000000e+00
0.000000000000000000e+00
0.000000000000000000e+00
0.000000000000000000e+00
0.000000000000000000e+00
0.000000000000000000e+00
0.000000000000000000e+00
0.000000000000000000e+00
0.000000000000000000e+00
0.000000000000000000e+00
0.000000000000000000e+00
0.000000000000000000e+00
0.000000000000000000e+00
0.000000000000000000e+00
0.000000000000000000e+00
0.000000000000000000e+00
0.000000000000000000e+00
0.000000000000000000e+00
0.000000000000000000e+00
0.000000000000000000e+00
0.000000000000000000e+00
0.000000000000000000e+00
0.000000000000000000e+00
0.000000000000000000e+00
0.000000000000000000e+00
0.000000000000000000e+00
0.000000000000000000e+00
0.000000000000000000e+00
0.000000000000000000e+00
0.000000000000000000e+00
0.000000000000000000e+00
0.000000000000000000e+00
0.000000000000000000e+00
0.000000000000000000e+00
0.000000000000000000e+00
0.000000000000000000e+00
0.000000000000000000e+00
0.000000000000000000e+00
0.000000000000000000e+00
0.000000000000000000e+00
0.000000000000000000e+00
0.000000000000000000e+00
0.000000000000000000e+00
0.000000000000000000e+00
0.000000000000000000e+00
0.000000000000000000e+00
0.000000000000000000e+00
0.000000000000000000e+00
0.000000000000000000e+00
0.000000000000000000e+00
0.000000000000000000e+00
0.000000000000000000e+00
0.000000000000000000e+00
0.000000000000000000e+00
0.000000000000000000e+00
0.000000000000000000e+00
0.000000000000000000e+00
0.000000000000000000e+00
0.000000000000000000e+00
0.000000000000000000e+00
0.000000000000000000e+00
0.000000000000000000e+00
0.000000000000000000e+00
0.000000000000000000e+00
0.000000000000000000e+00
0.000000000000000000e+00
0.000000000000000000e+00
0.000000000000000000e+00
0.000000000000000000e+00
0.000000000000000000e+00
0.000000000000000000e+00
0.000000000000000000e+00
0.000000000000000000e+00
0.000000000000000000e+00
0.000000000000000000e+00
0.000000000000000000e+00
0.000000000000000000e+00
0.000000000000000000e+00
0.000000000000000000e+00
0.000000000000000000e+00
0.000000000000000000e+00
0.000000000000000000e+00
0.000000000000000000e+00
0.000000000000000000e+00
0.000000000000000000e+00
0.000000000000000000e+00
0.000000000000000000e+00
0.000000000000000000e+00
0.000000000000000000e+00
0.000000000000000000e+00
0.000000000000000000e+00
0.000000000000000000e+00
0.000000000000000000e+00
0.000000000000000000e+00
0.000000000000000000e+00
0.000000000000000000e+00
0.000000000000000000e+00
0.000000000000000000e+00
0.000000000000000000e+00
0.000000000000000000e+00
0.000000000000000000e+00
0.000000000000000000e+00
0.000000000000000000e+00
0.000000000000000000e+00
0.000000000000000000e+00
0.000000000000000000e+00
0.000000000000000000e+00
0.000000000000000000e+00
0.000000000000000000e+00
0.000000000000000000e+00
0.000000000000000000e+00
0.000000000000000000e+00
0.000000000000000000e+00
0.000000000000000000e+00
0.000000000000000000e+00
0.000000000000000000e+00
0.000000000000000000e+00
0.000000000000000000e+00
0.000000000000000000e+00
0.000000000000000000e+00
0.000000000000000000e+00
0.000000000000000000e+00
0.000000000000000000e+00
0.000000000000000000e+00
0.000000000000000000e+00
0.000000000000000000e+00
0.000000000000000000e+00
0.000000000000000000e+00
0.000000000000000000e+00
0.000000000000000000e+00
0.000000000000000000e+00
0.000000000000000000e+00
0.000000000000000000e+00
0.000000000000000000e+00
0.000000000000000000e+00
0.000000000000000000e+00
0.000000000000000000e+00
0.000000000000000000e+00
0.000000000000000000e+00
0.000000000000000000e+00
0.000000000000000000e+00
0.000000000000000000e+00
0.000000000000000000e+00
0.000000000000000000e+00
0.000000000000000000e+00
0.000000000000000000e+00
0.000000000000000000e+00
0.000000000000000000e+00
0.000000000000000000e+00
0.000000000000000000e+00
0.000000000000000000e+00
0.000000000000000000e+00
0.000000000000000000e+00
0.000000000000000000e+00
0.000000000000000000e+00
0.000000000000000000e+00
0.000000000000000000e+00
0.000000000000000000e+00
0.000000000000000000e+00
0.000000000000000000e+00
0.000000000000000000e+00
0.000000000000000000e+00
0.000000000000000000e+00
0.000000000000000000e+00
0.000000000000000000e+00
0.000000000000000000e+00
0.000000000000000000e+00
0.000000000000000000e+00
0.000000000000000000e+00
0.000000000000000000e+00
0.000000000000000000e+00
0.000000000000000000e+00
0.000000000000000000e+00
0.000000000000000000e+00
0.000000000000000000e+00
0.000000000000000000e+00
0.000000000000000000e+00
0.000000000000000000e+00
0.000000000000000000e+00
0.000000000000000000e+00
0.000000000000000000e+00
0.000000000000000000e+00
0.000000000000000000e+00
0.000000000000000000e+00
0.000000000000000000e+00
0.000000000000000000e+00
0.000000000000000000e+00
0.000000000000000000e+00
0.000000000000000000e+00
0.000000000000000000e+00
0.000000000000000000e+00
0.000000000000000000e+00
0.000000000000000000e+00
0.000000000000000000e+00
0.000000000000000000e+00
0.000000000000000000e+00
0.000000000000000000e+00
0.000000000000000000e+00
0.000000000000000000e+00
0.000000000000000000e+00
0.000000000000000000e+00
0.000000000000000000e+00
0.000000000000000000e+00
0.000000000000000000e+00
0.000000000000000000e+00
0.000000000000000000e+00
0.000000000000000000e+00
0.000000000000000000e+00
0.000000000000000000e+00
0.000000000000000000e+00
0.000000000000000000e+00
0.000000000000000000e+00
0.000000000000000000e+00
0.000000000000000000e+00
0.000000000000000000e+00
0.000000000000000000e+00
0.000000000000000000e+00
0.000000000000000000e+00
0.000000000000000000e+00
0.000000000000000000e+00
0.000000000000000000e+00
0.000000000000000000e+00
0.000000000000000000e+00
0.000000000000000000e+00
0.000000000000000000e+00
0.000000000000000000e+00
0.000000000000000000e+00
0.000000000000000000e+00
0.000000000000000000e+00
0.000000000000000000e+00
0.000000000000000000e+00
0.000000000000000000e+00
0.000000000000000000e+00
0.000000000000000000e+00
0.000000000000000000e+00
0.000000000000000000e+00
0.000000000000000000e+00
0.000000000000000000e+00
0.000000000000000000e+00
0.000000000000000000e+00
0.000000000000000000e+00
0.000000000000000000e+00
0.000000000000000000e+00
0.000000000000000000e+00
0.000000000000000000e+00
0.000000000000000000e+00
0.000000000000000000e+00
0.000000000000000000e+00
0.000000000000000000e+00
0.000000000000000000e+00
0.000000000000000000e+00
0.000000000000000000e+00
0.000000000000000000e+00
0.000000000000000000e+00
0.000000000000000000e+00
0.000000000000000000e+00
0.000000000000000000e+00
0.000000000000000000e+00
0.000000000000000000e+00
0.000000000000000000e+00
0.000000000000000000e+00
0.000000000000000000e+00
0.000000000000000000e+00
0.000000000000000000e+00
0.000000000000000000e+00
0.000000000000000000e+00
0.000000000000000000e+00
0.000000000000000000e+00
0.000000000000000000e+00
0.000000000000000000e+00
0.000000000000000000e+00
0.000000000000000000e+00
0.000000000000000000e+00
0.000000000000000000e+00
0.000000000000000000e+00
0.000000000000000000e+00
0.000000000000000000e+00
0.000000000000000000e+00
0.000000000000000000e+00
0.000000000000000000e+00
0.000000000000000000e+00
0.000000000000000000e+00
0.000000000000000000e+00
0.000000000000000000e+00
0.000000000000000000e+00
0.000000000000000000e+00
0.000000000000000000e+00
0.000000000000000000e+00
0.000000000000000000e+00
0.000000000000000000e+00
0.000000000000000000e+00
0.000000000000000000e+00
0.000000000000000000e+00
0.000000000000000000e+00
0.000000000000000000e+00
0.000000000000000000e+00
0.000000000000000000e+00
0.000000000000000000e+00
0.000000000000000000e+00
0.000000000000000000e+00
0.000000000000000000e+00
0.000000000000000000e+00
0.000000000000000000e+00
0.000000000000000000e+00
0.000000000000000000e+00
0.000000000000000000e+00
0.000000000000000000e+00
0.000000000000000000e+00
0.000000000000000000e+00
0.000000000000000000e+00
0.000000000000000000e+00
0.000000000000000000e+00
0.000000000000000000e+00
0.000000000000000000e+00
0.000000000000000000e+00
0.000000000000000000e+00
0.000000000000000000e+00
0.000000000000000000e+00
0.000000000000000000e+00
0.000000000000000000e+00
0.000000000000000000e+00
0.000000000000000000e+00
0.000000000000000000e+00
0.000000000000000000e+00
0.000000000000000000e+00
0.000000000000000000e+00
0.000000000000000000e+00
0.000000000000000000e+00
0.000000000000000000e+00
0.000000000000000000e+00
0.000000000000000000e+00
0.000000000000000000e+00
0.000000000000000000e+00
0.000000000000000000e+00
0.000000000000000000e+00
0.000000000000000000e+00
0.000000000000000000e+00
0.000000000000000000e+00
0.000000000000000000e+00
0.000000000000000000e+00
0.000000000000000000e+00
0.000000000000000000e+00
0.000000000000000000e+00
0.000000000000000000e+00
0.000000000000000000e+00
0.000000000000000000e+00
0.000000000000000000e+00
0.000000000000000000e+00
0.000000000000000000e+00
0.000000000000000000e+00
0.000000000000000000e+00
0.000000000000000000e+00
0.000000000000000000e+00
0.000000000000000000e+00
0.000000000000000000e+00
0.000000000000000000e+00
0.000000000000000000e+00
0.000000000000000000e+00
0.000000000000000000e+00
0.000000000000000000e+00
0.000000000000000000e+00
0.000000000000000000e+00
0.000000000000000000e+00
0.000000000000000000e+00
0.000000000000000000e+00
0.000000000000000000e+00
0.000000000000000000e+00
1.401298464324817071e-45
4.203895392974451213e-45
9.809089250273719496e-45
1.821688003622262192e-44
2.662467082217152435e-44
3.363116314379560970e-44
3.923635700109487799e-44
4.063765546541969506e-44
3.783505853677006091e-44
3.222986467947079263e-44
2.382207389352189021e-44
1.401298464324817071e-44
5.605193857299268284e-45
0.000000000000000000e+00
7.006492321624085355e-45
2.382207389352189021e-44
3.643376007244524384e-44
5.465064010866786577e-44
7.707141553786493890e-44
1.022947878957116462e-43
1.233142648605839022e-43
1.457350402897809754e-43
1.709584126476276827e-43
1.947804865411495729e-43
2.186025604346714631e-43
2.410233358638685362e-43
2.648454097573904264e-43
2.858648867222626825e-43
2.984765729011860361e-43
3.138908560087590239e-43
3.321077360449816458e-43
3.517259145455290848e-43
3.755479884390509750e-43
3.951661669395984140e-43
4.231921362260947554e-43
4.568232993698903651e-43
4.876518655850363407e-43
5.156778348715326821e-43
5.366973118364049382e-43
5.465064010866786577e-43
5.409012072293793894e-43
5.114739394785582309e-43
4.568232993698903651e-43
3.797518838320254262e-43
2.816609913292882313e-43
1.569454280043795119e-43
1.961817850054743899e-44
-1.303207571822079876e-43
-3.138908560087590239e-43
-5.465064010866786577e-43
-8.491868693808391450e-43
-1.230340051677189388e-42
-1.702577634154652741e-42
-2.272906109134853289e-42
-2.949733267403739934e-42
-3.751275988997535299e-42
-4.704158944738410907e-42
-5.829401611591239015e-42
-7.164839048092789684e-42
-8.734293328136584803e-42
-1.057559951025939443e-41
-1.272659265299798864e-41
-1.523211430721076156e-41
-1.814541381454205625e-41
-2.152394441202919021e-41
-2.544057361981705392e-41
-2.996256376419323861e-41
-3.517259145455290848e-41
-4.116874758339880073e-41
-4.804351784937635328e-41
-5.592582171120344930e-41
-6.495018382145527124e-41
-7.527775350352917305e-41
-8.708229176700143206e-41
-1.005179414429477781e-40
-1.157906934056239594e-40
-1.331471761847511436e-40
-1.528550377870153709e-40
-1.751959392037459295e-40
-2.004893764848088776e-40
-2.291151015140362407e-40
-2.614654778614389676e-40
-2.979314677985636823e-40
-3.389754998186375743e-40
-3.851665010981765194e-40
-4.371014247829828897e-40
-4.953744214219304076e-40
-5.606735285610025582e-40
-6.338465317711158561e-40
-7.157706438909376365e-40
-8.073174725652779357e-40
-9.094791371068787243e-40
-1.023463556791987994e-39
-1.150527696343105107e-39
-1.291908902304228876e-39
-1.449039301705899264e-39
-1.623631281271521197e-39
-1.817482706930823416e-39
-2.032371826435034114e-39
-2.270324917363566976e-39
-2.533743805284274739e-39
-2.825150827432942073e-39
-3.146996854823673083e-39
-3.502020024655758462e-39
-3.893472750664896111e-39
-4.324674708913071521e-39
-4.798837675480517172e-39
-5.319491521198867280e-39
-5.890742050568593558e-39
-6.516825388847349927e-39
-7.201761861329284289e-39
-7.949859059493731130e-39
-8.765895411104038078e-39
-9.654677369892839254e-39
-1.062068768964750975e-38
-1.166842734103546087e-38
-1.280264252195536079e-38
-1.402859791073767782e-38
-1.535233030116672329e-38
-1.678085459335490723e-38
-1.832260099886360775e-38
-1.998790829776261333e-38
-2.178780050507076731e-38
-2.373063916872469589e-38
-2.581865235328267552e-38
-2.804587052728668247e-38
-3.039691023619535891e-38
-3.284774481653939152e-38
-3.537620572661316170e-38
-3.798570372687883605e-38
-4.073276439479034904e-38
-4.374800276020741687e-38
-4.724577544921780682e-38
-5.149768493277388356e-38
-5.672890025591414466e-38
-6.296830498258525326e-38
-6.985756467468392442e-38
-7.647755085387793873e-38
-8.135346414879171381e-38
-8.276613555145299110e-38
-7.948100429921003485e-38
-7.200834482005594125e-38
-6.402134714736220949e-38
-6.335149285025180313e-38
-8.190224065339059867e-38
-1.327353401712799372e-37
-2.239457899518559927e-37
-3.501312144723520138e-37
-4.824353582905776329e-37
-5.607852961265171057e-37
-4.984695309972170613e-37
-2.021405544912920961e-37
3.862333712761994329e-37
1.221499001826846682e-36
2.085360448092298745e-36
2.544033909850606452e-36
1.968014414284763670e-36
-3.148418331985884177e-37
-4.690084347804283303e-36
-1.083167606506332417e-35
-1.720576046155093267e-35
-2.075150026961842397e-35
-1.710540291833540537e-35
-1.586554874512948877e-36
2.881482184919721124e-35
7.219743383759594000e-35
1.183524331811972062e-34
1.467109474088593986e-34
1.269442637363763505e-34
2.591277999257511983e-35
-1.782306690030200435e-34
-4.766723723967937786e-34
-8.073654278237448350e-34
-1.036779037927549575e-33
-9.657061699184378062e-34
-3.661838701487904586e-34
9.374833770746601051e-34
2.930939778115874580e-33
5.257104610464975308e-33
7.101163577369346627e-33
7.171980499850666074e-33
3.908737284964961983e-33
-3.979971140598838710e-33
-1.675078127490615024e-32
-3.263088270036586329e-32
-4.689189494120142072e-32
-5.163839125429208783e-32
-3.673849195631286303e-32
7.583341809185048532e-33
8.572904398181134653e-32
1.902130650661617656e-31
2.958579632290819970e-31
3.561026364558996429e-31
3.067535498371927306e-31
8.085185326806038043e-32
-3.656724064956049348e-31
-1.017018246144993535e-30
-1.753118733121438117e-30
-2.321014536094087342e-30
-2.339617815650652799e-30
-1.356264035001344394e-30
1.004872850433201529e-30
4.820462719953729455e-30
9.617936155829105335e-30
1.414045751338612940e-29
1.625135497333853063e-29
1.319010136379717166e-29
2.201432906378157021e-30
-1.835095565046088548e-29
-4.734252678964988189e-29
-7.929095710759783478e-29
-1.033627221482564086e-28
-1.035892957691514145e-28
-6.156901318623935864e-29
3.757240756166049672e-29
1.971793438229765867e-28
3.990698493276646200e-28
5.942247398525364113e-28
7.001493460498788734e-28
6.083289507625160653e-28
2.063194341901116830e-28
-5.787463297789878548e-28
-1.721414865813771962e-27
-3.041262745608111118e-27
-4.156957621658531184e-27
-4.488579646922680551e-27
-3.343009552981931244e-27
-8.561266566824095500e-29
5.585741106525267807e-27
1.326669446620160970e-26
2.150236996108590725e-26
2.761060315038579918e-26
2.777667685986228829e-26
1.771943679390512145e-26
-6.025301875522599807e-27
-4.438172128413837876e-26
-9.365131718166347725e-26
-1.435198310695743408e-25
-1.763814344502693177e-25
-1.686370390322949159e-25
-9.474348277899032401e-26
6.445806492166593415e-26
3.106132418736747537e-25
6.162614425136950354e-25
9.146412266844286432e-25
1.096231090609516403e-24
1.019801414338660301e-24
5.385252153685666322e-25
-4.549460927136924998e-25
-1.961499485388424970e-24
-3.806948065287976452e-24
-5.590395727911229900e-24
-6.667816035805298666e-24
-6.211962900962021731e-24
-3.380825520240669010e-24
2.430590889512668314e-24
1.124525006924897389e-23
2.210122094759853509e-23
3.275982513834904091e-23
3.963326171340472241e-23
3.806054759198904178e-23
2.317101099838685362e-23
-8.629720206838102015e-24
-5.786264447537361106e-23
-1.199131179937376284e-22
-1.832171104231595587e-22
-2.287731966109488137e-22
-2.314426261835698164e-22
-1.637662869899826643e-22
-3.363098237978542433e-24
2.569093786106090482e-22
5.985057648088545752e-22
9.672904882301447030e-22
1.268437848497452838e-21
1.371743841470928759e-21
1.128483372107777108e-21
4.032185397995107437e-22
-8.762030797761028911e-22
-2.660083804948217328e-21
-4.725498258685399873e-21
-6.639146678497017654e-21
-7.762098886103521599e-21
-7.320701901872014723e-21
-4.541172691405321683e-21
1.138973783264925442e-21
9.780817015167846713e-21
2.064674312881467983e-20
3.198257003049628753e-20
4.092446353802840797e-20
4.368465861336702441e-20
3.610284713450241636e-20
1.451072542283199000e-20
-2.304964949390580677e-20
-7.531352815264019797e-20
-1.364157314901013885e-19
-1.950762010568826105e-19
-2.345971846646528822e-19
-2.344401495952385184e-19
-1.736325776522110594e-19
-3.559770796769674263e-20
1.855006807377863353e-19
4.774356214709598637e-19
8.038460025692716179e-19
1.101392433180428317e-18
1.281349401151672545e-18
1.239156779261720848e-18
8.725085591572850545e-19
1.056283663589103347e-19
-1.080129341944446464e-18
-2.612466330652751139e-18
-4.301516615517136534e-18
-5.829116547652503157e-18
-6.759307616247984475e-18
-6.585223320433137035e-18
-4.813799908628883486e-18
-1.077099379360664724e-18
4.729377855311721481e-18
1.229540370370970311e-17
2.077585207668606769e-17
2.873886837082784899e-17
3.420384222845133948e-17
3.483043485118270815e-17
2.826743828739917725e-17
1.261603462556689514e-17
-1.298757189668182561e-17
-4.771990726311880744e-17
-8.851809289184698736e-17
-1.297805749984011817e-16
-1.633989950375691418e-16
-1.793511797680991809e-16
-1.669286342683370147e-16
-1.164465955776137866e-16
-2.148332972843532162e-17
1.184766953241659293e-16
2.955742909965358408e-16
4.918637209597772741e-16
6.786051043739926153e-16
8.173252253930462802e-16
8.631381670155975887e-16
7.699318261700368541e-16
4.977101011804040652e-16
2.195913228858194867e-17
-6.566483692548258453e-16
-1.504106791746443860e-15
-2.447173264066002975e-15
-3.371877862034101773e-15
-4.128839655017984764e-15
-4.544841675853568408e-15
-4.441993664848530379e-15
-3.665221253536026999e-15
-2.114368089859157591e-15
2.239830398248227744e-16
3.246297816065363273e-15
6.707675932163432997e-15
1.021184022352615919e-14
1.321627709886547680e-14
1.505616479744158881e-14
1.499101102313878803e-14
1.226793731705366763e-14
6.195756323897246010e-15
-3.773900662866437258e-15
-1.796666487189745726e-14
-3.642239979127596949e-14
-5.885644348193469488e-14
-8.465249985364908802e-14
-1.128973013708213513e-13
-1.424534318630876761e-13
-1.720637385826603860e-13
-2.004831982935564860e-13
-2.266274055353831307e-13
-2.497134443668613812e-13
-2.693753152396144435e-13
-2.857435696477367282e-13
-2.994691896806428444e-13
-3.116893678919985256e-13
-3.239375456244586449e-13
-3.380004609532250015e-13
-3.557349998340592068e-13
-3.788724162959861141e-13
-4.088379211997922313e-13
-4.465992191945294953e-13
-4.925704484050330567e-13
-5.465874064122799858e-13
-6.079486957258350976e-13
-6.755282097592463231e-13
-7.479492285938915686e-13
-8.237851590112144073e-13
-9.017583771711579210e-13
-9.809208566941007845e-13
-1.060785140283293515e-12
-1.141385488727386655e-12
-1.223268665181964643e-12
-1.307409475820309197e-12
-1.395057138385558115e-12
-1.487547173113779042e-12
-1.586108956848353291e-12
-1.691683577074998279e-12
-1.804782451958475420e-12
-1.925412086711819626e-12
-2.053062797893745461e-12
-2.186765525602485383e-12
-2.325214239901063351e-12
-2.466917295440573810e-12
-2.610355941817799064e-12
-2.754131775070667310e-12
-2.897076892618977162e-12
-3.038306368649545952e-12
-3.177222807765334167e-12
-3.313459315951172712e-12
-3.446771080356514361e-12
-3.576909168162556441e-12
-3.703493674928060031e-12
-3.825900533882542476e-12
-3.943183887050727421e-12
-4.054037921336073325e-12
-4.156810312627712278e-12
-4.249557303270812270e-12
-4.330131305602114011e-12
-4.396276745421978660e-12
-4.445730242275125477e-12
-4.476304309858347708e-12
-4.485945035576088813e-12
-4.472752029860416201e-12
-4.434981895617973180e-12
-4.371020906335232326e-12
-4.279337734863775111e-12
-4.158445289503820419e-12
-4.006866453215573998e-12
-3.823112833256647747e-12
-3.605693434799439601e-12
-3.353137212336321227e-12
-3.064032968319585493e-12
-2.737090285323540151e-12
-2.371195037195739097e-12
-1.965463382325172148e-12
-1.519285673830250705e-12
-1.032363322432672259e-12
-5.047257100113111683e-13
6.327306300429880181e-14
6.709603033762390201e-13
1.317357139173080949e-12
2.001197168047252894e-12
2.720932203506554181e-12
3.474736991193605462e-12
4.260515117787688766e-12
5.075878519583687520e-12
5.918108451213877075e-12
6.784130548997957533e-12
7.670490111133521083e-12
8.573305260162200625e-12
9.488238320032316153e-12
1.041048584143888789e-11
1.133477166292973237e-11
1.225535645188458034e-11
1.316609061358109400e-11
1.406047674124000224e-11
1.493173987232587763e-11
1.577291422472093529e-11
1.657694988221880550e-11
1.733681080640092631e-11
1.804556677698077038e-11
1.869647839325416783e-11
1.928302309495144584e-11
1.979894373449475609e-11
2.023828674091454616e-11
2.059540558929651155e-11
2.086493131048250405e-11
2.104179677719919539e-11
2.112124537767545718e-11
2.109886224066492844e-11
2.097062107297986699e-11
2.073296222204756845e-11
2.038284471761464545e-11
1.991785208987906231e-11
1.933628084038740980e-11
1.863723758654955986e-11
1.782068589917251700e-11
1.688751395667598132e-11
1.583955709649753629e-11
1.467960128453960067e-11
1.341138658461638045e-11
1.203958807649563312e-11
1.056977162045003027e-11
9.008344417638092239e-12
7.362514244102502659e-12
5.640233939618877201e-12
3.850153702800174216e-12
2.001549967434179678e-12
1.042327777366590380e-13
-1.831516058606319497e-12
-3.794988628902373762e-12
-5.775130807600392657e-12
-7.760629812392227933e-12
-9.739960574184358677e-12
-1.170142888834435624e-11
-1.363323776787384034e-11
-1.552354252087884134e-11
-1.736049672074191363e-11
-1.913233980965767245e-11
-2.082749250842397259e-11
-2.243465482831830116e-11
-2.394294311425237964e-11
-2.534199759762767457e-11
-2.662214372561866327e-11
-2.777452226543353220e-11
-2.879120379606359137e-11
-2.966523554581712574e-11
-3.039070037291757842e-11
-3.096274625580264228e-11
-3.137756027227212030e-11
-3.163233910918883396e-11
-3.172527865413776738e-11
-3.165550807593398019e-11
-3.142310023296346344e-11
-3.102907514263009148e-11
-3.047543814527209349e-11
-2.976517296526814960e-11
-2.890231109997642989e-11
-2.789194396279892629e-11
-2.674022288318145257e-11
-2.545432961631455271e-11
-2.404242777087617355e-11
-2.251355872562310623e-11
-2.087752193347114371e-11
-1.914476216446914236e-11
-1.732622725847399181e-11
-1.543326924591248428e-11
-1.347752985603190012e-11
-1.147083816821492519e-11
-9.425164641807537436e-12
-7.352588156372963368e-12
-5.265247873115219690e-12
-3.175265389163128837e-12
-1.094701586323854059e-12
9.645036505578907793e-13
2.990621205539722993e-12
4.972231827660156256e-12
6.898317420761523877e-12
8.758351682791598591e-12
1.054239161246695033e-11
1.224114126036068839e-11
1.384601201054325159e-11
1.534914556566846500e-11
1.674344343727263151e-11
1.802260771177621734e-11
1.918115145882470784e-11
2.021440480282077345e-11
2.111851839237122164e-11
2.189050503365042033e-11
2.252822754733596611e-11
2.303041785056691992e-11
2.339666654860295125e-11
2.362738650563134257e-11
2.372379723225570558e-11
2.368789019102646165e-11
2.352239930614175023e-11
2.323074892174314954e-11
2.281703645468091679e-11
2.228600637366184856e-11
2.164301203533280926e-11
2.089397752036425970e-11
2.004538202093897326e-11
1.910420953377123254e-11
1.807789334895559819e-11
1.697423972213396581e-11
1.580135328138609907e-11
1.456757457718449444e-11
1.328140375456143829e-11
1.195141728638215994e-11
1.058621246219360046e-11
9.194380500010534973e-12
7.784465780313887251e-12
6.364916406431664342e-12
4.944062086814637880e-12
3.530086596301162949e-12
2.130984191189844168e-12
7.545087059475374947e-13
-5.918846684473122455e-13
-1.901089745695583311e-12
-3.166407457413922266e-12
-4.381600551134345878e-12
-5.540934464726143815e-12
-6.639196137303571277e-12
-7.671707887013656801e-12
-8.634334566770540675e-12
-9.523488768425902862e-12
-1.033611737866202418e-11
-1.106969724218309636e-11
-1.172223689643869804e-11
-1.229227743898553271e-11
-1.277890380319002261e-11
-1.318174128878135676e-11
-1.350093561253151719e-11
-1.373715377561701700e-11
-1.389157105319283048e-11
-1.396584497354025345e-11
-1.396207368470347987e-11
-1.388277253572267611e-11
-1.373084632105836533e-11
-1.350955371876016997e-11
-1.322246392237991230e-11
-1.287343582428990274e-11
-1.246659980108644206e-11
-1.200631781494987393e-11
-1.149714438236637548e-11
-1.094378754284974775e-11
-1.035107676655711018e-11
-9.723918718840263153e-12
-9.067241749094456793e-12
-8.385956859480181436e-12
-7.684929949347552025e-12
-6.968945819724181590e-12
-6.242673912526530700e-12
-5.510645325473850775e-12
-4.777236332215162307e-12
-4.046645397243198161e-12
-3.322869106606174405e-12
-2.609674846013043670e-12
-1.910589091450032306e-12
-1.228881688249139348e-12
-5.675499675263095956e-13
7.069255662621454217e-14
6.834160516146214892e-13
1.268469270593319820e-12
1.823974348294510328e-12
2.348320756601074422e-12
2.840163217457392086e-12
3.298413191882287876e-12
3.722228254787740553e-12
4.111015347585400548e-12
4.464432729750500428e-12
4.782385425172730464e-12
5.065010477006692824e-12
5.312670876139735654e-12
5.525941249723276272e-12
5.705589212895434414e-12
5.852548046886285604e-12
5.967898918102232386e-12
6.052850061444292606e-12
6.108718565711601656e-12
6.136904352749272817e-12
6.138878468064934424e-12
6.116173106168742990e-12
6.070370334870789364e-12
6.003080411237649017e-12
5.915932674294133164e-12
5.810569907171991844e-12
5.688637928769058050e-12
5.551768680195356964e-12
5.401572852198333052e-12
5.239634247311553139e-12
5.067502407279933507e-12
4.886686107846704985e-12
4.698644251455164067e-12
4.504783698844327944e-12
4.306452763835899589e-12
4.104934708121232845e-12
3.901439067643952541e-12
3.697099050514740526e-12
3.492967200202645728e-12
3.290015395535084153e-12
3.089132465453059417e-12
2.891127007936811211e-12
2.696732811016677722e-12
2.506611454858309607e-12
2.321354046486145961e-12
2.141482520826021307e-12
1.967452025949945060e-12
1.799656777767832949e-12
1.638427674782727550e-12
1.484031539149277545e-12
1.336673501918517193e-12
1.196498087240038810e-12
1.063591380766337746e-12
9.379810296528123814e-13
8.196420972494955492e-13
7.085008578086582354e-13
6.044382117216529071e-13
5.072922876041274787e-13
4.168627791047152531e-13
3.329157424996481707e-13
2.551870661397087625e-13
1.833836630726198846e-13
1.171862628636388681e-13
5.625397202094553628e-14
2.276251491491182574e-16
-5.126765846704892104e-14
-9.861798606469046602e-14
-1.422157205367702293e-13
-1.824562907443844084e-13
-2.197370432312217847e-13
-2.544555820389871048e-13
-2.870073699100944564e-13
-3.177817980547920085e-13
-3.471593401204592366e-13
-3.755072966980799176e-13
-4.031755669337694359e-13
-4.304930435565512692e-13
-4.577651192133602720e-13
-4.852719788506210108e-13
-5.132666210452829780e-13
-5.419724998650954362e-13
-5.715815190945883195e-13
-6.022533817137687429e-13
-6.341141804352967704e-13
-6.672556387629646757e-13
-7.017337015288727109e-13
-7.375682638428859850e-13
-7.747430084623085911e-13
-8.132043215897111210e-13
-8.528614555032565381e-13
-8.935871248678950440e-13
-9.352202172407952929e-13
-9.775677446352548650e-13
-1.020406524034067619e-12
-1.063485562634303161e-12
-1.106530882546974404e-12
-1.149245954477906562e-12
-1.191315709275775347e-12
-1.232410115799276173e-12
-1.272188409305596846e-12
-1.310303645099542003e-12
-1.346406167980485069e-12
-1.380148707992578938e-12
-1.411190391972794167e-12
-1.439201514040477914e-12
-1.463866029262350654e-12
-1.484885565200544377e-12
-1.501982132418033800e-12
-1.514900509723415833e-12
-1.523410737835906303e-12
-1.527308878326860686e-12
-1.526419615704988075e-12
-1.520597666879175414e-12
-1.509730491663918706e-12
-1.493738726460192012e-12
-1.472578352659792422e-12
-1.446241455586860791e-12
-1.414757742380923222e-12
-1.378194108316022071e-12
-1.336655070481584939e-12
-1.290283635144162666e-12
-1.239260864066560330e-12
-1.183805874507837252e-12
-1.124173670818962023e-12
-1.060654168660857266e-12
-9.935704602809236619e-13
-9.232753450660879935e-13
-8.501472637846563263e-13
-7.745864496686016842e-13
-6.970111337059603507e-13
-6.178529909917074292e-13
-5.375513944562426705e-13
-4.565485901657229117e-13
-3.752863091902730597e-13
-2.942015663205677090e-13
-2.137233261461507494e-13
-1.342695892620968112e-13
-5.624475630247940949e-14
1.996308934132384749e-14
9.398465485683724085e-14
1.654721688447088890e-13
2.341009059780158053e-13
2.995703186382814298e-13
3.616054938121449069e-13
4.199590978790079809e-13
4.744129893617665683e-13
5.247797639149065496e-13
5.709053021996091104e-13
6.126699082960318510e-13
6.499889602246122777e-13
6.828126931056333060e-13
7.111253317974852717e-13
7.349440609046020700e-13
7.543188621471352828e-13
7.693312675284558200e-13
7.800919740903744515e-13
7.867388381391227092e-13
7.894354115724200316e-13
7.883672013819786883e-13
7.837379291560087058e-13
7.757664411030262830e-13
7.646837264958794567e-13
7.507297734854478932e-13
7.341510754356461721e-13
7.151985167291874390e-13
6.941259090946505506e-13
6.711884195133299702e-13
6.466402391845649245e-13
6.207326319618289290e-13
5.937126875202314302e-13
5.658224539947798171e-13
5.372972032569034440e-13
5.083645635527156426e-13
4.792445195030137217e-13
4.501479755354004242e-13
4.212736388030380308e-13
3.928044413174791583e-13
3.649039078713889328e-13
3.377124155410499151e-13
3.113437513444644589e-13
2.858825643662493698e-13
2.613832544504091082e-13
2.378708666671280891e-13
2.153439102384191450e-13
1.937781261406729127e-13
1.731320707458461339e-13
1.533538920850396892e-13
1.343881874272395693e-13
1.161817359983038922e-13
9.868778835580779840e-14
8.186807216306254964e-14
6.569161311925295066e-14
5.013048285404213267e-14
3.515343262793999002e-14
2.071912553905461835e-14
6.770150117737594800e-15
-6.770766757723195930e-15
-2.000181399360641959e-14
-3.303885892083288645e-14
-4.600841056875623614e-14
-5.903811510846179722e-14
-7.224676721673609081e-14
-8.573464881827044803e-14
-9.957562118606544388e-14
-1.138131743797649031e-13
-1.284615724342005882e-13
-1.435107187166412279e-13
-1.589336030404647770e-13
-1.746950023875926128e-13
-1.907596937399461123e-13
-2.070976718024017393e-13
-2.236854500453980266e-13
-2.405024421801849055e-13
-2.575244976033702615e-13
-2.747157698806262927e-13
-2.920203412849070590e-13
-3.093563545521899050e-13
-3.266145492085426039e-13
-3.436617039120209993e-13
-3.603471416657039184e-13
-3.765116202755075525e-13
-3.919971443798464517e-13
-4.066545006547322982e-13
-4.203478927780612828e-13
-4.329551311649942891e-13
-4.443638382603531944e-13
-4.544667864692791825e-13
-4.631566397766961884e-13
-4.703219693043270144e-13
-4.758463046337924052e-13
-4.796110882575310708e-13
-4.815011779048250506e-13
-4.814131406884192277e-13
-4.792620835782079869e-13
-4.749871828323148915e-13
-4.685535271407859081e-13
-4.599501118515703091e-13
-4.491836319130831923e-13
-4.362707569337265223e-13
-4.212306501868989805e-13
-4.040800897012197801e-13
-3.848316793269440650e-13
-3.634962339807423781e-13
-3.400892306486269501e-13
-3.146392109527884617e-13
-2.871956416173465643e-13
-2.578343354792123066e-13
-2.266603923864810022e-13
-1.938070607861511196e-13
-1.594308452618209415e-13
-1.237047167175833740e-13
-8.681097019621469846e-14
-4.893511607755897386e-14
-1.026169319466975829e-14
2.902796479207180036e-14
6.875540582837111336e-14
1.087429232489271758e-13
1.488111798500155181e-13
1.887777992736969224e-13
2.284563597326760842e-13
2.676570174265507918e-13
3.061876652828837697e-13
3.438560200463847139e-13
3.804710181892073662e-13
4.158437103777418153e-13
4.497872885776688090e-13
4.821176552601003085e-13
5.126541010279372923e-13
5.412210393393457331e-13
5.676504188575903775e-13
5.917841086958142149e-13
6.134770426033386848e-13
6.325994415801172721e-13
6.490366512464096349e-13
6.626877323799573727e-13
6.734629130408786857e-13
6.812806612258026639e-13
6.860639443703742124e-13
6.877383862055608255e-13
6.862329714890647026e-13
6.814827565107539620e-13
6.734333685316784557e-13
6.620460473241718269e-13
6.473025240816276948e-13
6.292092498069723483e-13
6.077985337249458553e-13
5.831269169788433349e-13
5.552727331756268647e-13
5.243316089469096664e-13
4.904126692413524058e-13
4.536349052473853671e-13
4.141258191404928457e-13
3.720208819821269053e-13
3.274649973926402335e-13
2.806135857534586275e-13
2.316341834052854098e-13
1.807076352704911626e-13
1.280281761682766639e-13
7.380324785555628098e-14
1.825302299444161308e-14
-3.838998617698013982e-14
-9.588080926003356153e-14
-1.539622379240213057e-13
-2.123656475281829326e-13
-2.708122625889181068e-13
-3.290155962346746898e-13
-3.866851229408080348e-13
-4.435306559958523964e-13
-4.992669689132811506e-13
-5.536168854076983781e-13
-6.063133935890752113e-13
-6.571002964840533256e-13
-7.057314801994785114e-13
-7.519689081483815762e-13
-7.955808321163937435e-13
-8.363411417404431614e-13
-8.740299608199497694e-13
-9.084352736200840273e-13
-9.393561232681757467e-13
-9.666061354107746695e-13
-9.900160118786471841e-13
-1.009436349612424788e-12
-1.024737478032278215e-12
-1.035809242197482938e-12
-1.042560352285115677e-12
-1.044917407808099163e-12
-1.042825439716288383e-12
-1.036249753540163798e-12
-1.025179940938869549e-12
-1.009634324929120641e-12
-9.896646219545446321e-13
-9.653596281730680850e-13
-9.368471710208270409e-13
-9.042924286987996663e-13
-8.678947859865060455e-13
-8.278830095423406199e-13
-7.845094474219493907e-13
-7.380438491258467515e-13
-6.887682156390961818e-13
-6.369732757742496698e-13
-5.829556672456992494e-13
-5.270173945685907579e-13
-4.694649616970858474e-13
-4.106086943980041815e-13
-3.507622794649001285e-13
-2.902427105079541381e-13
-2.293690682265286940e-13
-1.684610431837083033e-13
-1.078374992384209530e-13
-4.781583318852998532e-14
1.128943299792423832e-14
6.916845297477020038e-14
1.255175976176692298e-13
1.800420164517479993e-13
2.324579331108855840e-13
2.824952999389701569e-13
3.299010641489436013e-13
3.744416885928525396e-13
4.159058080571709226e-13
4.541060724064932552e-13
4.888810168322821337e-13
5.200956310590088005e-13
5.476419014452393874e-13
5.714394886099927184e-13
5.914361340085549923e-13
6.076073888819366609e-13
6.199565058366551806e-13
6.285149809458212555e-13
6.333416863874008484e-13
6.345223283431289385e-13
6.321682001660111627e-13
6.264145018669564635e-13
6.174186053913011119e-13
6.053592956772879674e-13
5.904348190921560047e-13
5.728616908097505789e-13
5.528737190285681891e-13
5.307214086605616110e-13
5.066708771289674118e-13
4.810018485942868516e-13
4.540064884369504616e-13
4.259864759114523336e-13
3.972505646914620270e-13
3.681113031582528006e-13
3.388817546891298438e-13
3.098717029498265774e-13
2.813840469222811391e-13
2.537104098858378176e-13
2.271278461531481274e-13
2.018962660900111561e-13
1.782559424503768475e-13
1.564251657891480018e-13
1.365990789448448539e-13
1.189497041446593850e-13
1.036255025473227509e-13
9.075081181322830481e-14
8.042570380289645882e-14
7.272629628509927335e-14
6.770440734741797750e-14
6.538692520373021178e-14
6.577529319817809750e-14
6.884443915552290738e-14
7.454211808357799618e-14
8.278828875695962153e-14
9.347459872105501333e-14
1.064644113970766859e-13
1.215932736442493223e-13
1.386690919426628033e-13
1.574731149514910222e-13
1.777614107344518968e-13
1.992668725338264668e-13
2.217010077040434957e-13
2.447569328201809613e-13
2.681133310158956284e-13
2.914386126092599616e-13
3.143948317831102290e-13
3.366420911563722251e-13
3.578425262270451546e-13
3.776637748191535859e-13
3.957819586387217869e-13
4.118843124640420017e-13
4.256711086045306125e-13
4.368577439899101744e-13
4.451766917341198893e-13
4.503796153295519522e-13
4.522395912615051472e-13
4.505534400428556907e-13
4.451437319880763299e-13
4.358611995630701230e-13
4.225876105209275257e-13
4.052380176214342988e-13
3.837625475646561091e-13
3.581486778155007489e-13
3.284233236929001709e-13
2.946542749376890313e-13
2.569505751833650598e-13
2.154631453723382384e-13
1.703848379660394263e-13
1.219493662952750301e-13
7.042913615588203280e-14
1.613307062811944470e-14
-4.059573112239790726e-14
-9.938332437824798360e-14
-1.598293166652636765e-13
-2.215105811449735729e-13
-2.839846413582591822e-13
-3.467934489922996910e-13
-4.094681679226580551e-13
-4.715328062905588258e-13
-5.325069812184279883e-13
-5.919092798366276664e-13
-6.492612437264400072e-13
-7.040903233709872033e-13
-7.559323718202282105e-13
-8.043350057176934520e-13
-8.488609121171108995e-13
-8.890914805596838999e-13
-9.246295135795223885e-13
-9.551020998393999761e-13
-9.801654930405301336e-13
-9.995075513774542841e-13
-1.012851261195102381e-12
-1.019956471712268886e-12
-1.020623472888781968e-12
-1.014695489090500224e-12
-1.002059763291485162e-12
-9.826489665368254300e-13
-9.564432579267645451e-13
-9.234707182975698814e-13
-8.838071333810981756e-13
-8.375761564351213995e-13
-7.849481156209370258e-13
-7.261385503304351730e-13
-6.614066933030571249e-13
-5.910526517001468694e-13
-5.154143171287595138e-13
-4.348641401401981410e-13
-3.498063384094196593e-13
-2.606723972960189872e-13
-1.679171667164081061e-13
-7.201516130390245296e-14
2.654292259075818894e-14
1.272544488404095397e-13
2.296089208521367997e-13
3.330914916718080709e-13
4.371857693571956638e-13
5.413778149734871370e-13
6.451601947989049624e-13
7.480352058261696691e-13
8.495163665404870112e-13
9.491318321563912974e-13
1.046429002476978454e-12
1.140976636088142371e-12
1.232365663510204268e-12
1.320212168753887028e-12
1.404162051389656884e-12
1.483892869691416649e-12
1.559113190115202219e-12
1.629564213602441303e-12
1.695023895548208870e-12
1.755307054221444396e-12
1.810261901317999911e-12
1.859771885104333222e-12
1.903757316720766646e-12
1.942173852298445524e-12
1.975007830889996541e-12
2.002274648166268989e-12
2.024020707980245248e-12
2.040319952920088831e-12
2.051267142255674969e-12
2.056977418257721624e-12
2.057587390399961969e-12
2.053252750114364922e-12
2.044140247695058754e-12
2.030426608096158603e-12
2.012303084580890911e-12
1.989971555593772479e-12
1.963637369026272061e-12
1.933508908535941373e-12
1.899800846152932543e-12
1.862730455992611667e-12
1.822509157478613417e-12
1.779340997459799567e-12
1.733425035455038454e-12
1.684951223684949539e-12
1.634092167135392515e-12
1.581001063573339582e-12
1.525814522472523915e-12
1.468650179768660191e-12
1.409597482140978464e-12
1.348717795432441413e-12
1.286049608820172274e-12
1.221609510597410075e-12
1.155388176625471441e-12
1.087352213477443819e-12
1.017451531012958377e-12
9.456214023623177312e-13
8.717815423546493303e-13
7.958396311749660335e-13
7.176983616782872666e-13
6.372598304084375886e-13
5.544256460182639401e-13
4.690983929425684984e-13
3.811853990006580650e-13
2.906013374815580308e-13
1.972691351633318324e-13
1.011213817759051836e-13
2.098380131221495859e-15
-9.984617706194562348e-14
-2.047435165202296514e-13
-3.126130539328475511e-13
-4.234645132380338017e-13
-5.372920532965841378e-13
-6.540679456379372425e-13
-7.737441872109063201e-13
-8.962568100873147259e-13
-1.021519565984341238e-12
-1.149412813192252081e-12
-1.279786498130375261e-12
-1.412468015812851085e-12
-1.547255054114293760e-12
-1.683902800184156057e-12
-1.822126867792595029e-12
-1.961617500378931567e-12
-2.102035993184481200e-12
-2.243000923884963527e-12
-2.384097693569620091e-12
-2.524894789773801662e-12
-2.664944220159837229e-12
-2.803768285250529679e-12
-2.940868468886970177e-12
-3.075748206474160362e-12
-3.207910066055363885e-12
-3.336839051598650130e-12
-3.462008240848191143e-12
-3.582900035686842344e-12
-3.699004210572232054e-12
-3.809793626408097822e-12
-3.914730952597755831e-12
-4.013288399523640138e-12
-4.104947284866433677e-12
-4.189179819008570504e-12
-4.265455610247270712e-12
-4.333269420370156055e-12
-4.392142032016987940e-12
-4.441609406657942571e-12
-4.481233960296204799e-12
-4.510625813830548836e-12
-4.529451466672718141e-12
-4.537420352640486598e-12
-4.534285273638527514e-12
-4.519855843765352432e-12
-4.493995453547228180e-12
-4.456606958469500057e-12
-4.407626173763556920e-12
-4.347030548024211072e-12
-4.274835693762746303e-12
-4.191092785321703929e-12
-4.095882487342716871e-12
-3.989322327341282559e-12
-3.871579272451963760e-12
-3.742871030470995564e-12
-3.603469952984106328e-12
-3.453701951164345196e-12
-3.293953000985117008e-12
-3.124677816837562183e-12
-2.946387057944921395e-12
-2.759628463244734320e-12
-2.564987935591012125e-12
-2.363093878562927408e-12
-2.154600066070488928e-12
-1.940159838342836451e-12
-1.720431414518885926e-12
-1.496095890403392747e-12
-1.267846179604792400e-12
-1.036367931576964718e-12
-8.023512952128053488e-13
-5.665182407389723895e-13
-3.296097390251967463e-13
-9.236353543974618052e-14
1.444860669910091877e-13
3.801856561774091814e-13
6.139798955709374617e-13
8.451486038785205324e-13
1.073008760836546838e-12
1.296889353720465099e-12
1.516144414875908453e-12
1.730184246741262033e-12
1.938464796666372614e-12
2.140458600294325997e-12
2.335654456300795268e-12
2.523583121985528699e-12
2.703811350160401084e-12
2.875921506148571005e-12
3.039518723518819243e-12
3.194262345948550852e-12
3.339870047192050606e-12
3.476105688016151163e-12
3.602787772977178449e-12
3.719812218666573855e-12
3.827151703189590748e-12
3.924837885249665703e-12
4.012953597892776614e-12
4.091638052677870618e-12
4.161075563974270253e-12
4.221475599641699716e-12
4.273060637965953035e-12
4.316060963488466129e-12
4.350720304857613741e-12
4.377288462253936530e-12
4.396027812603175988e-12
4.407205503320632545e-12
4.411105161694628407e-12
4.408029063290852534e-12
4.398289458334980750e-12
4.382201632818771841e-12
4.360081740095722580e-12
4.332254173455840629e-12
4.299034218890884773e-12
4.260710274178736157e-12
4.217548619372957219e-12
4.169802524101040575e-12
4.117702706585291139e-12
4.061439552727197366e-12
4.001172223405680128e-12
3.937045568030983489e-12
3.869184053012508784e-12
3.797674414524054853e-12
3.722574332121197926e-12
3.643932378061265354e-12
3.561779777366824717e-12
3.476111109027013590e-12
3.386893846976657407e-12
3.294087225214070713e-12
3.197635515747587753e-12
3.097455668690796138e-12
2.993445552199047732e-12
2.885501516544652922e-12
2.773516876233839135e-12
2.657370851144591484e-12
2.536937456984467154e-12
2.412104370408396647e-12
2.282770110093035321e-12
2.148841217811114923e-12
2.010243100453168452e-12
1.866938244624027909e-12
1.718932179754772971e-12
1.566267514990782317e-12
1.409031311766506533e-12
1.247364516364368736e-12
1.081460225191288593e-12
9.115602153317303724e-13
7.379513124704251137e-13
5.609685350786708380e-13
3.809875592092337726e-13
1.984230786405624669e-13
1.372404793975601223e-14
-1.726265885879790796e-13
-3.601107584870477663e-13
-5.481729978794314118e-13
-7.362200042312916359e-13
-9.236235908038903375e-13
-1.109719087455385278e-12
-1.293805232220612833e-12
-1.475148237069234813e-12
-1.652995232012677285e-12
-1.826575782987172047e-12
-1.995107421284836313e-12
-2.157805835054094068e-12
-2.313897771305528650e-12
-2.462624722199269200e-12
-2.603247045013246108e-12
-2.735055454686219356e-12
-2.857386202648193319e-12
-2.969619992618244275e-12
-3.071186534253644851e-12
-3.161570831522464431e-12
-3.240322506842252537e-12
-3.307053849516128352e-12
-3.361437647328435752e-12
-3.403211740193867740e-12
-3.432182272763983910e-12
-3.448221526022865469e-12
-3.451263363637990800e-12
-3.441310170854139372e-12
-3.418437624982950673e-12
-3.382792743839013738e-12
-3.334595620463343124e-12
-3.274145060974675836e-12
-3.201823138218595766e-12
-3.118091071799278247e-12
-3.023485108111234609e-12
-2.918616520339312181e-12
-2.804167705330873339e-12
-2.680883293137981127e-12
-2.549565376527840321e-12
-2.411067222610197014e-12
-2.266287851826476185e-12
-2.116162713811098328e-12
-1.961658483221051519e-12
-1.803767963985680733e-12
-1.643503692513870185e-12
-1.481890890379922165e-12
-1.319955212839007963e-12
-1.158715267832177709e-12
-9.991683045176835698e-13
-8.422795338795807663e-13
-6.889723166980665781e-13
-5.401190020411228421e-13
-3.965351267828931547e-13
-2.589743469585265023e-13
-1.281275704024392725e-13
-4.623767782362250486e-15
1.109678416321389915e-13
2.181338334787674693e-13
3.164134264928980533e-13
4.053991842743742691e-13
4.847400692647996223e-13
5.541446750252643216e-13
6.133874332937827578e-13
6.623149836730568563e-13
7.008530583142713599e-13
7.290088129517646731e-13
7.468754889723705492e-13
7.546333891973733277e-13
7.525485226297923269e-13
7.409669123929762957e-13
7.203094457702841069e-13
6.910659110931360871e-13
6.537863241236341327e-13
6.090724712776163230e-13
5.575702117892322729e-13
4.999640024899720814e-13
4.369703383855227941e-13
3.693307866568101838e-13
2.978074601159286239e-13
2.231769863315566371e-13
1.462262250303755784e-13
6.774675221851711449e-14
-1.146888709219542890e-14
-9.062929307848341387e-14
-1.689473485156495203e-13
-2.456438101972741039e-13
-3.199505276604147630e-13
-3.911150103872579331e-13
-4.584061537478423265e-13
-5.211220452557008276e-13
-5.785954939989401691e-13
-6.302011321644707120e-13
-6.753624352470732894e-13
-7.135568177996098882e-13
-7.443217049651895678e-13
-7.672587066555325297e-13
-7.820379543596600591e-13
-7.884011911200861089e-13
-7.861633978360760278e-13
-7.752147990376656583e-13
-7.555197786834888518e-13
-7.271165006900170980e-13
-6.901163126203646581e-13
-6.447025530618988309e-13
-5.911289253229812246e-13
-5.297168411376451669e-13
-4.608523306894041216e-13
-3.849821936935393651e-13
-3.026101504793876629e-13
-2.142923018937439861e-13
-1.206326976244814775e-13
-2.227967701821931268e-14
8.007733609234971017e-14
1.857118110551794765e-13
2.938644065499790292e-13
4.037476191050271002e-13
5.145497201063109483e-13
6.254404546351954863e-13
7.355759339307266220e-13
8.441038124550048760e-13
9.501704978376324107e-13
1.052927276617987573e-12
1.151538825232278906e-12
1.245191449950056040e-12
1.333099863137787722e-12
1.414515531615589961e-12
1.488734374492650669e-12
1.555102401018526592e-12
1.613020264232267742e-12
1.661948573553062580e-12
1.701412882110231450e-12
1.731006939349744034e-12
1.750396052060954055e-12
1.759318493839423514e-12
1.757588324012571146e-12
1.745096146581193164e-12
1.721809652320549500e-12
1.687772968259060313e-12
1.643107633460261230e-12
1.588011840081282600e-12
1.522759566011111509e-12
1.447698623306681309e-12
1.363248056107657646e-12
1.269894671189486512e-12
1.168188267473835307e-12
1.058738275001858131e-12
9.422086591839851089e-13
8.193135839912324414e-13
6.908130751465124675e-13
5.575078159542057321e-13
4.202333468185381893e-13
2.798541834467954681e-13
1.372580434727543874e-13
-6.650873902720559616e-15
-1.509588081708562735e-13
-2.947495220985418829e-13
-4.371109051971855397e-13
-5.771415246755284834e-13
-7.139582436539726462e-13
-8.467021029613663874e-13
-9.745449889783652786e-13
-1.096694566757316913e-12
-1.212400947865621692e-12
-1.320961460875291760e-12
-1.421725584482835814e-12
-1.514099501158383543e-12
-1.597551409736330807e-12
-1.671615645383595083e-12
-1.735895823785915670e-12
-1.790066684291546917e-12
-1.833877017257123931e-12
-1.867149880888097080e-12
-1.889782818079166482e-12
-1.901747422733413018e-12
-1.903087930299474095e-12
-1.893919916728936670e-12
-1.874427696391123277e-12
-1.844859551583533097e-12
-1.805526431489234973e-12
-1.756798699570349953e-12
-1.699101579918926852e-12
-1.632911470969555801e-12
-1.558750632908723066e-12
-1.477183176126772857e-12
-1.388810724409217379e-12
-1.294268728649350386e-12
-1.194221154257602002e-12
-1.089356252773066025e-12
-9.803818997941582403e-13
-8.680204450182971154e-13
-7.530029117602810018e-13
-6.360647143537068171e-13
-5.179399660895644963e-13
-3.993579013490677898e-13
-2.810374816978461476e-13
-1.636827473691301882e-13
-4.797793835397551332e-14
6.541753358631219317e-14
1.758741264602792231e-13
2.827971147187358092e-13
3.856310073786090031e-13
4.838628954971502250e-13
5.770261113542674014e-13
6.647026136973044341e-13
7.465242616785938701e-13
8.221742514233354449e-13
8.913882544418771925e-13
9.539542549993895726e-13
1.009713254847277586e-12
1.058557755340139295e-12
1.100431052704353707e-12
1.135326099625799667e-12
1.163283878946597127e-12
1.184391343680979425e-12
1.198779357031165560e-12
1.206620198722363480e-12
1.208125396598425105e-12
1.203544642419673849e-12
1.193161238213780173e-12
1.177290144711851116e-12
1.156275054002564584e-12
1.130485028505434641e-12
1.100311682045163053e-12
1.066165927245121825e-12
1.028474939761270246e-12
9.876784719947684366e-13
9.442251668045908986e-13
8.985672991269899601e-13
8.511571981083265737e-13
8.024426392458372526e-13
7.528627786294872504e-13
7.028435450827374975e-13
6.527942791358098962e-13
6.031037756877577483e-13
5.541375192909259173e-13
5.062341604938902506e-13
4.597036184876557297e-13
4.148250211215287475e-13
3.718451328099670050e-13
3.309771077000811523e-13
2.923999475705485462e-13
2.562583934113960016e-13
2.226634675250860340e-13
1.916930562851845710e-13
1.633926148677730672e-13
1.377767528971257649e-13
1.148310369318214508e-13
9.451347446646704564e-14
7.675597082836688179e-14
6.146592837572711909e-14
4.852832681057420161e-14
3.780746806662620141e-14
2.914864665826480405e-14
2.238050951432635910e-14
1.731755303123038575e-14
1.376273616962185239e-14
1.150978184288886652e-14
1.034584168281473676e-14
1.005434884654432537e-14
1.041806225299648017e-14
1.122189821400670570e-14
1.225586625052234660e-14
1.331797949780935339e-14
1.421698723374012485e-14
1.477462290423552094e-14
1.482736595179515171e-14
1.422844589545058103e-14
1.284958891270256490e-14
1.058231634102919233e-14
7.338938247533014630e-15
3.053194844640353713e-15
-2.319536622101331033e-15
-8.802652685002861077e-15
-1.639917280476296119e-14
-2.509277846813630364e-14
-3.484892767153385806e-14
-4.561579724517671186e-14
-5.732542804164075800e-14
-6.989537665010384093e-14
-8.322992495939443569e-14
-9.722116774829592245e-14
-1.117504797466112310e-13
-1.266901758197394590e-13
-1.419048255638100109e-13
-1.572527237548790313e-13
-1.725874217844980407e-13
-1.877597605387873458e-13
-2.026197813047650453e-13
-2.170186502292031916e-13
-2.308105963300111085e-13
-2.438547139823471488e-13
-2.560168060623119191e-13
-2.671709966976798523e-13
-2.772011678357777509e-13
-2.860022873911460817e-13
-2.934817916033088947e-13
-2.995608047642178695e-13
-3.041746813193385579e-13
-3.072740087546599330e-13
-3.088249870674547592e-13
-3.088094016612252801e-13
-3.072244065052687212e-13
-3.040820633487539837e-13
-2.994087725145810897e-13
-2.932446223780776906e-13
-2.856424406900981428e-13
-2.766667645849596457e-13
-2.663929190085956300e-13
-2.549060951467091440e-13
-2.423000764872201840e-13
-2.286759919877673353e-13
-2.141412454260624432e-13
-1.988087835634241851e-13
-1.827960797052413655e-13
-1.662239139735288695e-13
-1.492153839724452702e-13
-1.318950374265548398e-13
-1.143875711382205673e-13
-9.681696362586617033e-14
-7.930541125059434315e-14
-6.197245407818519070e-14
-4.493398654461383535e-14
-2.830124948684318437e-14
-1.217976288131038948e-14
3.331555493854771247e-15
1.814122311573351798e-14
3.216587288407471434e-14
4.533079776347995193e-14
5.757021378713367277e-14
6.882740362888772889e-14
7.905501475885881590e-14
8.821519496870003363e-14
9.627962625291877630e-14
1.032294299411866401e-13
1.090549363053777698e-13
1.137554135090257379e-13
1.173386339264545497e-13
1.198203320416924011e-13
1.212234658357416728e-13
1.215777560006556235e-13
1.209191709435064599e-13
1.192897099459508392e-13
1.167368475106164705e-13
1.133132758630861492e-13
1.090765593624552776e-13
1.040885720714548879e-13
9.841486078767530676e-14
9.212394031215404011e-14
8.528655483664576709e-14
7.797510873748178528e-14
7.026294151536716104e-14
6.222380602308522080e-14
5.393125860177552799e-14
4.545802888842112588e-14
3.687531169630463290e-14
2.825210632930938437e-14
1.965475918412791512e-14
1.114658173840274782e-14
2.787330472496778871e-15
-5.367153966542251992e-15
-1.326522035662372478e-14
-2.085968388038789145e-14
-2.810807345882647412e-14
-3.497280793413569400e-14
-4.142132397169130675e-14
-4.742597441609493203e-14
-5.296397069293364013e-14
-5.801727777669449249e-14
-6.257255320439233937e-14
-6.662092345887174472e-14
-7.015781456221753531e-14
-7.318279283356071696e-14
-7.569949035017911609e-14
-7.771529323937279021e-14
-7.924115871934742095e-14
-8.029139825877981695e-14
-8.088337264495690238e-14
-8.103722770949617349e-14
-8.077560294901184323e-14
-8.012331981699025163e-14
-7.910709034445601029e-14
-7.775515799800236660e-14
-7.609690465650367774e-14
-7.416259988936302339e-14
-7.198306214333330399e-14
-6.958944190208274372e-14
-6.701289642554314474e-14
-6.428429837057603180e-14
-6.143408671317393543e-14
-5.849186017264570991e-14
-5.548606889162373268e-14
-5.244370272793931476e-14
-4.939004053287031348e-14
-4.634845025136558050e-14
-4.334023306798266695e-14
-4.038454209172488707e-14
-3.749834508659163901e-14
-3.469637026146978054e-14
-3.199109610573826201e-14
-2.939264296905087781e-14
-2.690867649958027935e-14
-2.454428905940535949e-14
-2.230197431352283488e-14
-2.018161367732008993e-14
-1.818068807481199034e-14
-1.629449477907538024e-14
-1.451649977795513996e-14
-1.283864524702403934e-14
-1.125170022122290100e-14
-9.745547739029719603e-15
-8.309438952343838058e-15
-6.932262059446700833e-15
-5.602650301702628843e-15
-4.309081913446595469e-15
-3.040010565058103714e-15
-1.783877644938921397e-15
-5.290736136348626710e-16
7.361335704482549654e-16
2.023493736596506352e-15
3.344676034207740359e-15
4.711164641859949195e-15
6.134119853907918710e-15
7.624063937138915448e-15
9.190558199461545952e-15
1.084189212881411443e-14
1.258477507317182220e-14
1.442396820473118568e-14
1.636195587112650174e-14
1.839875670708260996e-14
2.053187365947100468e-14
2.275628212884857338e-14
2.506457396505862995e-14
2.744716583733593923e-14
2.989261941276077916e-14
3.238791410086795663e-14
3.491873335078297946e-14
3.746973908989696678e-14
4.002487157352997704e-14
4.256758994228802828e-14
4.508109245062938419e-14
4.754855363608978536e-14
4.995329711400368911e-14
5.227887350453541693e-14
5.450904688015199839e-14
5.662782187067748330e-14
5.861956563603734627e-14
6.046886895285513708e-14
6.216042085357628699e-14
6.367894086383232843e-14
6.500903331277396724e-14
6.613497049263658556e-14
6.704061134357730545e-14
6.770926592840342817e-14
6.812378352399894865e-14
6.826678301428620865e-14
6.812106624230415686e-14
6.766988906075147026e-14
6.689750343307279690e-14
6.578998413761527608e-14
6.433602836673074643e-14
6.252759947181565914e-14
6.036069268109539587e-14
5.783611436993574273e-14
5.496001060940197691e-14
5.174429407086428290e-14
4.820675244621500100e-14
4.437083160743413024e-14
4.026510028176666367e-14
3.592266390492308836e-14
3.138032097626392014e-14
2.667711124432810971e-14
2.185309089719131292e-14
1.694828393567718999e-14
1.200163608766754639e-14
7.049979733840788104e-15
2.127342940545198964e-15
-2.735593700078486207e-15
-7.511796496243935972e-15
-1.217765969850235705e-14
-1.671272237897987456e-14
-2.109958732797283243e-14
-2.532332389571997910e-14
-2.937040666011955792e-14
-3.322784213576068790e-14
-3.688259617965101989e-14
-4.032071985321517005e-14
-4.352655998758787892e-14
-4.648231872648143914e-14
-4.916753514202197584e-14
-5.155888533497389459e-14
-5.363067032571749992e-14
-5.535560210082404731e-14
-5.670513564997106681e-14
-5.765052606306053651e-14
-5.816481058731545750e-14
-5.822427230021270939e-14
-5.780989022988874959e-14
-5.690887756697182720e-14
-5.551610129180158115e-14
-5.363483433968620206e-14
-5.127757214066358538e-14
-4.846622235488151631e-14
-4.523094274339403698e-14
-4.160878930357762850e-14
-3.764282857860248854e-14
-3.338033178318898508e-14
-2.887012528454864502e-14
-2.416020705167058052e-14
-1.929597805052762211e-14
-1.431832625554962934e-14
-9.262182458448422334e-15
-4.155653753512740523e-15
9.806859583642011692e-16
6.133299502498502920e-15
1.129407389144224463e-14
1.645861249480358446e-14
2.162463933505325009e-14
2.678952268082412241e-14
3.194730111423342567e-14
3.708663286411742477e-14
4.218872565750833581e-14
4.722550882253415128e-14
5.215899123744462129e-14
5.694155948620868712e-14
6.151581522818860837e-14
6.581562551899455826e-14
6.976906032074570163e-14
7.330125547343191439e-14
7.633679116342967363e-14
7.880295808254667023e-14
8.063329463760954274e-14
8.177033811347655945e-14
8.216817932440653727e-14
8.179446838807793996e-14
8.063046215943392436e-14
7.867067186497628262e-14
7.592292408913764445e-14
7.240693775893008999e-14
6.815118673390851978e-14
6.318985726382411738e-14
5.756065247922506622e-14
5.130220724690152945e-14
4.445104223940732346e-14
3.703933454434274464e-14
2.909317955274680345e-14
2.063228602723621297e-14
1.167048008660900513e-14
2.216287540995768093e-15
-7.725897626189616452e-15
-1.815302567282055940e-14
-2.906057217240930191e-14
-4.044062922536027782e-14
-5.227917504826463946e-14
-6.455300432649940801e-14
-7.722847291139964265e-14
-9.026155880663064290e-14
-1.035964120477822492e-13
-1.171646194777706262e-13
-1.308873663749196559e-13
-1.446774422269800353e-13
-1.584404943398912136e-13
-1.720765863784043392e-13
-1.854828546614048501e-13
-1.985557036713117562e-13
-2.111926627502980214e-13
-2.232936871428975456e-13
-2.347606972100818590e-13
-2.454977681646403065e-13
-2.554117128298477590e-13
-2.644113226979438735e-13
-2.724055518914941798e-13
-2.793027853269236527e-13
-2.850105405589192786e-13
-2.894354948854843679e-13
-2.924831058771781844e-13
-2.940577740074418189e-13
-2.940639268547706742e-13
-2.924079706666249390e-13
-2.890006756042090563e-13
-2.837589375710020123e-13
-2.766084074030256135e-13
-2.674873126815024982e-13
-2.563484092967666106e-13
-2.431594151291321948e-13
-2.279052597684017023e-13
-2.105896430544887399e-13
-1.912336798247024627e-13
-1.698732300658978289e-13
-1.465586820740411023e-13
-1.213543968005964535e-13
-9.433546202227208188e-14
-6.558495473053468916e-14
-3.519304327668539012e-14
-3.257034593946521971e-15
3.011887885363134787e-14
6.482370928017830436e-14
1.007388345918708294e-13
1.377354583468812232e-13
1.756711096034813124e-13
2.143876168172326180e-13
2.537092985786110200e-13
2.934398058741793935e-13
3.333602382853129154e-13
3.732287374123843815e-13
4.127808663455245775e-13
4.517310733375551335e-13
4.897756462549085477e-13
5.265963446549060123e-13
5.618654955359680958e-13
5.952519293445091009e-13
6.264264823009624283e-13
6.550676342510775019e-13
6.808678512486288081e-13
7.035396570875818156e-13
7.228193195894794254e-13
7.384687479572438207e-13
7.502793416928887904e-13
7.580745926827336945e-13
7.617092178356654752e-13
7.610673701495540566e-13
7.560632350224472109e-13
7.466405965717015647e-13
7.327715365913756163e-13
7.144540493074502674e-13
6.917120413778288235e-13
6.645966329349439761e-13
6.331867538969526699e-13
5.975899571193654669e-13
5.579438820679794020e-13
5.144191821647436935e-13
4.672221268729737087e-13
4.165956316894148248e-13
3.628206133969580360e-13
3.062179687336047396e-13
2.471480322913804928e-13
1.860086113998973834e-13
1.232324924613573125e-13
5.928400538491793159e-14
-5.346240299558069689e-15
-7.014723003850864558e-14
-1.345946330734079655e-13
-1.981578014740095761e-13
-2.603065603779680659e-13
-3.205179719724393639e-13
-3.782838571466523581e-13
-4.331178428060300512e-13
-4.845590617121031674e-13
-5.321765706063630308e-13
-5.755741478048748139e-13
-6.143937897502838030e-13
-6.483175541555086241e-13
-6.770692947272172191e-13
-7.004168837802804415e-13
-7.181741095915739059e-13
-7.302025737537798378e-13
-7.364126669573423101e-13
-7.367649784532914747e-13
-7.312722476171540364e-13
-7.200015323532982237e-13
-7.030749138263459042e-13
-6.806700385622588279e-13
-6.530212568606197365e-13
-6.204187554328943754e-13
-5.832070395193900136e-13
-5.417831981657794671e-13
-4.965944647682130064e-13
-4.481338531595741026e-13
-3.969346823885083753e-13
-3.435649659731809802e-13
-2.886209880034046327e-13
-2.327209605579305673e-13
-1.764973665266053593e-13
-1.205890584870389359e-13
-6.563404876015754841e-14
-1.226289662398455729e-14
3.890845504399449706e-14
8.728581009018188119e-14
1.323031582293326958e-13
1.734276513631199945e-13
2.101651507989063528e-13
2.420655093472029451e-13
2.687266099747620540e-13
2.897985128778868269e-13
3.049876703183768134e-13
3.140594609461061504e-13
3.168411713549978970e-13
3.132248421137268091e-13
3.031690024891953161e-13
2.866996191234344460e-13
2.639102857689840098e-13
2.349621148686753536e-13
2.000831412444364910e-13
1.595664518485445660e-13
1.137669602621627085e-13
6.309820152266762405e-14
8.027958045509972496e-15
-5.092649392468562297e-14
-1.132043203210149340e-13
-1.782068823020718784e-13
-2.453038315010369619e-13
-3.138391239596027837e-13
-3.831383452689018920e-13
-4.525142467768500376e-13
-5.212731288284366826e-13
-5.887217796596289077e-13
-6.541731674587769607e-13
-7.169530268948121066e-13
-7.764050903927288694e-13
-8.318972138758595758e-13
-8.828273940879316495e-13
-9.286289185533869173e-13
-9.687752986972664182e-13
-1.002786612427919444e-12
-1.030232973583955491e-12
-1.050739573474346322e-12
-1.063991017687115903e-12
-1.069735337637378603e-12
-1.067786484232335908e-12
-1.058026713116055895e-12
-1.040408644653600945e-12
-1.014954721829941509e-12
-9.817559092073491200e-13
-9.409716929253963968e-13
-8.928282917673724395e-13
-8.376148624526791320e-13
-7.756791628281411999e-13
-7.074226187481214012e-13
-6.332963667365909544e-13
-5.537945861437687523e-13
-4.694483191937381950e-13
-3.808197789230416408e-13
-2.884974973759585337e-13
-1.930897390763075538e-13
-9.521853791549794721e-14
4.485417232405995713e-15
1.053868499628976552e-13
2.068517340921005587e-13
3.082519591142418580e-13
4.089688115070655439e-13
5.083968727774557106e-13
6.059469332547751108e-13
7.010498952186861032e-13
7.931591581439301208e-13
8.817527328945640175e-13
9.663366027506947731e-13
1.046446674972389967e-12
1.121651491305108994e-12
1.191554125333504910e-12
1.255793429313922793e-12
1.314047286780917201e-12
1.366033154648338410e-12
1.411510990555198131e-12
1.450282060243279769e-12
1.482191105961483402e-12
1.507125479104087784e-12
1.525015790732053844e-12
1.535834827370852196e-12
1.539595599446552665e-12
1.536351666546476036e-12
1.526195727956369819e-12
1.509255719532587303e-12
1.485692536877525338e-12
1.455697758515062112e-12
1.419491043805343189e-12
1.377317097178698546e-12
1.329442415529125121e-12
1.276153878751462578e-12
1.217756689757265587e-12
1.154571447128938111e-12
1.086932301976040183e-12
1.015185006371377430e-12
9.396865880903493284e-13
8.608038869380163494e-13
7.789123079166015984e-13
6.943951164940787013e-13
6.076433843940631796e-13
5.190542548723364735e-13
4.290296145691846474e-13
3.379756056184207713e-13
2.463012161845606895e-13
1.544179009920626511e-13
6.273736548713729211e-14
-2.833015363913529011e-14
-1.183767168490279520e-13
-2.069992533501943677e-13
-2.938016312441921185e-13
-3.783962075967761685e-13
-4.604063441257522094e-13
-5.394665833838296898e-13
-6.152247765053853179e-13
-6.873440618754278475e-13
-7.555036782812274421e-13
-8.194001575347054089e-13
-8.787490049858015517e-13
-9.332864342459501472e-13
-9.827712645418817949e-13
-1.026985354396492411e-12
-1.065734956881558837e-12
-1.098852996442301055e-12
-1.126200153099554679e-12
-1.147667030854115922e-12
-1.163174157686741594e-12
-1.172673720281625087e-12
-1.176151298749872343e-12
-1.173626191890153603e-12
-1.165151091928051663e-12
-1.150813277138451607e-12
-1.130734611845540805e-12
-1.105071329582374418e-12
-1.074012298367399421e-12
-1.037778587023585608e-12
-9.966217304549496170e-13
-9.508226454443824416e-13
-9.006892454088699651e-13
-8.465547056760169831e-13
-7.887758371807884750e-13
-7.277308096409473848e-13
-6.638166036819492799e-13
-5.974470050629232531e-13
-5.290498399611320846e-13
-4.590647523575186462e-13
-3.879401411655686305e-13
-3.161294739439240997e-13
-2.440887661263324571e-13
-1.722731386797488051e-13
-1.011332605659574779e-13
-3.111139479177425782e-14
3.736286386074420818e-14
1.038753298329177233e-13
1.680309943919919280e-13
2.294579456996181932e-13
2.878100047783854754e-13
3.427695410493369899e-13
3.940491867266554538e-13
4.413945608756214556e-13
4.845856788754376865e-13
5.234379010961298651e-13
5.578021226339269223e-13
5.875656406729989900e-13
6.126514768590995974e-13
6.330185399298915438e-13
6.486602704622312920e-13
6.596039903508654767e-13
6.659101438669101647e-13
6.676708339849179996e-13
6.650084671301625949e-13
6.580742895057056785e-13
6.470475739407677285e-13
6.321335599066002509e-13
6.135613935323580570e-13
5.915824470917319111e-13
5.664677169177345650e-13
5.385054923680299144e-13
5.079982116386327906e-13
4.752594802079346259e-13
4.406111163857834301e-13
4.043796276564232128e-13
3.668930122820851514e-13
3.284775066964701340e-13
2.894543328982313035e-13
2.501369337354342193e-13
2.108282759526527994e-13
1.718178821875221418e-13
1.333799065118823624e-13
9.577146747093839840e-14
5.923121151538146556e-14
2.397838804141065594e-14
-9.788175519133239522e-15
-4.189031933832243482e-14
-7.217075786818127892e-14
-1.004933102336479089e-13
-1.267428544927950984e-13
-1.508251802530974350e-13
-1.726664059127636097e-13
-1.922129176743642143e-13
-2.094311323756065102e-13
-2.243069824933024980e-13
-2.368453469372283626e-13
-2.470694276338752937e-13
-2.550197737444942492e-13
-2.607535769336838394e-13
-2.643433161166747203e-13
-2.658753479965053623e-13
-2.654487415466866285e-13
-2.631736246028887338e-13
-2.591696388748454538e-13
-2.535642865380410838e-13
-2.464910328799085892e-13
-2.380880323622769357e-13
-2.284962854776778629e-13
-2.178579311309242206e-13
-2.063150404641930780e-13
-1.940082480517829611e-13
-1.810756134878327428e-13
-1.676516456043664061e-13
-1.538665841873537721e-13
-1.398457223503526969e-13
-1.257088779859499850e-13
-1.115697025868764292e-13
-9.753511203986625633e-14
-8.370504945643189587e-14
-7.017211247836718790e-14
-5.702132288478573008e-14
-4.432998429058573886e-14
-3.216765842952752641e-14
-2.059610077972950926e-14
-9.669307150480307284e-15
5.664676830364166749e-16
1.007259478326113025e-14
1.881789910257013893e-14
2.677836725690878328e-14
3.393690696843441879e-14
4.028315224793854732e-14
4.581308477111939448e-14
5.052853412914302955e-14
5.443671704272005918e-14
5.754979690497305511e-14
5.988444332430398198e-14
6.146144926550203835e-14
6.230547355172769142e-14
6.244479353089207874e-14
6.191098659126884063e-14
6.073857101952448434e-14
5.896461975369443609e-14
5.662833009044583588e-14
5.377065099058074560e-14
5.043374775421348433e-14
4.666058189242879017e-14
4.249453843278502840e-14
3.797912098745317988e-14
3.315761971630151739e-14
2.807294192030615476e-14
2.276759848902389083e-14
1.728370390059220940e-14
1.166289829469813188e-14
5.946308932579117204e-15
1.743915239292394346e-16
-5.613170450907527254e-15
-1.137757609344846807e-14
-1.708108514927950822e-14
-2.268717440474798952e-14
-2.816065557012612658e-14
-3.346779301719067512e-14
-3.857645539812049051e-14
-4.345637483757838759e-14
-4.807928076391680683e-14
-5.241915571312788513e-14
-5.645245555740974197e-14
-6.015819759659299382e-14
-6.351799782759043334e-14
-6.651601334615661609e-14
-6.913883392667061201e-14
-7.137543458829095910e-14
-7.321702651715694676e-14
-7.465699608001641341e-14
-7.569085739038070026e-14
-7.631634717621474384e-14
-7.653342477993707593e-14
-7.634417729072973113e-14
-7.575279921574751274e-14
-7.476555859880010257e-14
-7.339063439002618816e-14
-7.163800124941263614e-14
-6.951926014020504141e-14
-6.704751635616332250e-14
-6.423731175892594125e-14
-6.110463155427348081e-14
-5.766694494971011387e-14
-5.394321531885896970e-14
-4.995395779970254746e-14
-4.572124607084629422e-14
-4.126865136514640264e-14
-3.662113743762435147e-14
-3.180496230964502402e-14
-2.684754443771104199e-14
-2.177733565852067732e-14
-1.662364670018071783e-14
-1.141641170704713049e-14
-6.185909142368941141e-15
-9.623901525826266887e-16
4.224324408612541160e-15
9.345325518485009947e-15
1.437302086701973403e-14
1.928146837614115594e-14
2.404664365036630197e-14
2.864660006603181319e-14
3.306141710228416297e-14
3.727306481580809627e-14
4.126528356214811954e-14
4.502341967131673339e-14
4.853423571241424761e-14
5.178580884967511067e-14
5.476759521697190103e-14
5.747055527869152081e-14
5.988724869742528822e-14
6.201208844385311392e-14
6.384151020333295179e-14
6.537422648578497530e-14
6.661132149338166997e-14
6.755629177812930153e-14
6.821492426912351137e-14
6.859517429980491188e-14
6.870682001851660670e-14
6.856107614148024276e-14
6.817013316687270397e-14
6.754677790406574123e-14
6.670402755539275863e-14
6.565483833681495796e-14
6.441188186122326353e-14
6.298745704701180781e-14
6.139344268423288509e-14
5.964127032954263941e-14
5.774194463499179863e-14
5.570612805132039991e-14
5.354421197872535898e-14
5.126640147015519566e-14
4.888272539570540087e-14
4.640307371206811582e-14
4.383715341681887478e-14
4.119445127896692593e-14
3.848406782049756947e-14
3.571461906055027613e-14
3.289407727322460340e-14
3.002958125220001051e-14
2.712722624656493942e-14
2.419191488301809800e-14
2.122731989641878092e-14
1.823595866868622795e-14
1.521925590923772081e-14
1.217772492003929563e-14
9.111296244389277543e-15
6.019600999439137304e-15
2.902175011133779556e-15
-2.412866788575868506e-16
-3.410636183876327235e-15
-6.604960905331113893e-15
-9.822421908223678139e-15
-1.306004441284326287e-14
-1.631348356368692715e-14
-1.957687450462788220e-14
-2.284274894617018686e-14
-2.610203855358053660e-14
-2.934416557941361969e-14
-3.255714450746578781e-14
-3.572775145936450680e-14
-3.884170545961906917e-14
-4.188380057276036572e-14
-4.483806853366675838e-14
-4.768783634580449349e-14
-5.041581098452242726e-14
-5.300418442913748529e-14
-5.543472514249296601e-14
-5.768876451843138464e-14
-5.974729852574814370e-14
-6.159113339785846075e-14
-6.320090934971989149e-14
-6.455734113518935002e-14
-6.564136712482182556e-14
-6.643450167157644026e-14
-6.691918070025892895e-14
-6.707902598180118248e-14
-6.689916361764941533e-14
-6.636661706305169162e-14
-6.547056462507389041e-14
-6.420254275050704673e-14
-6.255655444608460014e-14
-6.052925223759900164e-14
-5.812020244418125703e-14
-5.533183435632409164e-14
-5.216954187983562086e-14
-4.864181906111091080e-14
-4.476028041592271245e-14
-4.053968125821219570e-14
-3.599779233921275579e-14
-3.115535241360496699e-14
-2.603605638105532111e-14
-2.066636555083604249e-14
-1.507527216666575132e-14
-9.294123223856434746e-15
-3.356377794374058518e-15
2.702677364473473655e-15
8.846370596509497281e-15
1.503700152404290752e-14
2.123616292038811582e-14
2.740511065150476322e-14
3.350521832093215913e-14
3.949822714450872130e-14
4.534652885937635880e-14
5.101337578815139107e-14
5.646328063847565193e-14
6.166225028410993181e-14
6.657814490690361353e-14
7.118092194228348157e-14
7.544297489243262378e-14
7.933942131749249782e-14
8.284829257094311616e-14
8.595068287740176283e-14
8.863087808163097603e-14
9.087648439754653085e-14
9.267842163195386118e-14
9.403080798806723317e-14
9.493083809276534057e-14
9.537858648494754177e-14
9.537681110389009675e-14
9.493075677760240416e-14
9.404780963338452149e-14
9.273737512508276049e-14
9.101074928408170450e-14
8.888084766876108711e-14
8.636218503570505800e-14
8.347084145838429281e-14
8.022448265594672723e-14
7.664230578310893272e-14
7.274504620641969455e-14
6.855490974162423146e-14
6.409565396882713206e-14
5.939240527337574793e-14
5.447149621553432075e-14
4.936028257136737540e-14
4.408685534153765351e-14
3.867965111615037643e-14
3.316702517014782914e-14
2.757686860441720123e-14
2.193630680206136441e-14
1.627136569741765432e-14
1.060680660463315592e-14
4.966024997227506607e-15
-6.289797733349681078e-16
-6.157605112919965068e-15
-1.160056005791200440e-14
-1.693982038246822502e-14
-2.215854961269605322e-14
-2.724099632390834802e-14
-3.217241875469109558e-14
-3.693908988910109270e-14
-4.152821275337122142e-14
-4.592794243876707760e-14
-5.012717603741605188e-14
-5.411556958296627473e-14
-5.788341268971042286e-14
-6.142159128313604000e-14
-6.472151644915796753e-14
-6.777510410532761043e-14
-7.057469707380178980e-14
-7.311303797628843082e-14
-7.538314048503858000e-14
-7.737812669252053244e-14
-7.909133553163708030e-14
-8.051611948781817185e-14
-8.164598690055605013e-14
-8.247466972604103330e-14
-8.299644202154968231e-14
-8.320629612829782973e-14
-8.310021372198370115e-14
-8.267553850728470710e-14
-8.193140312246285917e-14
-8.086891887474495499e-14
-7.949142646207496554e-14
-7.780465860343990792e-14
-7.581689589293214016e-14
-7.353912265381165603e-14
-7.098495239960672665e-14
-6.817062105785032244e-14
-6.511481756349066230e-14
-6.183860931999185517e-14
-5.836506272857353017e-14
-5.471877901415574119e-14
-5.092525386845084268e-14
-4.701043699283091737e-14
-4.300001720252029369e-14
-3.891878206968742149e-14
-3.479000467159105991e-14
-3.063501329784307226e-14
-2.647277132206658778e-14
-2.231962986827540352e-14
-1.818922108472263016e-14
-1.409237852280365022e-14
-1.003730823771146335e-14
-6.030018234140944317e-15
-2.074803816167619663e-15
1.825138949140283316e-15
5.666898174268341151e-15
9.446823782488598248e-15
1.315950217447691556e-14
1.679691067767337398e-14
2.034758808926867557e-14
2.379592698017671260e-14
2.712171206207831392e-14
3.029970683534298492e-14
3.329955533320702599e-14
3.608598540968087354e-14
3.861905437910380379e-14
4.085452679283840816e-14
4.274459611134165393e-14
4.423897907073273683e-14
4.528605748320597979e-14
4.583402681370730980e-14
4.583237001726248039e-14
4.523333815256887214e-14
4.399328869405215447e-14
4.207401029139579141e-14
3.944378664292279291e-14
3.607817237777539987e-14
3.196051821634238177e-14
2.708246733156612768e-14
2.144411289707083557e-14
1.505367113244487215e-14
7.927160277753763501e-15
8.805330341437589132e-17
-8.433405612306293930e-15
-1.760118709581617175e-14
-2.737422952431376594e-14
-3.770728439775675178e-14
-4.855180656387209082e-14
-5.985653189462605828e-14
-7.156790757896144828e-14
-8.363059864850003189e-14
-9.598757606896907157e-14
-1.085795814153786565e-13
-1.213445712184083036e-13
-1.342172900598015417e-13
-1.471285116308451713e-13
-1.600036970321808139e-13
-1.727618157039423341e-13
-1.853146135892894120e-13
-1.975655966948708375e-13
-2.094092585967766151e-13
-2.207305112343974085e-13
-2.314045493851529800e-13
-2.412972165827254045e-13
-2.502656014282539365e-13
-2.581589727147087787e-13
-2.648196874462105388e-13
-2.700850881918320789e-13
-2.737892920191831170e-13
-2.757654673189724459e-13
-2.758480293144072171e-13
-2.738752421464069053e-13
-2.696917938537629622e-13
-2.631511003027553475e-13
-2.541177988521492459e-13
-2.424698083373227897e-13
-2.281000366886887232e-13
-2.109178446046272581e-13
-1.908505634345275537e-13
-1.678440914899825831e-13
-1.418636258812555617e-13
-1.128941165269396751e-13
-8.094063207219129308e-14
-4.602826502103987694e-14
-8.202573040553499256e-15
3.246981541060386944e-14
7.590124004568793437e-14
1.219828681424048322e-13
1.705835722242560193e-13
2.215489619018795597e-13
2.747012686765692990e-13
3.298389122594058698e-13
3.867350504508509923e-13
4.451363865183577406e-13
5.047629523559360454e-13
5.653082169043699423e-13
6.264383001046425203e-13
6.877922168434247308e-13
7.489825816844875028e-13
8.095977772730467148e-13
8.692036890592391707e-13
9.273455484418158257e-13
9.835516732656368610e-13
1.037336991478732262e-12
1.088207757411752130e-12
1.135665346485570382e-12
1.179211350961495430e-12
1.218352350430829123e-12
1.252605332825729167e-12
1.281502790169419814e-12
1.304596621704012804e-12
1.321463880162021542e-12
1.331710674894182045e-12
1.334976942359011876e-12
1.330940023989979348e-12
1.319318677743541723e-12
1.299875246503490178e-12
1.272419886469422501e-12
1.236812410300436316e-12
1.192963913418387811e-12
1.140839267672888457e-12
1.080459831846736218e-12
1.011903993757001796e-12
9.353083628774183644e-13
8.508698303225092907e-13
7.588475746216072348e-13
6.595625738278765304e-13
5.533972802576614392e-13
4.407961896966267057e-13
3.222657329795403092e-13
1.983719042980211511e-13
6.973753036631710756e-14
-6.296010127094728293e-14
-1.989920950457371718e-13
-3.375828262763835852e-13
-4.779159923709586089e-13
-6.191402642310994686e-13
-7.603754865331824320e-13
-9.007201451707858020e-13
-1.039259715611418056e-12
-1.175075119673463231e-12
-1.307250314941388325e-12
-1.434880534702254185e-12
-1.557081720504616129e-12
-1.672997461052427859e-12
-1.781807340561769593e-12
-1.882733769234534726e-12
-1.975048380051247499e-12
-2.058079618186270388e-12
-2.131218162018666540e-12
-2.193920826260020718e-12
-2.245714681922694744e-12
-2.286200742607213954e-12
-2.315058084470522637e-12
-2.332045364109025520e-12
-2.337001902760760252e-12
-2.329850288390611368e-12
-2.310597676732917272e-12
-2.279334490248863254e-12
-2.236233767605178002e-12
-2.181550729993264603e-12
-2.115621480086593564e-12
-2.038861917838530324e-12
-1.951762102631038331e-12
-1.854883868029899574e-12
-1.748857786018631622e-12
-1.634377637567407948e-12
-1.512193148478502280e-12
-1.383105110476512412e-12
-1.247958659154890793e-12
-1.107636009821388878e-12
-9.630475670402427468e-13
-8.151240099563139552e-13
-6.648094076112942563e-13
-5.130523284858912181e-13
-3.607967060965250328e-13
-2.089737752416706562e-13
-5.849511955542674446e-14
8.975506020922688344e-14
2.349270680334497596e-13
3.762121365304127441e-13
5.128479021662690762e-13
6.441234806815743230e-13
7.693842308045817369e-13
8.880354676436830186e-13
9.995456068737085253e-13
1.103447736829077375e-12
1.199341732698033791e-12
1.286895178094493719e-12
1.365844937151194927e-12
1.435996395578176266e-12
1.497221725939301695e-12
1.549460429753346524e-12
1.592717169089652440e-12
1.627059489743565290e-12
1.652614460209700376e-12
1.669566394857380232e-12
1.678154143425203415e-12
1.678665995270833822e-12
1.671435559402745241e-12
1.656837102410879670e-12
1.635281536918609113e-12
1.607211000571873161e-12
1.573092784507013064e-12
1.533414671281430053e-12
1.488680489644678140e-12
1.439403826165863709e-12
1.386103146323869328e-12
1.329296915597577566e-12
1.269498720556094806e-12
1.207212823629844056e-12
1.142930151562526753e-12
1.077124175442867315e-12
1.010247874938530188e-12
9.427307025300368792e-13
8.749759272154433720e-13
8.073578697948002869e-13
7.402206018275458987e-13
6.738766445898991542e-13
6.086058848726871862e-13
5.446548160398245741e-13
4.822362127676615984e-13
4.215293207803644249e-13
3.626802363206754753e-13
3.058024753560539821e-13
2.509772446292191095e-13
1.982554474321690519e-13
1.476591066215324211e-13
9.918265888491165083e-14
5.279499439621998524e-14
8.442111416938173629e-15
-3.394967006088364658e-14
-7.447117060391597598e-14
-1.132274341560796094e-13
-1.503340231164343455e-13
-1.859135404218975607e-13
-2.200924853609440013e-13
-2.529982516888407140e-13
-2.847554548927877516e-13
-3.154828286631994327e-13
-3.452905550458545969e-13
-3.742780824850244770e-13
-4.025318218938561676e-13
-4.301233848258423365e-13
-4.571083637473771777e-13
-4.835256544113986088e-13
-5.093966156007045942e-13
-5.347247709723557119e-13
-5.594955922172406559e-13
-5.836766616904021099e-13
-6.072184855626661104e-13
-6.300549275015110418e-13
-6.521035881418280056e-13
-6.732667808678760579e-13
-6.934324533851288219e-13
-7.124755971830987189e-13
-7.302590064768577083e-13
-7.466343081991011488e-13
-7.614444014550358908e-13
-7.745253006660735018e-13
-7.857073281922200003e-13
-7.948177164172898213e-13
-8.016834266745542781e-13
-8.061338597521727767e-13
-8.080035121885154048e-13
-8.071344699371596487e-13
-8.033795525531906012e-13
-7.966053489592839210e-13
-7.866944942702680521e-13
-7.735480550379036924e-13
-7.570883481765322554e-13
-7.372612177876380901e-13
-7.140378240934330822e-13
-6.874157276390291393e-13
-6.574210034866745378e-13
-6.241083496359711713e-13
-5.875617375451780422e-13
-5.478946831817543828e-13
-5.052500301819251582e-13
-4.597990824889430783e-13
-4.117405201509161117e-13
-3.612992066984177519e-13
-3.087242375805765437e-13
-2.542869886011656089e-13
-1.982790694870020798e-13
-1.410101419310749726e-13
-8.280508033810599078e-14
-2.400108513626528217e-14
3.505446191025100855e-14
9.400682679126456942e-14
1.524970606606515511e-13
2.101651236938520406e-13
2.666520975379282898e-13
3.216031770319344174e-13
3.746708889321159752e-13
4.255180192577756593e-13
4.738202018239601188e-13
5.192688184822713549e-13
5.615744956728729864e-13
6.004698149299214638e-13
6.357119691768886582e-13
6.670850937612327058e-13
6.944030311699378455e-13
7.175115536439680142e-13
7.362893389602220839e-13
7.506491630539235960e-13
7.605390384309018703e-13
7.659422683777006302e-13
7.668769590706003836e-13
7.633955316846408046e-13
7.555839092419913694e-13
7.435599987289098767e-13
7.274723900531354648e-13
7.074980792193263923e-13
6.838405167651495642e-13
6.567274393569355606e-13
6.264084845448991690e-13
5.931531307790116614e-13
5.572478784833523324e-13
5.189938648113290309e-13
4.787042073503555706e-13
4.367017001922351982e-13
3.933155613266431372e-13
3.488788305559126224e-13
3.037254421491691891e-13
2.581876769672253324e-13
2.125929369611173625e-13
1.672608720363483181e-13
1.225009405979998744e-13
7.860996331958067240e-14
3.586956849165739980e-14
-5.455825187109094795e-15
-4.512075053321983054e-14
-8.290011065852434524e-14
-1.185909958558925559e-13
-1.520138453049019178e-13
-1.830129336922656225e-13
-2.114571674228030163e-13
-2.372405115240450169e-13
-2.602822200391957663e-13
-2.805260364280304231e-13
-2.979401664618408496e-13
-3.125166141496049654e-13
-3.242707751621720647e-13
-3.332400815795472093e-13
-3.394829176887187439e-13
-3.430773460461056246e-13
-3.441197251197875007e-13
