-3.427228661458114889e-13
-3.390147049805308788e-13
-3.331363505366946587e-13
-3.252405940054603484e-13
-3.154897946621576521e-13
-3.040540367225952334e-13
0.000000000000000000e+00
0.000000000000000000e+00
0.000000000000000000e+00
0.000000000000000000e+00
0.000000000000000000e+00
0.000000000000000000e+00
0.000000000000000000e+00
0.000000000000000000e+00
0.000000000000000000e+00
0.000000000000000000e+00
0.000000000000000000e+00
0.000000000000000000e+00
0.000000000000000000e+00
0.000000000000000000e+00
0.000000000000000000e+00
0.000000000000000000e+00
0.000000000000000000e+00
0.000000000000000000e+00
0.000000000000000000e+00
0.000000000000000000e+00
0.000000000000000000e+00
0.000000000000000000e+00
0.000000000000000000e+00
0.000000000000000000e+00
0.000000000000000000e+00
0.000000000000000000e+00
0.000000000000000000e+00
0.000000000000000000e+00
0.000000000000000000e+00
0.000000000000000000e+00
0.000000000000000000e+00
0.000000000000000000e+00
0.000000000000000000e+00
0.000000000000000000e+00
0.000000000000000000e+00
0.000000000000000000e+00
0.000000000000000000e+00
0.000000000000000000e+00
0.000000000000000000e+00
0.000000000000000000e+00
0.000000000000000000e+00
0.000000000000000000e+00
0.000000000000000000e+00
0.000000000000000000e+00
0.000000000000000000e+00
0.000000000000000000e+00
0.000000000000000000e+00
0.000000000000000000e+00
0.000000000000000000e+00
0.000000000000000000e+00
0.000000000000000000e+00
0.000000000000000000e+00
0.000000000000000000e+00
0.000000000000000000e+00
0.000000000000000000e+00
0.000000000000000000e+00
0.000000000000000000e+00
0.000000000000000000e+00
0.000000000000000000e+00
0.000000000000000000e+00
0.000000000000000000e+00
0.000000000000000000e+00
0.000000000000000000e+00
0.000000000000000000e+00
0.000000000000000000e+00
0.000000000000000000e+00
0.000000000000000000e+00
0.000000000000000000e+00
0.000000000000000000e+00
0.000000000000000000e+00
0.000000000000000000e+00
0.000000000000000000e+00
0.000000000000000000e+00
0.000000000000000000e+00
0.000000000000000000e+00
0.000000000000000000e+00
0.000000000000000000e+00
0.000000000000000000e+00
0.000000000000000000e+00
0.000000000000000000e+00
0.000000000000000000e+00
0.000000000000000000e+00
0.000000000000000000e+00
0.000000000000000000e+00
0.000000000000000000e+00
0.000000000000000000e+00
0.000000000000000000e+00
0.000000000000000000e+00
0.000000000000000000e+00
0.000000000000000000e+00
0.000000000000000000e+00
0.000000000000000000e+00
0.000000000000000000e+00
0.000000000000000000e+00
0.000000000000000000e+00
0.000000000000000000e+00
0.000000000000000000e+00
0.000000000000000000e+00
0.000000000000000000e+00
0.000000000000000000e+00
0.000000000000000000e+00
0.000000000000000000e+00
0.000000000000000000e+00
0.000000000000000000e+00
0.000000000000000000e+00
0.000000000000000000e+00
0.000000000000000000e+00
0.000000000000000000e+00
0.000000000000000000e+00
0.000000000000000000e+00
0.000000000000000000e+00
0.000000000000000000e+00
0.000000000000000000e+00
0.000000000000000000e+00
0.000000000000000000e+00
0.000000000000000000e+00
0.000000000000000000e+00
0.000000000000000000e+00
0.000000000000000000e+00
0.000000000000000000e+00
0.000000000000000000e+00
0.000000000000000000e+00
0.000000000000000000e+00
0.000000000000000000e+00
0.000000000000000000e+00
0.000000000000000000e+00
0.000000000000000000e+00
0.000000000000000000e+00
0.000000000000000000e+00
0.000000000000000000e+00
0.000000000000000000e+00
0.000000000000000000e+00
0.000000000000000000e+00
0.000000000000000000e+00
0.000000000000000000e+00
0.000000000000000000e+00
0.000000000000000000e+00
0.000000000000000000e+00
0.000000000000000000e+00
0.000000000000000000e+00
0.000000000000000000e+00
0.000000000000000000e+00
0.000000000000000000e+00
0.000000000000000000e+00
0.000000000000000000e+00
0.000000000000000000e+00
0.000000000000000000e+00
0.000000000000000000e+00
0.000000000000000000e+00
0.000000000000000000e+00
0.000000000000000000e+00
0.000000000000000000e+00
0.000000000000000000e+00
0.000000000000000000e+00
0.000000000000000000e+00
0.000000000000000000e+00
0.000000000000000000e+00
0.000000000000000000e+00
0.000000000000000000e+00
0.000000000000000000e+00
0.000000000000000000e+00
0.000000000000000000e+00
0.000000000000000000e+00
0.000000000000000000e+00
0.000000000000000000e+00
0.000000000000000000e+00
0.000000000000000000e+00
0.000000000000000000e+00
0.000000000000000000e+00
0.000000000000000000e+00
0.000000000000000000e+00
0.000000000000000000e+00
0.000000000000000000e+00
0.000000000000000000e+00
0.000000000000000000e+00
0.000000000000000000e+00
0.000000000000000000e+00
0.000000000000000000e+00
0.000000000000000000e+00
0.000000000000000000e+00
0.000000000000000000e+00
0.000000000000000000e+00
0.000000000000000000e+00
0.000000000000000000e+00
0.000000000000000000e+00
0.000000000000000000e+00
0.000000000000000000e+00
0.000000000000000000e+00
0.000000000000000000e+00
0.000000000000000000e+00
0.000000000000000000e+00
0.000000000000000000e+00
0.000000000000000000e+00
0.000000000000000000e+00
0.000000000000000000e+00
0.000000000000000000e+00
0.000000000000000000e+00
0.000000000000000000e+00
0.000000000000000000e+00
0.000000000000000000e+00
0.000000000000000000e+00
0.000000000000000000e+00
0.000000000000000000e+00
0.000000000000000000e+00
0.000000000000000000e+00
0.000000000000000000e+00
0.000000000000000000e+00
0.000000000000000000e+00
0.000000000000000000e+00
0.000000000000000000e+00
0.000000000000000000e+00
0.000000000000000000e+00
0.000000000000000000e+00
0.000000000000000000e+00
0.000000000000000000e+00
0.000000000000000000e+00
0.000000000000000000e+00
0.000000000000000000e+00
0.000000000000000000e+00
0.000000000000000000e+00
0.000000000000000000e+00
0.000000000000000000e+00
0.000000000000000000e+00
0.000000000000000000e+00
0.000000000000000000e+00
0.000000000000000000e+00
0.000000000000000000e+00
0.000000000000000000e+00
0.000000000000000000e+00
0.000000000000000000e+00
0.000000000000000000e+00
0.000000000000000000e+00
0.000000000000000000e+00
0.000000000000000000e+00
0.000000000000000000e+00
0.000000000000000000e+00
0.000000000000000000e+00
0.000000000000000000e+00
0.000000000000000000e+00
0.000000000000000000e+00
0.000000000000000000e+00
0.000000000000000000e+00
0.000000000000000000e+00
0.000000000000000000e+00
0.000000000000000000e+00
0.000000000000000000e+00
0.000000000000000000e+00
0.000000000000000000e+00
0.000000000000000000e+00
0.000000000000000000e+00
0.000000000000000000e+00
0.000000000000000000e+00
0.000000000000000000e+00
0.000000000000000000e+00
0.000000000000000000e+00
0.000000000000000000e+00
0.000000000000000000e+00
0.000000000000000000e+00
0.000000000000000000e+00
0.000000000000000000e+00
0.000000000000000000e+00
0.000000000000000000e+00
0.000000000000000000e+00
0.000000000000000000e+00
0.000000000000000000e+00
0.000000000000000000e+00
0.000000000000000000e+00
0.000000000000000000e+00
0.000000000000000000e+00
0.000000000000000000e+00
0.000000000000000000e+00
0.000000000000000000e+00
0.000000000000000000e+00
0.000000000000000000e+00
0.000000000000000000e+00
0.000000000000000000e+00
0.000000000000000000e+00
0.000000000000000000e+00
0.000000000000000000e+00
0.000000000000000000e+00
0.000000000000000000e+00
0.000000000000000000e+00
0.000000000000000000e+00
0.000000000000000000e+00
0.000000000000000000e+00
0.000000000000000000e+00
0.000000000000000000e+00
0.000000000000000000e+00
0.000000000000000000e+00
0.000000000000000000e+00
0.000000000000000000e+00
0.000000000000000000e+00
0.000000000000000000e+00
0.000000000000000000e+00
0.000000000000000000e+00
0.000000000000000000e+00
0.000000000000000000e+00
0.000000000000000000e+00
0.000000000000000000e+00
0.000000000000000000e+00
0.000000000000000000e+00
0.000000000000000000e+00
0.000000000000000000e+00
0.000000000000000000e+00
0.000000000000000000e+00
0.000000000000000000e+00
0.000000000000000000e+00
0.000000000000000000e+00
0.000000000000000000e+00
0.000000000000000000e+00
0.000000000000000000e+00
0.000000000000000000e+00
0.000000000000000000e+00
0.000000000000000000e+00
0.000000000000000000e+00
0.000000000000000000e+00
0.000000000000000000e+00
0.000000000000000000e+00
0.000000000000000000e+00
0.000000000000000000e+00
0.000000000000000000e+00
0.000000000000000000e+00
0.000000000000000000e+00
0.000000000000000000e+00
0.000000000000000000e+00
0.000000000000000000e+00
0.000000000000000000e+00
0.000000000000000000e+00
0.000000000000000000e+00
0.000000000000000000e+00
0.000000000000000000e+00
0.000000000000000000e+00
0.000000000000000000e+00
0.000000000000000000e+00
0.000000000000000000e+00
0.000000000000000000e+00
0.000000000000000000e+00
0.000000000000000000e+00
0.000000000000000000e+00
0.000000000000000000e+00
0.000000000000000000e+00
0.000000000000000000e+00
0.000000000000000000e+00
0.000000000000000000e+00
0.000000000000000000e+00
0.000000000000000000e+00
0.000000000000000000e+00
0.000000000000000000e+00
0.000000000000000000e+00
0.000000000000000000e+00
0.000000000000000000e+00
0.000000000000000000e+00
0.000000000000000000e+00
0.000000000000000000e+00
0.000000000000000000e+00
0.000000000000000000e+00
0.000000000000000000e+00
0.000000000000000000e+00
0.000000000000000000e+00
0.000000000000000000e+00
0.000000000000000000e+00
0.000000000000000000e+00
0.000000000000000000e+00
0.000000000000000000e+00
0.000000000000000000e+00
0.000000000000000000e+00
0.000000000000000000e+00
0.000000000000000000e+00
0.000000000000000000e+00
0.000000000000000000e+00
0.000000000000000000e+00
0.000000000000000000e+00
0.000000000000000000e+00
0.000000000000000000e+00
0.000000000000000000e+00
0.000000000000000000e+00
0.000000000000000000e+00
0.000000000000000000e+00
0.000000000000000000e+00
0.000000000000000000e+00
0.000000000000000000e+00
0.000000000000000000e+00
0.000000000000000000e+00
0.000000000000000000e+00
0.000000000000000000e+00
0.000000000000000000e+00
0.000000000000000000e+00
0.000000000000000000e+00
0.000000000000000000e+00
0.000000000000000000e+00
0.000000000000000000e+00
0.000000000000000000e+00
0.000000000000000000e+00
0.000000000000000000e+00
0.000000000000000000e+00
0.000000000000000000e+00
0.000000000000000000e+00
0.000000000000000000e+00
0.000000000000000000e+00
0.000000000000000000e+00
0.000000000000000000e+00
0.000000000000000000e+00
0.000000000000000000e+00
0.000000000000000000e+00
0.000000000000000000e+00
0.000000000000000000e+00
0.000000000000000000e+00
0.000000000000000000e+00
0.000000000000000000e+00
0.000000000000000000e+00
0.000000000000000000e+00
0.000000000000000000e+00
0.000000000000000000e+00
0.000000000000000000e+00
0.000000000000000000e+00
0.000000000000000000e+00
0.000000000000000000e+00
0.000000000000000000e+00
0.000000000000000000e+00
0.000000000000000000e+00
0.000000000000000000e+00
0.000000000000000000e+00
0.000000000000000000e+00
0.000000000000000000e+00
0.000000000000000000e+00
0.000000000000000000e+00
0.000000000000000000e+00
0.000000000000000000e+00
0.000000000000000000e+00
0.000000000000000000e+00
0.000000000000000000e+00
0.000000000000000000e+00
0.000000000000000000e+00
0.000000000000000000e+00
0.000000000000000000e+00
0.000000000000000000e+00
0.000000000000000000e+00
0.000000000000000000e+00
0.000000000000000000e+00
0.000000000000000000e+00
0.000000000000000000e+00
0.000000000000000000e+00
0.000000000000000000e+00
0.000000000000000000e+00
0.000000000000000000e+00
0.000000000000000000e+00
0.000000000000000000e+00
0.000000000000000000e+00
0.000000000000000000e+00
0.000000000000000000e+00
0.000000000000000000e+00
0.000000000000000000e+00
0.000000000000000000e+00
0.000000000000000000e+00
0.000000000000000000e+00
0.000000000000000000e+00
0.000000000000000000e+00
0.000000000000000000e+00
0.000000000000000000e+00
0.000000000000000000e+00
0.000000000000000000e+00
0.000000000000000000e+00
0.000000000000000000e+00
0.000000000000000000e+00
0.000000000000000000e+00
0.000000000000000000e+00
0.000000000000000000e+00
0.000000000000000000e+00
0.000000000000000000e+00
0.000000000000000000e+00
0.000000000000000000e+00
0.000000000000000000e+00
0.000000000000000000e+00
0.000000000000000000e+00
0.000000000000000000e+00
0.000000000000000000e+00
0.000000000000000000e+00
0.000000000000000000e+00
0.000000000000000000e+00
0.000000000000000000e+00
0.000000000000000000e+00
0.000000000000000000e+00
0.000000000000000000e+00
0.000000000000000000e+00
0.000000000000000000e+00
0.000000000000000000e+00
0.000000000000000000e+00
0.000000000000000000e+00
0.000000000000000000e+00
0.000000000000000000e+00
0.000000000000000000e+00
0.000000000000000000e+00
0.000000000000000000e+00
0.000000000000000000e+00
0.000000000000000000e+00
0.000000000000000000e+00
0.000000000000000000e+00
0.000000000000000000e+00
0.000000000000000000e+00
0.000000000000000000e+00
0.000000000000000000e+00
0.000000000000000000e+00
0.000000000000000000e+00
0.000000000000000000e+00
0.000000000000000000e+00
0.000000000000000000e+00
0.000000000000000000e+00
0.000000000000000000e+00
0.000000000000000000e+00
0.000000000000000000e+00
0.000000000000000000e+00
0.000000000000000000e+00
0.000000000000000000e+00
0.000000000000000000e+00
0.000000000000000000e+00
0.000000000000000000e+00
0.000000000000000000e+00
0.000000000000000000e+00
0.000000000000000000e+00
0.000000000000000000e+00
1.401298464324817071e-45
2.802596928649634142e-45
4.203895392974451213e-45
8.407790785948902426e-45
1.261168617892335364e-44
2.101947696487225606e-44
2.942726775082115849e-44
3.783505853677006091e-44
4.344025239406932920e-44
4.624284932271896334e-44
4.624284932271896334e-44
4.344025239406932920e-44
3.923635700109487799e-44
3.363116314379560970e-44
3.222986467947079263e-44
3.082856621514597556e-44
3.363116314379560970e-44
3.923635700109487799e-44
4.344025239406932920e-44
4.484155085839414627e-44
3.923635700109487799e-44
2.802596928649634142e-44
1.401298464324817071e-44
-2.802596928649634142e-45
-1.821688003622262192e-44
-3.222986467947079263e-44
-5.184804318001823162e-44
-7.286752014489048769e-44
-1.078999817530109145e-43
-1.597480249330291461e-43
-2.228064558276459143e-43
-2.998778713655108532e-43
-3.923635700109487799e-43
-5.016648502282845114e-43
-6.319856074104924990e-43
-7.749180507716238402e-43
-9.430738664906018887e-43
-1.149064740746349998e-42
-1.404101061253466705e-42
-1.706781529547627192e-42
-2.059908742557481094e-42
-2.474693087997626947e-42
-2.956739759725364020e-42
-3.501844862347717860e-42
-4.129626574365235908e-42
-4.876518655850363407e-42
-5.748126300660399625e-42
-6.750054702652643831e-42
-7.893514249541694561e-42
-9.199524418292424071e-42
-1.067789429815510608e-41
-1.235945245534488657e-41
-1.430025082843475821e-41
-1.654513096828311516e-41
-1.912912533649807784e-41
-2.209147029008074112e-41
-2.546579699217490063e-41
-2.930255218749624977e-41
-3.364938002383183232e-41
-3.858335191671951323e-41
-4.418854577401878151e-41
-5.055324339898210065e-41
-5.775171361021868594e-41
-6.588765249408857386e-41
-7.509278210623829720e-41
-8.550723229310033767e-41
-9.723750173796338137e-41
-1.104293254811172093e-40
-1.252760827106386461e-40
-1.419767578084618160e-40
-1.607303351565208429e-40
-1.817624238075720223e-40
-2.053588886483376169e-40
-2.318041932670755647e-40
-2.613842025505081282e-40
-2.944464385177878622e-40
-3.314042842158905876e-40
-3.726977473626142971e-40
-4.187402110049348116e-40
-4.700081166207225689e-40
-5.270942134603869668e-40
-5.906192767436238991e-40
-6.611914700039503364e-40
-7.395058372796713880e-40
-8.264185719324895172e-40
-9.228068868010720594e-40
-1.029498949277834982e-39
-1.147465859198555382e-39
-1.277897318959445030e-39
-1.422023668612181115e-39
-1.581023400165260809e-39
-1.756219339369006739e-39
-1.949246801531285965e-39
-2.161787344809288270e-39
-2.395432844258486644e-39
-2.651955942436251982e-39
-2.933513237679180177e-39
-3.242366425708691483e-39
-3.580670703562917470e-39
-3.950770443572673556e-39
-4.355475249158931000e-39
-4.797702623724414071e-39
-5.280218730437699957e-39
-5.805973302566192398e-39
-6.378406527839808822e-39
-7.001164584862722400e-39
-7.677687661364850560e-39
-8.411509832073220490e-39
-9.206626198909622244e-39
-1.006712995468834861e-38
-1.099680040136768362e-38
-1.199905110200672254e-38
-1.307724096902445194e-38
-1.423492369532639956e-38
-1.547578049197834670e-38
-1.680342670901825139e-38
-1.822221898337169948e-38
-1.973864392563005054e-38
-2.136114295774239729e-38
-2.309747506930570622e-38
-2.495278162438558510e-38
-2.692856481493579013e-38
-2.901930492630534585e-38
-3.120829287560564314e-38
-3.347090784881849497e-38
-3.578908430614182580e-38
-3.817081245141921573e-38
-4.067146879736385289e-38
-4.341729912522368870e-38
-4.661051640859465154e-38
-5.048040951000035396e-38
-5.518230956161427326e-38
-6.063195928937348685e-38
-6.630323277705645621e-38
-7.109393030975771052e-38
-7.336708304742228497e-38
-7.130303206660425972e-38
-6.380636554215935335e-38
-5.186310994110665206e-38
-3.981849561953240809e-38
-3.626153208338893788e-38
-5.322559804316352899e-38
-1.025925806349622417e-37
-1.894723231167363074e-37
-3.028563368566271092e-37
-4.052988776624171641e-37
-4.291883484068792207e-37
-2.846544563191666201e-37
1.139193321740383111e-37
7.934058634581328796e-37
1.652324156523159005e-36
2.398282905968719888e-36
2.519873102881900253e-36
1.354709886644979889e-36
-1.679542619161797385e-36
-6.728655507435102693e-36
-1.301431810534846781e-35
-1.836715806371296853e-35
-1.911787019691572262e-35
-1.061101904413452452e-35
1.136528621548933210e-35
4.782699656468322332e-35
9.311815679311136494e-35
1.320388723240519722e-34
1.386388713236234253e-34
8.008634402574479980e-35
-7.256417889150287790e-35
-3.273235421962922404e-34
-6.487816890062178191e-34
-9.351750000432328380e-34
-1.012635577823109843e-33
-6.567991114918027679e-34
3.446887850414289171e-34
2.069439437523405560e-33
4.306505838842007846e-33
6.417241127593769629e-33
7.263450123391963849e-33
5.323238657326206467e-33
-8.733291198396029205e-34
-1.204912345914363002e-32
-2.719911138431220428e-32
-4.253814598439986514e-32
-5.099506670597406632e-32
-4.273070665274394111e-32
-7.242192777425281307e-33
6.206704799636919236e-32
1.614033912393726828e-31
2.702343257808746259e-31
3.463582349754361919e-31
3.274891761461498164e-31
1.437243323611977419e-31
-2.585285414464031389e-31
-8.799312485961657736e-31
-1.621489132665511940e-30
-2.249558397417205998e-30
-2.392127806578720842e-30
-1.585523331349560969e-30
5.853668463705026547e-31
4.264374898794412206e-30
9.061713293878765621e-30
1.379370285469582190e-29
1.634860540773347173e-29
1.390236291937848832e-29
3.529958754163373864e-30
-1.666558940245530591e-29
-4.583784587234874420e-29
-7.866713034301758046e-29
-1.042121896614148562e-28
-1.059982850547774263e-28
-6.470493269231218026e-29
3.564914382654002194e-29
1.992023406365609392e-28
4.075100687900715472e-28
6.094013567037994879e-28
7.178881238026575092e-28
6.180328450838083725e-28
1.908057073762079256e-28
-6.397833349107456206e-28
-1.842883459999269366e-27
-3.219205190959881000e-27
-4.352001169358493088e-27
-4.612339519963015449e-27
-3.256896217750522522e-27
3.777455918715445720e-28
6.568149111879452634e-27
1.479229599011664818e-26
2.336078758683061518e-26
2.924585942161446932e-26
2.823213618055053692e-26
1.572201478923827589e-26
-1.177084778955537626e-26
-5.465421252514399613e-26
-1.079431410164316583e-25
-1.591765629966737114e-25
-1.879696778884495404e-25
-1.679222201185998825e-25
-7.177097191341190864e-26
1.186414137680544948e-25
3.995479658659976234e-25
7.324384671397907334e-25
1.033746108560252127e-24
1.173661239723419054e-24
9.926622326163418317e-25
3.356894537212271243e-25
-8.921072177115641358e-25
-2.647141491035340875e-24
-4.672489800370544099e-24
-6.448750151286328908e-24
-7.194140876325136858e-24
-5.962921090905558746e-24
-1.872353667148245615e-24
5.579424644871868678e-24
1.610141784836072577e-23
2.816877142137672491e-23
3.876151677059394933e-23
4.340746258479516421e-23
3.668716599954822730e-23
1.346549593154989074e-23
-2.918954481095823065e-23
-8.983209725100723670e-23
-1.603375945733045421e-22
-2.242520517473971838e-22
-2.570606127124707788e-22
-2.288295149686943522e-22
-1.100424990726033390e-22
1.183968516032559425e-22
4.526179436957622847e-22
8.540001667692123153e-22
1.239672622501082127e-21
1.481311143356001444e-21
1.418261845713882791e-21
8.853084278885258977e-22
-2.416723219669862268e-22
-1.981081613141554092e-21
-4.177710014925661490e-21
-6.451905380337046736e-21
-8.177232885886469846e-21
-8.523849027527464617e-21
-6.589022683771215267e-21
-1.603620379017693583e-21
6.777311286290732085e-21
1.811812146648683161e-20
3.088917943236896749e-20
4.230311512521288228e-20
4.836987099517846108e-20
4.436793241755569976e-20
2.577494304039094067e-20
-1.045895729123857823e-20
-6.430018052081922912e-20
-1.308826040504605462e-19
-1.992453076664235103e-19
-2.520549090407669582e-19
-2.666733359642927666e-19
-2.185071000338186684e-19
-8.653840783907599694e-20
1.397536637556942780e-19
4.522938286439285795e-19
8.164799456551002860e-19
1.166571990702922377e-18
1.406547322764636049e-18
1.418113685872388466e-18
1.079970006278953437e-18
2.967481496212547428e-19
-9.667270158664891349e-19
-2.647385346621370926e-18
-4.549308907765052887e-18
-6.326952304185398928e-18
-7.495126543734836519e-18
-7.473035858295995362e-18
-5.679321583344662823e-18
-1.668549440562871157e-18
4.711509513309657254e-18
1.314931631211860698e-17
2.271852379557503062e-17
3.180693751106868224e-17
3.816278488841178354e-17
3.908739083351130681e-17
3.184218533133079186e-17
1.423025442990697717e-17
-1.473341019854950773e-17
-5.409024684479383778e-17
-1.002720448460947924e-16
-1.467359246711661303e-16
-1.840572551183746711e-16
-2.005885456870306347e-16
-1.839457776415821246e-16
-1.232137270816856039e-16
-1.156014849981030595e-17
1.508061032711802553e-16
3.537392229213209924e-16
5.751559117346408470e-16
7.805713540809389173e-16
9.245280974777146839e-16
9.548392773743282283e-16
8.195775918789138716e-16
4.758702036683991853e-16
-9.953263802270099158e-17
-8.989207032954410828e-16
-1.874128158435919844e-15
-2.931178689797187681e-15
-3.930137160536913837e-15
-4.693026701843919235e-15
-5.020929672868530355e-15
-4.718117511807486120e-15
-3.623888163292385278e-15
-1.650710936619862942e-15
1.177873957935581407e-15
4.696367399787890196e-15
8.575728323268697745e-15
1.231723632864976242e-14
1.526895980258260316e-14
1.666167170324885788e-14
1.566696364383845380e-14
1.147730321155934763e-14
3.394577709745806582e-15
-9.082974003731935503e-15
-2.618203912138281075e-14
-4.779686303864327801e-14
-7.346783636097073411e-14
-1.023965729373375877e-13
-1.335039256878875480e-13
-1.655341445513935916e-13
-1.971867900083315583e-13
-2.272619890669388965e-13
-2.548085711612940729e-13
-2.792547551706825448e-13
-3.004971759704849754e-13
-3.189409185973962613e-13
-3.354805311588798800e-13
-3.514130718189345526e-13
-3.683053753471277059e-13
-3.878294983338664847e-13
-4.115811153265064304e-13
-4.409084859366418918e-13
-4.767793690234334303e-13
-5.197000598963774642e-13
-5.696983141310896226e-13
-6.263822468523250198e-13
-6.890526018689391297e-13
-7.568478179245663462e-13
-8.289099658401188897e-13
-9.045411446771678410e-13
-9.833184613783352290e-13
-1.065157077123624063e-12
-1.150309773649549339e-12
-1.239294365913690132e-12
-1.332778071932994024e-12
-1.431439819107871436e-12
-1.535826153753472312e-12
-1.646231545179843714e-12
-1.762630514635932233e-12
-1.884662998580255433e-12
-2.011680969374318728e-12
-2.142853819733780973e-12
-2.277296190164590506e-12
-2.414192977473472723e-12
-2.552903851857357687e-12
-2.693016165969397413e-12
-2.834333462375937529e-12
-2.976812156149644117e-12
-3.120440104226185341e-12
-3.265079612929655539e-12
-3.410316733870599748e-12
-3.555346555356164728e-12
-3.698907499738446347e-12
-3.839293032797952421e-12
-3.974433195746973624e-12
-4.102026877894626722e-12
-4.219712253228369292e-12
-4.325246324293763323e-12
-4.416636327497780456e-12
-4.492221265112172901e-12
-4.550677976805639346e-12
-4.590931367703943167e-12
-4.612017365235310251e-12
-4.612918554081080202e-12
-4.592388535423763685e-12
-4.548818786920261203e-12
-4.480171442167169005e-12
-4.383998806339883814e-12
-4.257546572239423455e-12
-4.097934231533928440e-12
-3.902368012065338121e-12
-3.668348177304769919e-12
-3.393850304955758901e-12
-3.077433490331071830e-12
-2.718251838895735517e-12
-2.316004376126667985e-12
-1.870803208528504236e-12
-1.382997123940132855e-12
-8.530057086023057344e-13
-2.811930376045435054e-13
3.321972688249963390e-13
9.870087603128241405e-13
1.683063736122869525e-12
2.420004084277560530e-12
3.197093197820910504e-12
4.013017348980518761e-12
4.865741056597761016e-12
5.752425445704201223e-12
6.669433234851585013e-12
7.612413303881293558e-12
8.576435568674600773e-12
9.556157080925498093e-12
1.054598769423265026e-11
1.154020455584880978e-11
1.253301542408769009e-11
1.351857167875003540e-11
1.449091714678107934e-11
1.544390830499065004e-11
1.637110065566549366e-11
1.726570969529106492e-11
1.812058142425243545e-11
1.892824438853857316e-11
1.968100335481004493e-11
2.037108155772404672e-11
2.099080631534633312e-11
2.153276688898753122e-11
2.198993244439950701e-11
2.235575613518392402e-11
2.262423928756085445e-11
2.278990191006968757e-11
2.284776014216394202e-11
2.279330890697650602e-11
2.262249762519097374e-11
2.233177011368159270e-11
2.191810621887668731e-11
2.137914324740197713e-11
2.071327831476565962e-11
1.991981406213039207e-11
1.899906620916880229e-11
1.795241039159733987e-11
1.678233073343360360e-11
1.549238341780334594e-11
1.408714377787445571e-11
1.257212563221532520e-11
1.095368153819498147e-11
9.238950750278807078e-12
7.435805443600784770e-12
5.552830764643523764e-12
3.599311387131320927e-12
1.585254713956651962e-12
-4.786038102291834129e-13
-2.580837887150577714e-12
-4.709400404367958259e-12
-6.851718845068965891e-12
-8.994822248142853027e-12
-1.112550503112874623e-11
-1.323049308998847096e-11
-1.529659211796374763e-11
-1.731079689315517811e-11
-1.926040577027166023e-11
-2.113309874318680670e-11
-2.291696693523803674e-11
-2.460056290620737940e-11
-2.617295963291965677e-11
-2.762382857179890294e-11
-2.894352639504216285e-11
-3.012319907402805086e-11
-3.115491545302440102e-11
-3.203176959787334965e-11
-3.274801263497550963e-11
-3.329908571103601389e-11
-3.368169979034441042e-11
-3.389382871588075830e-11
-3.393466757595220429e-11
-3.380460841806431915e-11
-3.350517085998205857e-11
-3.303897780360109948e-11
-3.240974155716003224e-11
-3.162221873242998527e-11
-3.068221718360852890e-11
-2.959657172119101176e-11
-2.837313543835318086e-11
-2.702073981231123412e-11
-2.554909929453064166e-11
-2.396871763565844304e-11
-2.229077339377383282e-11
-2.052699156485093823e-11
-1.868949266181640922e-11
-1.679065914084176825e-11
-1.484303478738180360e-11
-1.285923971472424654e-11
-1.085187582156033059e-11
-8.833456535684014455e-12
-6.816356507011178678e-12
-4.812743953364062577e-12
-2.834498477946589823e-12
-8.931144669307999884e-13
1.000396488738675149e-12
2.835592654779062194e-12
4.602699731764969826e-12
6.292693796594583944e-12
7.897353777874815961e-12
9.409296258811039593e-12
1.082199607704836808e-11
1.212980063614033099e-11
1.332791776248454241e-11
1.441242871574877071e-11
1.538028038261529673e-11
1.622930435873914945e-11
1.695822995917417586e-11
1.756669462671389681e-11
1.805523959508281706e-11
1.842530988893642530e-11
1.867921789466819860e-11
1.882008264508794326e-11
1.885176389992970769e-11
1.877877020550755560e-11
1.860618430160609904e-11
1.833956077279541574e-11
1.798483584281029835e-11
1.754824757727035944e-11
1.703626822946446850e-11
1.645555219864647256e-11
1.581287531471353702e-11
1.511507759233143844e-11
1.436901899548592709e-11
1.358154821246015942e-11
1.275944974676868071e-11
1.190939621226183576e-11
1.103791450601798729e-11
1.015136412430006629e-11
9.255912009065170309e-12
8.357513466006327718e-12
7.461899154126427902e-12
6.574553835375640531e-12
5.700691221161013900e-12
4.845231854622156220e-12
4.012767115119109107e-12
3.207510862815454722e-12
2.433254986389243868e-12
1.693328094930224292e-12
9.905593055872796704e-13
3.272660191889348313e-13
-2.947494949934875708e-13
-8.742012647632024791e-13
-1.410286275781158505e-12
-1.902627361216602253e-12
-2.351223599497687111e-12
-2.756399926015506985e-12
-3.118750049879714936e-12
-3.439084954315330123e-12
-3.718393648544093821e-12
-3.957805871229735928e-12
-4.158566286466269801e-12
-4.322037953224944218e-12
-4.449685845481221591e-12
-4.543066010193053117e-12
-4.603831638833044693e-12
-4.633734802111932893e-12
-4.634619944765550059e-12
-4.608427355001776249e-12
-4.557182322478814385e-12
-4.482962178559146693e-12
-4.387869841776526059e-12
-4.274010832749919331e-12
-4.143450339777476898e-12
-3.998163779217467351e-12
-3.839992126358771074e-12
-3.670606787270491722e-12
-3.491470567523746737e-12
-3.303830299616894450e-12
-3.108708386198588691e-12
-2.906897812737785358e-12
-2.698984915769364612e-12
-2.485387329970167869e-12
-2.266384128979392898e-12
-2.042146183059423414e-12
-1.812775190374038559e-12
-1.578322975787083138e-12
-1.338810139139834376e-12
-1.094246221411410147e-12
-8.446272652638808776e-13
-5.899196604298995172e-13
-3.300521206166251442e-13
-6.491008631200750889e-14
2.056755509178068153e-13
4.819194631029699583e-13
7.640742964547253546e-13
1.052427350996254507e-12
1.347275589702601195e-12
1.648880359507443050e-12
1.957432696833572017e-12
2.273030288296729040e-12
2.595632693155880411e-12
2.925029142508694946e-12
3.260816313147008039e-12
3.602378595077282419e-12
3.948882453669311232e-12
4.299283151709687445e-12
4.652333206178749236e-12
5.006598868123601775e-12
5.360483324584608411e-12
5.712240142702329493e-12
6.059991484314020127e-12
6.401757162571852788e-12
6.735466785007249158e-12
7.058951947275238226e-12
7.369951871005753219e-12
7.666129016314915390e-12
7.945063877634606087e-12
8.204259320521156695e-12
8.441144484783169588e-12
8.653090396992801914e-12
8.837431654529215308e-12
8.991499385324619453e-12
9.112655074972053626e-12
9.198321791747954279e-12
9.246041432486862277e-12
9.253510284412680420e-12
9.218627597396000795e-12
9.139530278423624310e-12
9.014624983982866269e-12
8.842606334658054124e-12
8.622476864450501211e-12
8.353553092310672668e-12
8.035472461032089342e-12
7.668203745592183651e-12
7.252041415301002658e-12
6.787601730673387124e-12
6.275821442386364524e-12
5.717985980535633672e-12
5.115735526167730640e-12
4.471049832449613959e-12
3.786264704541686399e-12
3.064086311066471779e-12
2.307582076810366090e-12
1.520163552329312218e-12
7.055734577328387491e-13
-1.321317458658627375e-13
-9.886185836985306175e-13
-1.859316737032323807e-12
-2.739463387038676423e-12
-3.624134846391680043e-12
-4.508293044436229025e-12
-5.386840713078600018e-12
-6.254663020149875408e-12
-7.106650337651565508e-12
-7.937739007757294019e-12
-8.742958614027518394e-12
-9.517460604346883457e-12
-1.025654821490418200e-11
-1.095570942993839836e-11
-1.161064560467606199e-11
-1.221730442507729109e-11
-1.277191633702878804e-11
-1.327102750608988302e-11
-1.371152410362119767e-11
-1.409067394014806851e-11
-1.440616029246832852e-11
-1.465610445505749482e-11
-1.483908135258005245e-11
-1.495413515240073821e-11
-1.500078880556365846e-11
-1.497904231206881320e-11
-1.488935190419038435e-11
-1.473262657702978373e-11
-1.451021681281305931e-11
-1.422389289684744540e-11
-1.387580762096662923e-11
-1.346847720157251516e-11
-1.300477781018827272e-11
-1.248791434843576909e-11
-1.192138662092778745e-11
-1.130896157969241145e-11
-1.065466551791738326e-11
-9.962741569224942140e-12
-9.237608941670139018e-12
-8.483839498973910764e-12
-7.706114392436180793e-12
-6.909193269594160469e-12
-6.097864400922414774e-12
-5.276905214873783834e-12
-4.451050639175946344e-12
-3.624956454797989558e-12
-2.803156361544378861e-12
-1.990032487755866164e-12
-1.189790453659522740e-12
-4.064367657534428968e-13
3.562525708461494744e-13
1.094752326985526381e-12
1.805802144101698037e-12
2.486414503108380636e-12
3.133883994324571098e-12
3.745800111060182402e-12
4.320055164291902727e-12
4.854848727892102644e-12
5.348688505990573105e-12
5.800404427602767754e-12
6.209149513991540914e-12
6.574396842901064630e-12
6.895932175982055767e-12
7.173850923025693049e-12
7.408546866261023212e-12
7.600692644715856261e-12
7.751210263917673871e-12
7.861246376084096710e-12
7.932154065526386688e-12
7.965452082647761500e-12
7.962791884197351067e-12
7.925931612418057881e-12
7.856725686705701150e-12
7.757105721650781049e-12
7.629062312441980964e-12
7.474648504313119446e-12
7.295974588372722280e-12
7.095208101604022488e-12
6.874564719566711446e-12
6.636296547013476044e-12
6.382676071697845899e-12
6.115974046649874651e-12
5.838429566196179366e-12
5.552219274618241940e-12
5.259436115789828392e-12
4.962070251218753114e-12
4.661990411769512122e-12
4.360940428216331100e-12
4.060546603817938305e-12
3.762325086892337467e-12
3.467686207625497730e-12
3.177937947518305606e-12
2.894292661440034387e-12
2.617865126064433667e-12
2.349667552539735915e-12
2.090601563392580076e-12
1.841446483144548729e-12
1.602856194125867884e-12
1.375360654358448453e-12
1.159369475423055462e-12
9.551823308001639035e-13
7.630057610036322657e-13
5.829679187302483356e-13
4.151294108814540529e-13
2.594886382590450014e-13
1.159864982920935650e-13
-1.549306608570125143e-14
-1.351261496359418279e-13
-2.431517172937075477e-13
-3.398690020823408320e-13
-4.256290686652924871e-13
-5.008254553261204389e-13
-5.658838740478511209e-13
-6.212492542970182718e-13
-6.673738710098742200e-13
-7.047134685696232470e-13
-7.337291581602234380e-13
-7.548921882559456176e-13
-7.686889861614754071e-13
-7.756271753339705199e-13
-7.762405085029455698e-13
-7.710875124175564643e-13
-7.607456873649776075e-13
-7.458011530396546629e-13
-7.268373728407107048e-13
-7.044240407996782416e-13
-6.791058058779053663e-13
-6.513964714849329596e-13
-6.217778570662135795e-13
-5.907012075659356931e-13
-5.585904460335411326e-13
-5.258447757089390606e-13
-4.928391137033749647e-13
-4.599246331005168997e-13
-4.274278684896631875e-13
-3.956490354523750641e-13
-3.648627081888344836e-13
-3.353200150272434010e-13
-3.072514302444179224e-13
-2.808696200964910794e-13
-2.563714485929319276e-13
-2.339384111774145403e-13
-2.137342223779842287e-13
-1.959000859750800738e-13
-1.805481084733370767e-13
-1.677564608493914422e-13
-1.575671559374269837e-13
-1.499852488300729147e-13
-1.449801650260651442e-13
-1.424905657874953047e-13
-1.424304738820852956e-13
-1.446933122362797919e-13
-1.491549261488020472e-13
-1.556759007727975819e-13
-1.641026046604251998e-13
-1.742680571245949772e-13
-1.859934461220097424e-13
-1.990914215172640001e-13
-2.133709468875658044e-13
-2.286430051366694638e-13
-2.447253554319073210e-13
-2.614459213359787704e-13
-2.786448914486594486e-13
-2.961733234965041595e-13
-3.138893767302974869e-13
-3.316544630073414712e-13
-3.493305362860243957e-13
-3.667795234196802312e-13
-3.838654925609336077e-13
-4.004589357602811317e-13
-4.164416207708132589e-13
-4.317133944168466408e-13
-4.461973054491891189e-13
-4.598417458444303829e-13
-4.726204779099962838e-13
-4.845315771870306598e-13
-4.955947219449641228e-13
-5.058478050497250411e-13
-5.153443318785255745e-13
-5.241517398064943212e-13
-5.323507476853728271e-13
-5.400333500694964872e-13
-5.473003777609064535e-13
-5.542587873039184210e-13
-5.610170531258895643e-13
-5.676808849386372202e-13
-5.743478609376850841e-13
-5.811048257170492448e-13
-5.880277276389123120e-13
-5.951822151448182829e-13
-6.026243414870846582e-13
-6.104023536623870427e-13
-6.185577224038230071e-13
-6.271240037686309776e-13
-6.361247249439538898e-13
-6.455699147998872345e-13
-6.554522007616581103e-13
-6.657436646233250155e-13
-6.763931862524552585e-13
-6.873240583453454899e-13
-6.984341490573475753e-13
-7.095973114656928260e-13
-7.206645761918817339e-13
-7.314661571757030689e-13
-7.418124816672977406e-13
-7.514972802033503818e-13
-7.602989960699135796e-13
-7.679833331775132166e-13
-7.743061291969055571e-13
-7.790183428890706807e-13
-7.818713124857490371e-13
-7.826209298678055148e-13
-7.810311100121813954e-13
-7.768779109601497979e-13
-7.699514853812261528e-13
-7.600575442461010578e-13
-7.470179531378351445e-13
-7.306730632865299224e-13
-7.108831752422606343e-13
-6.875315746411592155e-13
-6.605270258704110109e-13
-6.298071330949894797e-13
-5.953416470742822764e-13
-5.571346877765448458e-13
-5.152255575305297874e-13
-4.696899336478765896e-13
-4.206398684231116292e-13
-3.682240330791369809e-13
-3.126270672459269262e-13
-2.540695518554736410e-13
-1.928071146749948950e-13
-1.291293325522344104e-13
-6.335784083792359023e-14
4.157332996330672173e-15
7.304186687992833549e-14
1.429012209128513455e-13
2.133252071084140722e-13
2.838925383837065386e-13
3.541745076472008202e-13
4.237379219208803338e-13
4.921477721880895828e-13
5.589706757354317990e-13
6.237785895452097051e-13
6.861517105362369140e-13
7.456823244815502516e-13
8.019786007160134567e-13
8.546686578944640011e-13
9.034036539679046740e-13
9.478610387900210377e-13
9.877478609338075088e-13
1.022804562399171058e-12
1.052806496495972688e-12
1.077566746769675898e-12
1.096937536464170915e-12
1.110813047447423152e-12
1.119129311791255965e-12
1.121865729654392130e-12
1.119044093500498604e-12
1.110728371257752034e-12
1.097023080015580021e-12
1.078072093402271392e-12
1.054055714239110486e-12
1.025188939816901179e-12
9.917187513905356688e-13
9.539210784129115162e-13
9.120990638114556681e-13
8.665792692805207587e-13
8.177082600445417793e-13
7.658495148818444953e-13
7.113794145766072496e-13
6.546836640516917605e-13
5.961546902834291561e-13
5.361884981153197671e-13
4.751815802818415424e-13
4.135285321636705813e-13
3.516186094457834921e-13
2.898326381412658082e-13
2.285392469887626010e-13
1.680919943167213937e-13
1.088261086606111261e-13
5.105620177396456849e-14
-4.926131862994197197e-15
-5.885454612813284525e-14
-1.104891121628780171e-13
-1.596169214596737662e-13
-2.060525686707614934e-13
-2.496379025804934537e-13
-2.902412739400755948e-13
-3.277559159405724065e-13
-3.620985889601913144e-13
-3.932083337317843208e-13
-4.210450076699151500e-13
-4.455884175091212596e-13
-4.668382650938052159e-13
-4.848135781720941395e-13
-4.995535235474690694e-13
-5.111183286506115753e-13
-5.195897965354356884e-13
-5.250714685094137746e-13
-5.276879194021644182e-13
-5.275833481026281913e-13
-5.249188128435278156e-13
-5.198683280735472145e-13
-5.126140397576639529e-13
-5.033414006774816762e-13
-4.922341288911280532e-13
-4.794701419751079552e-13
-4.652189549390894907e-13
-4.496400539226452775e-13
-4.328829775104153788e-13
-4.150880214635194188e-13
-3.963881089683041203e-13
-3.769106066749822181e-13
-3.567790865261627475e-13
-3.361142202236433452e-13
-3.150338063334645611e-13
-2.936523094999865524e-13
-2.720793154577932915e-13
-2.504166850009897916e-13
-2.287561145283140140e-13
-2.071769405337375858e-13
-1.857444861981527584e-13
-1.645093566579602928e-13
-1.435081572890087309e-13
-1.227645508037125688e-13
-1.022913307877071354e-13
-8.209290181231815309e-14
-6.216727165605367977e-14
-4.250751836566875330e-14
-2.310297271415975850e-14
-3.940354918979642462e-15
1.499566970434868668e-14
3.372200454532063574e-14
5.225635259253381959e-14
7.061622201700798462e-14
8.881758447199655793e-14
1.068729862095142702e-13
1.247896778315896182e-13
1.425677745347034286e-13
1.601985417151036151e-13
1.776637512237652650e-13
1.949357965628714662e-13
2.119786822202957000e-13
2.287492840546273554e-13
2.452001004581844112e-13
2.612815020765213436e-13
2.769429650884003280e-13
2.921333151512800486e-13
3.068008358215329467e-13
3.208920217219468629e-13
3.343493830323257532e-13
3.471089789295472849e-13
3.590986286539782357e-13
3.702368273073020077e-13
3.804326645373556914e-13
3.895865021644878690e-13
3.975918444303061516e-13
4.043382653435428908e-13
4.097148781270071316e-13
4.136135607190477570e-13
4.159322354851252568e-13
4.165776881434601897e-13
4.154671398581832875e-13
4.125294669667795011e-13
4.077056617660113069e-13
4.009487783018100826e-13
3.922240136844390435e-13
3.815085725632216818e-13
3.687917213366503910e-13
3.540747610473321538e-13
3.373716779032920332e-13
3.187099564296025367e-13
2.981304168380577435e-13
2.756874860777164260e-13
2.514503091421288472e-13
2.255036977462376857e-13
1.979482794041767524e-13
1.689006465070697072e-13
1.384937357937904290e-13
1.068769842050253105e-13
7.421577322965985934e-14
4.068988052855111726e-14
6.492179315437151058e-15
-2.817249370259695268e-14
-6.308934494617113309e-14
-9.803616929761685417e-14
-1.327851674101654389e-13
-1.671041099547340703e-13
-2.007579080190100007e-13
-2.335106392102603845e-13
-2.651259203498290695e-13
-2.953677612823474297e-13
-3.240026248598620873e-13
-3.508014191633268553e-13
-3.755409069654269683e-13
-3.980054133490007473e-13
-4.179893193720363165e-13
-4.352992304720165739e-13
-4.497567953915676542e-13
-4.612009016878582113e-13
-4.694897357167271412e-13
-4.745036828734949808e-13
-4.761472791568743812e-13
-4.743515150985866402e-13
-4.690746489149910659e-13
-4.603036701800178321e-13
-4.480547606110912850e-13
-4.323741614308679315e-13
-4.133373602156070747e-13
-3.910481964283785139e-13
-3.656378856371073072e-13
-3.372635016315322920e-13
-3.061053201278834957e-13
-2.723638101078534879e-13
-2.362567606828402944e-13
-1.980178445260688536e-13
-1.578943003904473286e-13
-1.161440328677557088e-13
-7.303419614955800054e-14
-2.884058755161199306e-14
1.615440230586309700e-14
6.166341580144535373e-14
1.073955377753343932e-13
1.530574983161364644e-13
1.983555328452166200e-13
2.429989532076043401e-13
2.867026006794087811e-13
3.291892854227068677e-13
3.701928629092077205e-13
4.094609037681024022e-13
4.467559677236165872e-13
4.818557662253364349e-13
5.145542737554353874e-13
5.446617549337284814e-13
5.720049000429439090e-13
5.964262287175281507e-13
6.177850657256012123e-13
6.359581372801514920e-13
6.508410889220772599e-13
6.623499491931195138e-13
6.704229727795552041e-13
6.750229715468680780e-13
6.761407297765920088e-13
6.737983109829370765e-13
6.680513889474604117e-13
6.589907656021076754e-13
6.467432926010596717e-13
6.314704618579081163e-13
6.133644482077260651e-13
5.926417668243588732e-13
5.695356295951081727e-13
5.442885725459589707e-13
5.171447037960463788e-13
4.883428730839689536e-13
4.581124975894246276e-13
4.266715290541372996e-13
3.942275108789750071e-13
3.609792315322629674e-13
3.271202211017898431e-13
2.928441723056701695e-13
2.583485183595135570e-13
2.238360728322105753e-13
1.895155446419646839e-13
1.555993425468929492e-13
1.222975036128601256e-13
8.980958202597574824e-14
5.831588060752415648e-14
2.796939383657021105e-14
-1.110553473353704124e-15
-2.884301345397292937e-14
-5.518645978565273058e-14
-8.013603208746264417e-14
-1.037172667086964928e-13
-1.259798336613812686e-13
-1.469895033598053735e-13
-1.668204013512489259e-13
-1.855492078343609630e-13
-2.032538362877617244e-13
-2.200142601741991721e-13
-2.359159959400281004e-13
-2.510563642827562392e-13
-2.655507107610088902e-13
-2.795375693073753887e-13
-2.931818199672364678e-13
-3.066750141594160040e-13
-3.202323118050437456e-13
-3.340867621610954519e-13
-3.484808199383931937e-13
-3.636574006336823484e-13
-3.798509087566542819e-13
-3.972813831382149274e-13
-4.161502956470664039e-13
-4.366397922481862759e-13
-4.589142650959776581e-13
-4.831228190942116196e-13
-5.094025245025446402e-13
-5.378792571932022870e-13
-5.686663705033179195e-13
-6.018613342081979845e-13
-6.375388498375267332e-13
-6.757416349569000946e-13
-7.164713700796854212e-13
-7.596804045204019751e-13
-8.052660101232067547e-13
-8.530678333867891538e-13
-9.028701722889331815e-13
-9.544063673053160279e-13
-1.007368342388625937e-12
-1.061415495426376587e-12
-1.116184510270568087e-12
-1.171297976144958231e-12
-1.226369700235707683e-12
-1.281006876095724945e-12
-1.334808782602059374e-12
-1.387364398711121716e-12
-1.438249259272383895e-12
-1.487021443480340821e-12
-1.533220382252120650e-12
-1.576368918211612513e-12
-1.615977317237504707e-12
-1.651549665256102362e-12
-1.682592325018272827e-12
-1.708622934977477303e-12
-1.729180709210409450e-12
-1.743832942630030303e-12
-1.752181624618820432e-12
-1.753868534778990629e-12
-1.748578495538999356e-12
-1.736041432137680474e-12
-1.716033782087067472e-12
-1.688379145693696959e-12
-1.652951863925777864e-12
-1.609677235253625938e-12
-1.558533900894443214e-12
-1.499555362695359495e-12
-1.432831609436691078e-12
-1.358509984193678743e-12
-1.276795834857791245e-12
-1.187952622556942561e-12
-1.092302572176795383e-12
-9.902255881585886321e-13
-8.821581702969649719e-13
-7.685909742850827175e-13
-6.500668059405967369e-13
-5.271773143890323698e-13
-4.005590618309101680e-13
-2.708868285933307973e-13
-1.388681379090039858e-13
-5.235563586538033790e-15
1.292614290344246131e-13
2.638652642737715492e-13
3.978169519063684545e-13
5.303624835313602848e-13
6.607578525129331748e-13
7.882723336918862067e-13
9.121919799376376758e-13
1.031820896085777761e-12
1.146484491544585982e-12
1.255534088154264261e-12
1.358351256995626866e-12
1.454354432023352572e-12
1.543006174220540316e-12
1.623819568391526857e-12
1.696366463098397670e-12
1.760279855905766411e-12
1.815257037567075127e-12
1.861060784646983990e-12
1.897519034260719550e-12
1.924523474611250506e-12
1.942027485005159981e-12
1.950045376911124784e-12
1.948651526598177419e-12
1.937979074093099108e-12
1.918219923180419784e-12
1.889624958242852593e-12
1.852502309537817915e-12
1.807216594255922626e-12
1.754183170249445922e-12
1.693864775005604617e-12
1.626765887795256216e-12
1.553425682358777760e-12
1.474411955373899907e-12
1.390316139125713502e-12
1.301749181538414124e-12
1.209338401989001888e-12
1.113726190264674454e-12
1.015566862376526824e-12
9.155256847775961049e-13
8.142748086047146838e-13
7.124884991889512964e-13
6.108377150447485970e-13
5.099840905478658648e-13
4.105731054616923448e-13
3.132271460433433408e-13
2.185402602156508167e-13
1.270731973422242755e-13
3.935068416949238923e-14
-4.414144492092229866e-14
-1.229568205064757169e-13
-1.966887752929274980e-13
-2.649711775947610759e-13
-3.274791191259368572e-13
-3.839304362710654894e-13
-4.340868756027432829e-13
-4.777540667764978988e-13
-5.147835283048074473e-13
-5.450724507166659905e-13
-5.685627207756283052e-13
-5.852397559624744616e-13
-5.951312576427114642e-13
-5.983043921409247901e-13
-5.948644354880627816e-13
-5.849523881766571787e-13
-5.687447583203886214e-13
-5.464534532338694017e-13
-5.183244783900364805e-13
-4.846382084706946092e-13
-4.457091705260818326e-13
-4.018838213604158938e-13
-3.535391651741243146e-13
-3.010788775410777607e-13
-2.449301612222898328e-13
-1.855398701431504316e-13
-1.233696440361767288e-13
-5.889259484812350842e-14
7.409384283690260281e-15
7.504846082691946085e-14
1.435324298651452501e-13
2.123668265980455105e-13
2.810575936481457537e-13
3.491140753222876647e-13
4.160529613970315177e-13
4.814024070869116212e-13
5.447057193318227686e-13
6.055245822984833826e-13
6.634420660414641624e-13
7.180645509620442457e-13
7.690241672630993008e-13
8.159806380927947522e-13
8.586225263770841387e-13
8.966686984926419690e-13
9.298694626791448314e-13
9.580079785020956251e-13
9.809010157943442998e-13
9.984000388582603414e-13
1.010392941189208749e-12
1.016804045475550033e-12
1.017593995178422972e-12
1.012759862951961853e-12
1.002334391701775740e-12
9.863852356434277269e-13
9.650140929406969548e-13
9.383558383438406203e-13
9.065774931975301154e-13
8.698775207094389117e-13
8.284845791177442020e-13
7.826570338001492821e-13
7.326820899121455621e-13
6.788734613523417227e-13
6.215690939379014957e-13
5.611291596305245655e-13
4.979325328793859917e-13
4.323735651196730645e-13
3.648586153256333509e-13
2.958038816062297238e-13
2.256320401784056573e-13
1.547694942040725441e-13
8.364360907456985794e-14
1.268015267709855093e-14
-5.769993180080798534e-14
-1.270830229244124254e-13
-1.950659414811511949e-13
-2.612583001500301538e-13
-3.252851547147495026e-13
-3.867898568706701345e-13
-4.454363852594844797e-13
-5.009106194067691753e-13
-5.529221828656782911e-13
-6.012057171544959999e-13
-6.455218846436461266e-13
-6.856577480264525182e-13
-7.214280713617460261e-13
-7.526758079648421251e-13
-7.792732388198220228e-13
-8.011222436300757810e-13
-8.181542466081936915e-13
-8.303315175185732588e-13
-8.376461958954639631e-13
-8.401208873541621269e-13
-8.378094767426402800e-13
-8.307966402505695402e-13
-8.191984417205144808e-13
-8.031623868580417547e-13
-7.828660679790044874e-13
-7.585167303286732832e-13
-7.303491036773912537e-13
-6.986233965465549201e-13
-6.636224230728571261e-13
-6.256471035692712235e-13
-5.850131034983163669e-13
-5.420461714027158262e-13
-4.970781815674674142e-13
-4.504426345808276722e-13
-4.024720823541522163e-13
-3.534957699821705823e-13
-3.038380094397274966e-13
-2.538172580099362641e-13
-2.037466468327378544e-13
-1.539344145857698964e-13
-1.046843072839177824e-13
-5.629555795052393341e-14
-9.062497829265010046e-15
3.672642363296806101e-14
8.079038197987553627e-14
1.228592287584248655e-13
1.626762418348304262e-13
2.000017854239186099e-13
2.346173114727706510e-13
2.663293576562336673e-13
2.949725424854221512e-13
3.204115033191012873e-13
3.425413707021374154e-13
3.612867925835427929e-13
3.765993864413702541e-13
3.884549203570647480e-13
3.968500604089458816e-13
4.017992535909620244e-13
4.033325594083453369e-13
4.014943488350047884e-13
3.963426808972769777e-13
3.879497905649037515e-13
3.764032271633133142e-13
3.618074535718246443e-13
3.442851743713087886e-13
3.239784471514156605e-13
3.010483572499222937e-13
2.756743943364836635e-13
2.480521213779618428e-13
2.183899355844357015e-13
1.869058564602649186e-13
1.538246255632785831e-13
1.193742912679318646e-13
8.378354569371984639e-14
4.727986800895714325e-14
1.008862826991970690e-14
-2.756736320068311347e-14
-6.546805740755001768e-14
-1.033956855680737141e-13
-1.411343101848788750e-13
-1.784699639592254861e-13
-2.151920270665810819e-13
-2.510952600356941566e-13
-2.859822567560094120e-13
-3.196672256327443007e-13
-3.519795674540582286e-13
-3.827671144450428553e-13
-4.118978378861437584e-13
-4.392606612647897979e-13
-4.647641863378404459e-13
-4.883346873575666880e-13
-5.099123705741559487e-13
-5.294473626876738948e-13
-5.468962956112211060e-13
-5.622189454441983703e-13
-5.753767687993738278e-13
-5.863321980714708559e-13
-5.950502135303181728e-13
-6.015009454060638028e-13
-6.056635770169960242e-13
-6.075295431659522016e-13
-6.071059453771621151e-13
-6.044175576702670583e-13
-5.995080733928181971e-13
-5.924396715394075752e-13
-5.832906315068886460e-13
-5.721532189001399260e-13
-5.591309750266337808e-13
-5.443357895505707145e-13
-5.278845936762532887e-13
-5.098975170043928973e-13
-4.904965322793941596e-13
-4.698052927590290473e-13
-4.479490508992739484e-13
-4.250557425564821523e-13
-4.012576946058055150e-13
-3.766923025675522618e-13
-3.515020848172956125e-13
-3.258340049595159771e-13
-2.998390923568405864e-13
-2.736702195155898965e-13
-2.474794186854006872e-13
-2.214151984588491606e-13
-1.956206599701762472e-13
-1.702311523080896061e-13
-1.453724158195432437e-13
-1.211594301449292477e-13
-9.769598731347237108e-14
-7.507471884828434416e-14
-5.337704155625525027e-14
-3.267332354651118764e-14
-1.302345004842303533e-14
5.522173277867524141e-15
2.292222265947926885e-14
3.914373707981921857e-14
5.416130597398621793e-14
6.795641658988507694e-14
8.051672935154019495e-14
9.183632180458436989e-14
1.019155259859329254e-13
1.107607048070856359e-13
1.183838183732577320e-13
1.248024849697521033e-13
1.300414176298378410e-13
1.341318549286096840e-13
1.371110256581653530e-13
1.390224198781486731e-13
1.399160870713470062e-13
1.398488123265442806e-13
1.388839401556679620e-13
1.370918217271852035e-13
1.345514953794701984e-13
1.313507814884942726e-13
1.275856454990495492e-13
1.233604689752920702e-13
1.187871551339494958e-13
1.139840039845671504e-13
1.090738285282333297e-13
1.041816169466448783e-13
9.943317734939158270e-14
9.495240016347064604e-14
9.085793776413345069e-14
8.726060238967159322e-14
8.426127227597127178e-14
8.194911627545584110e-14
8.040022505184304946e-14
7.967661496939906773e-14
7.982736650521959909e-14
8.088962035997585009e-14
8.288949902976114337e-14
8.584348238759725858e-14
8.975931570275388904e-14
9.463722936819268794e-14
1.004707859335145226e-13
1.072467039221064455e-13
1.149452305256384865e-13
1.235406633763591611e-13
1.330017638991737305e-13
1.432914659323103468e-13
1.543664691515053700e-13
1.661774830154921778e-13
1.786696604468701599e-13
1.917826249371590297e-13
2.054494676597892755e-13
2.195979943026005188e-13
2.341509690133303234e-13
2.490264125552116292e-13
2.641385645364008328e-13
2.793997672112524810e-13
2.947221459936866239e-13
3.100201844373484672e-13
3.252114560720748004e-13
3.402193620143795227e-13
3.549756246324503595e-13
3.694215885887558448e-13
3.835097658281411137e-13
3.972036729475020289e-13
4.104784817170886724e-13
4.233202330339302932e-13
4.357233161517842790e-13
4.476879750161394389e-13
4.592188174862288363e-13
4.703222403548701358e-13
4.810044506795008168e-13
4.912692431677245786e-13
5.011168888700845425e-13
5.105435388688683851e-13
5.195399774456099795e-13
5.280909173496772802e-13
5.361754876892499411e-13
5.437673423515365645e-13
5.508355815746213135e-13
5.573450772081156579e-13
5.632566353434842465e-13
5.685284599869777633e-13
5.731163699000674239e-13
5.769732022882501088e-13
5.800495717425691033e-13
5.822934907688537276e-13
5.836498276866330936e-13
5.840585719056601288e-13
5.834537497237390902e-13
5.817616353931409634e-13
5.788992874476706074e-13
5.747727597690821533e-13
5.692761800152323914e-13
5.622912617291031534e-13
5.536882801207565485e-13
5.433274273200505711e-13
5.310601134192460826e-13
5.167316227683294017e-13
5.001848002623987544e-13
4.812636834189421009e-13
4.598161044630511007e-13
4.356976747704049968e-13
4.087757422052001877e-13
3.789320745205271290e-13
3.460654343385299869e-13
3.100932596637739902e-13
2.709540220229705865e-13
2.286082022469326791e-13
1.830392391474755520e-13
1.342548576650781644e-13
8.228715696030966531e-14
2.719377931929660430e-14
-3.094214744451748156e-14
-9.201235557981454760e-14
-1.558818314229340474e-13
-2.223880666207475598e-13
-2.913406820480302084e-13
-3.625208857063744183e-13
-4.356801649053193559e-13
-5.105397983713733101e-13
-5.867905445398891029e-13
-6.640936173370193263e-13
-7.420801169735757874e-13
-8.203526833533425489e-13
-8.984869055359001599e-13
-9.760347911835776102e-13
-1.052528398638730156e-12
-1.127484282152646511e-12
-1.200408153954890533e-12
-1.270801172625901643e-12
-1.338165147267422750e-12
-1.402008283774014430e-12
-1.461849955322613859e-12
-1.517226773904700732e-12
-1.567696818714769957e-12
-1.612843214017500859e-12
-1.652278357536229869e-12
-1.685646630958381742e-12
-1.712626459919597277e-12
-1.732933024509164532e-12
-1.746320210833929298e-12
-1.752581695220467584e-12
-1.751552353677909846e-12
-1.743109237679896228e-12
-1.727171032063490319e-12
-1.703699681332437876e-12
-1.672700498077384079e-12
-1.634223572438697758e-12
-1.588363772106471394e-12
-1.535261934942910855e-12
-1.475106061604725127e-12
-1.408130881862257322e-12
-1.334616987237746688e-12
-1.254890722585111362e-12
-1.169322342946255144e-12
-1.078324820928677763e-12
-9.823509193596091649e-13
-8.818899386794920581e-13
-7.774636511838350916e-13
-6.696223978953919076e-13
-5.589406433352539505e-13
-4.460120966130742826e-13
-3.314446698869655261e-13
-2.158564126053530430e-13
-9.986995497084094620e-14
1.589221511550178989e-14
1.308122989270021908e-13
2.442814017473288191e-13
3.557041271771976820e-13
4.645031104547059364e-13
5.701227792816176976e-13
6.720332298461306753e-13
7.697346991568376762e-13
8.627619018514165461e-13
9.506874454334734992e-13
1.033125841820581314e-12
1.109736326269927797e-12
1.180226381035376360e-12
1.244354554293114479e-12
1.301932411705564174e-12
1.352825512203337244e-12
1.396953950086321505e-12
1.434293005544984290e-12
1.464872277298634451e-12
1.488773514191077396e-12
1.506127037323445883e-12
1.517109680070072297e-12
1.521939583908060722e-12
1.520870885826641761e-12
1.514188514156744603e-12
1.502202225459048357e-12
1.485241942454640363e-12
1.463651465652415773e-12
1.437782943917997880e-12
1.407991995563961929e-12
1.374633479961362426e-12
1.338057485991694939e-12
1.298607272062768381e-12
1.256617097704360031e-12
1.212411247786260304e-12
1.166304357778924494e-12
1.118600871652386530e-12
1.069594933456041730e-12
1.019570929419733041e-12
9.688038132144027870e-13
9.175583470105719286e-13
8.660890472682314378e-13
8.146394800054301832e-13
7.634396045029523403e-13
7.127025206977999350e-13
6.626225718293909939e-13
6.133716039420644695e-13
5.650947917067161708e-13
5.179065184525433185e-13
4.718872861908529615e-13
4.270807069540333289e-13
3.834921746478925364e-13
3.410879163747576603e-13
2.997950466435833627e-13
2.595032749883735557e-13
2.200683212050247306e-13
1.813164147903417733e-13
1.430482116223860678e-13
1.050446486522069178e-13
6.707426904476940233e-14
2.890018140164901661e-14
-9.713199550774077873e-15
-4.899331740543071134e-14
-8.915296886152779265e-14
-1.303844049871036304e-13
-1.728540406512393823e-13
-2.166987428256841874e-13
-2.620243431949997870e-13
-3.089041880361548253e-13
-3.573781082264609887e-13
-4.074536118659627393e-13
-4.591068736119197080e-13
-5.122835749354903712e-13
-5.669002051643390327e-13
-6.228461756768721713e-13
-6.799842806881617463e-13
-7.381509683004883193e-13
-7.971567741842100485e-13
-8.567870263091748040e-13
-9.167991886493975784e-13
-9.769203675180637703e-13
-1.036845956314813577e-12
-1.096238985004438504e-12
-1.154727138560907029e-12
-1.211903299068450846e-12
-1.267325437301347613e-12
-1.320517913766527940e-12
-1.370976249193134322e-12
-1.418171136080559336e-12
-1.461553209188004576e-12
-1.500559659167732818e-12
-1.534623556703751390e-12
-1.563181225086585080e-12
-1.585681022250873262e-12
-1.601590604929925554e-12
-1.610404951751798208e-12
-1.611653952654501509e-12
-1.604908263577731198e-12
-1.589784619053513648e-12
-1.565948976392506076e-12
-1.533121286173555475e-12
-1.491077660648043590e-12
-1.439651241101624901e-12
-1.378733932577702603e-12
-1.308279005962642572e-12
-1.228300989565556112e-12
-1.138876536480037949e-12
-1.040147460350249187e-12
-9.323245300785210077e-13
-8.156881203466581631e-13
-6.905893500282200836e-13
-5.574542021567763239e-13
-4.167867223223153950e-13
-2.691697776127655040e-13
-1.152646635907070283e-13
4.418977662089262903e-14
2.083783314085416172e-13
3.764130934030829323e-13
5.473397885098763016e-13
7.201456228220215472e-13
8.937671024285276378e-13
1.067099316895414596e-12
1.239006943917764225e-12
1.408336121333508828e-12
1.573925234935047435e-12
1.734615923121296532e-12
1.889264135759849417e-12
2.036749892006528562e-12
2.175985737082331006e-12
2.305925199050373742e-12
2.425570595071535607e-12
2.533978886096188710e-12
2.630268832598536832e-12
2.713625981906608864e-12
2.783306788170514245e-12
2.838645551256346877e-12
2.879061789320958020e-12
2.904065009301515232e-12
2.913258393202888819e-12
2.906348772757638699e-12
2.883154002000787308e-12
2.843606643557206048e-12
2.787756137045960259e-12
2.715775304293344128e-12
2.627960999854184188e-12
2.524736279416184281e-12
2.406645846150801127e-12
2.274352798106726858e-12
2.128634725082068080e-12
1.970375251847400477e-12
1.800553629804912958e-12
1.620233352865596554e-12
1.430554025932950779e-12
1.232717595535393063e-12
1.027976748863013157e-12
8.176220117617205574e-13
6.029729124855387479e-13
3.853661096828164823e-13
1.661448891876818323e-13
-5.334863207120434103e-14
-2.717805906542192229e-13
-4.878332980629007665e-13
-7.002116985191375598e-13
-9.076512870291597590e-13
-1.108925776725777634e-12
-1.302853441451090610e-12
-1.488304813591911913e-12
-1.664211954008343319e-12
-1.829578372483653403e-12
-1.983485424517095197e-12
-2.125099141797592850e-12
-2.253680532124380242e-12
-2.368593168822208384e-12
-2.469307527550035353e-12
-2.555404672588412751e-12
-2.626580159967306649e-12
-2.682645772189573563e-12
-2.723528650869222467e-12
-2.749267176763159348e-12
-2.760007283483800755e-12
-2.755997470169080366e-12
-2.737582079428979576e-12
-2.705193057409016610e-12
-2.659342798055908119e-12
-2.600619155787575743e-12
-2.529675904514028240e-12
-2.447224064019981604e-12
-2.354026912634865631e-12
-2.250894132541092496e-12
-2.138675521401456336e-12
-2.018253186103491359e-12
-1.890537639631650890e-12
-1.756461621114924210e-12
-1.616975108496843117e-12
-1.473038813322447016e-12
-1.325616049221989279e-12
-1.175666551958554074e-12
-1.024140407895890448e-12
-8.719701393225531838e-13
-7.200634402973471460e-13
-5.692966714362923675e-13
-4.205089510107840045e-13
-2.744965713064040358e-13
-1.320082416858894825e-13
6.258931429235260746e-15
1.396616925841004386e-13
2.676115080403607127e-13
3.895752264618940197e-13
5.050758531029153620e-13
6.136915520031649418e-13
7.150535046886175028e-13
8.088452867552331504e-13
8.948024070830340460e-13
9.727094347003473196e-13
1.042398480900763591e-12
1.103748602931942102e-12
1.156687267668543573e-12
1.201188128997776605e-12
1.237269835197007950e-12
1.264996028933762506e-12
1.284475455685940570e-12
1.295860445858776355e-12
1.299344746380493021e-12
1.295161785978826696e-12
1.283581747835160769e-12
1.264909618020615412e-12
1.239479981325619651e-12
1.207653009711873171e-12
1.169811426546263355e-12
1.126355627691089101e-12
1.077699127854936378e-12
1.024265741667029772e-12
9.664855721291942814e-13
9.047931674721620965e-13
8.396253527512276271e-13
7.714195493328801501e-13
7.006130159532830692e-13
6.276424150374049216e-13
5.529432163878245099e-13
4.769494261341877817e-13
4.000931801573931468e-13
3.228046627744285413e-13
2.455119441080455545e-13
1.686390962854847353e-13
9.260487206707787577e-14
1.782144446122249648e-14
-5.530712132305500017e-14
-1.263877647287789396e-13
-1.950409641736025601e-13
-2.609029257829437176e-13
-3.236278432738881605e-13
-3.828905237573260179e-13
-4.383883935119708974e-13
-4.898431378401457703e-13
-5.370017039547925197e-13
-5.796375207069159874e-13
-6.175516369978650832e-13
-6.505726946742784733e-13
-6.785569285280845797e-13
-7.013883831369360777e-13
-7.189790754945357687e-13
-7.312684529095503372e-13
-7.382231761651758539e-13
-7.398371737292464001e-13
-7.361313707036909459e-13
-7.271542309256195935e-13
-7.129814859167804553e-13
-6.937164059341027755e-13
-6.694894204989365605e-13
-6.404581183970525782e-13
-6.068073560988596071e-13
-5.687487156583181935e-13
-5.265203962927234027e-13
-4.803869975422703220e-13
-4.306389771689678181e-13
-3.775908893281082479e-13
-3.215798937902802912e-13
-2.629635875370239795e-13
-2.021178499090128811e-13
-1.394343760461116966e-13
-7.531739039954091219e-14
-1.018166213368138298e-14
5.555036885671570113e-14
1.214523815719348310e-13
1.870972994588715466e-13
2.520605523349123134e-13
3.159231502705001082e-13
3.782748311635664162e-13
4.387171778207771267e-13
4.968657863618775039e-13
5.523526514644716556e-13
6.048288497643994344e-13
6.539664101044839750e-13
6.994607258843654751e-13
7.410322355738685474e-13
7.784281032263695721e-13
8.114244953033589169e-13
8.398280985574824165e-13
8.634776379155828518e-13
8.822452859415241821e-13
8.960385059798847696e-13
9.048009195176953678e-13
9.085131193360684865e-13
9.071933742416105062e-13
9.008976290664216791e-13
8.897197757186392497e-13
8.737899726690701030e-13
8.532730186479320356e-13
8.283662384506174092e-13
7.992974771636740527e-13
7.663223354492654238e-13
7.297210253588704010e-13
6.897945756256795846e-13
6.468619585288382101e-13
6.012561325555165759e-13
5.533201934831977198e-13
5.034043928237030840e-13
4.518624515358060645e-13
3.990495542512129123e-13
3.453201537651634512e-13
2.910256128967059208e-13
2.365129034460899948e-13
1.821228443662364915e-13
1.281883399342070851e-13
7.503298384090723028e-14
2.296945660474995765e-14
-2.770179241161005446e-14
-7.669442202628759531e-14
-1.237384760627291413e-13
-1.685819452784675931e-13
-2.109926274494744458e-13
-2.507603770896676965e-13
-2.876984132697824048e-13
-3.216450543408466700e-13
-3.524643955605394341e-13
-3.800473390852543432e-13
-4.043121089661316780e-13
-4.252042782541126664e-13
-4.426965521595049857e-13
-4.567873856942128441e-13
-4.674996826291299978e-13
-4.748794131363698323e-13
-4.789936893304092003e-13
-4.799285426536348265e-13
-4.777875144135190766e-13
-4.726896500086008590e-13
-4.647679268353355209e-13
-4.541672485140757498e-13
-4.410429812161387186e-13
-4.255593273605473570e-13
-4.078878077309888717e-13
-3.882056351725560184e-13
-3.666944406541944312e-13
-3.435393245918016980e-13
-3.189276371207833138e-13
-2.930477312635543230e-13
-2.660877432020952726e-13
-2.382350501768659701e-13
-2.096754437826489625e-13
-1.805923981320831095e-13
-1.511662702565613747e-13
-1.215740290556877046e-13
-9.198903168057895319e-14
-6.258072537826744886e-14
-3.351482706268581191e-14
-4.953074710496935609e-15
2.294691366989173170e-14
5.003149180756241710e-14
7.615131805303529400e-14
1.011617750830938467e-13
1.249234819322014856e-13
1.473031088381968057e-13
1.681741090787600146e-13
1.874174508078793600e-13
2.049221659332009504e-13
2.205862310302939000e-13
2.343170416811007906e-13
2.460319545750239145e-13
2.556588567150658298e-13
2.631366262037526660e-13
2.684152000057699050e-13
2.714561160490486236e-13
2.722326216449827418e-13
2.707294566479945264e-13
2.669427179302630293e-13
2.608798051716154642e-13
2.525592311241470211e-13
2.420103505616777451e-13
2.292732789645895997e-13
2.143991093602609643e-13
1.974498716654851660e-13
1.784987088693235080e-13
1.576298905856324262e-13
1.349387995005363328e-13
1.105315180203493564e-13
8.452463175993157884e-14
5.704464678402132449e-14
2.822752204504827556e-14
-1.782130427726972589e-15
-3.283215916478031404e-14
-6.476394263542004093e-14
-9.741356620006705325e-14
-1.306132936182424764e-13
-1.641933117246807683e-13
-1.979830009787506007e-13
-2.318122365070618418e-13
-2.655127907900262096e-13
-2.989191739185409480e-13
-3.318697313486884681e-13
-3.642071995553497477e-13
-3.957794107636164460e-13
-4.264398621549314594e-13
-4.560481224429036029e-13
-4.844698860834162346e-13
-5.115775424807678107e-13
-5.372505283533779430e-13
-5.613758156247650177e-13
-5.838478572134375710e-13
-6.045696712350667745e-13
-6.234529494227036839e-13
-6.404183823874309844e-13
-6.553966354003182282e-13
-6.683284026025304581e-13
-6.791647322659799535e-13
-6.878673520539779762e-13
-6.944086148111261458e-13
-6.987714985633164400e-13
-7.009491728368621999e-13
-7.009439144563256452e-13
-6.987667280737575037e-13
-6.944366414372848961e-13
-6.879791332979612317e-13
-6.794254286783540930e-13
-6.688118483512417445e-13
-6.561786162172233983e-13
-6.415686666823294804e-13
-6.250268315063922664e-13
-6.065992434918510146e-13
-5.863321980714708559e-13
-5.642719906780169214e-13
-5.404638867521904810e-13
-5.149522843729548160e-13
-4.877802263665576010e-13
-4.589891292559877822e-13
-4.286187832609755777e-13
-3.967073794030467893e-13
-3.632915095055228027e-13
-3.284065456642809577e-13
-2.920869655084062932e-13
-2.543672195619295362e-13
-2.152821649246960956e-13
-1.748676344785066172e-13
-1.331615752993980939e-13
-9.020436714203203254e-14
-4.603996424010735333e-14
-7.173448973704968888e-16
4.570873031201766468e-14
9.317620595439626840e-14
1.416148692453059188e-13
1.909457292802174688e-13
2.410797798370334366e-13
2.919183720705847973e-13
3.433524894524281335e-13
3.952623818526124211e-13
4.475179721154937118e-13
4.999783681687575143e-13
5.524921340739619158e-13
6.048976423922436396e-13
6.570223965579602421e-13
7.086843590263514070e-13
7.596920596937561942e-13
8.098446501077216642e-13
8.589328792489581144e-13
9.067394187919908255e-13
9.530397304668980496e-13
9.976023913199627557e-13
1.040189744234976121e-12
1.080559686866822133e-12
1.118466539003215576e-12
1.153662343607309015e-12
1.185899468902906762e-12
1.214932017837289102e-12
1.240519080687729758e-12
1.262426795045623606e-12
1.280430839481483396e-12
1.294319686151457205e-12
1.303897636563411400e-12
1.308987098401492855e-12
1.309431729712429160e-12
1.305098715730090841e-12
1.295880286758532840e-12
1.281695778156122234e-12
1.262492714537710725e-12
1.238247785556589875e-12
1.208966954324708354e-12
1.174686324774409929e-12
1.135470298514740239e-12
1.091411791671881293e-12
1.042631150686978980e-12
9.892751765341878389e-13
9.315160405184985670e-13
8.695505253342172836e-13
8.035982903414895517e-13
7.339014920955400090e-13
6.607228869928705173e-13
5.843456686409342904e-13
5.050719499750944141e-13
4.232215977412884245e-13
3.391320969707567468e-13
2.531561928403175399e-13
1.656606573923954939e-13
7.702513757021356433e-14
-1.235998269336589794e-14
-1.020955374278834094e-13
-1.917765940625745791e-13
-2.809952791282821494e-13
-3.693430381413592700e-13
-4.564146369873123277e-13
-5.418115500525899630e-13
-6.251441963915638222e-13
-7.060359241695124410e-13
-7.841256398528895222e-13
-8.590707355551896462e-13
-9.305497995423794855e-13
-9.982636462249616649e-13
-1.061937538772428358e-12
-1.121322869626628638e-12
-1.176197377342202977e-12
-1.226366122368538480e-12
-1.271662029150855133e-12
-1.311945886130205796e-12
-1.347105478381738219e-12
-1.377055153933826048e-12
-1.401734414305244592e-12
-1.421106613462563839e-12
-1.435158632559496716e-12
-1.443899578894292102e-12
-1.447359484867127843e-12
-1.445588440618372772e-12
-1.438654534044458977e-12
-1.426643200276578316e-12
-1.409657221680682415e-12
-1.387814884713789443e-12
-1.361250413604853104e-12
-1.330113970354762643e-12
-1.294570787374604848e-12
-1.254801492746315805e-12
-1.211001026020508409e-12
-1.163379288737775852e-12
-1.112160385487170888e-12
-1.057580780762512607e-12
-9.998895158028209273e-13
-9.393462570284061286e-13
-8.762204286791308583e-13
-8.107893696707169084e-13
-7.433365446611606142e-13
-6.741504056384517440e-13
-6.035222235162285287e-13
-5.317448413012793029e-13
-4.591120235722390142e-13
-3.859165591257873729e-13
-3.124499628210514190e-13
-2.390014184824873489e-13
-1.658567082502351853e-13
-9.329835488165391655e-14
-2.160460192365300236e-14
4.895087766664148188e-14
1.180993237231975357e-13
1.855777765616059560e-13
2.511291142485300165e-13
3.145028454245440974e-13
3.754559055151041047e-13
4.337533750144867417e-13
4.891695772404891507e-13
5.414892167467100226e-13
5.905085990499936432e-13
6.360367961477653154e-13
6.778970288758012774e-13
7.159278053205098136e-13
7.499848181727331031e-13
7.799421915602455790e-13
8.056948120824247717e-13
8.271587624911203029e-13
8.442740321960851002e-13
8.570052219963875118e-13
8.653430619634527865e-13
8.693057666937786809e-13
8.689395774100217018e-13
8.643197919530609674e-13
8.555503311011292134e-13
8.427634675192696712e-13
8.261194462885756984e-13
8.058052922838010446e-13
7.820334007105356200e-13
7.550399108019467675e-13
7.250829168851946616e-13
6.924406794478477067e-13
6.574091314728858215e-13
6.203000352950072127e-13
5.814380552547626646e-13
5.411582640335588223e-13
4.998036489886614753e-13
4.577223474376557188e-13
4.152644211569828103e-13
3.727791187714546428e-13
3.306118670932250980e-13
2.891013979860329597e-13
2.485770107547163876e-13
2.093552111184782127e-13
1.717373530711607810e-13
1.360065218000000575e-13
1.024250061393110200e-13
7.123173714285516156e-14
4.263999093048753686e-14
1.683557603764963828e-14
-6.024933495358576752e-15
-2.581590912993213943e-14
-4.244399767088825881e-14
-5.584909366028976974e-14
-6.600502208600061982e-14
-7.291980604409720179e-14
-7.663538721799575959e-14
-7.722705667231183346e-14
-7.480268574694415307e-14
-6.950162830237499589e-14
-6.149318250783797346e-14
-5.097450375213599671e-14
-3.816809403798561429e-14
-2.331890174120561376e-14
-6.691094838704456441e-15
1.143531663539689922e-14
3.076796358924410724e-14
5.100561019009096364e-14
7.184168218004119422e-14
9.296774775794519607e-14
1.140772318188737477e-13
1.348688955654653299e-13
1.550499230959859198e-13
1.743389639466755292e-13
1.924688978072880419e-13
2.091893823961965548e-13
2.242690896273741297e-13
2.374976571743042664e-13
2.486874909560926605e-13
2.576750661800741860e-13
2.643222554894741894e-13
2.685171692200921667e-13
2.701744806609535088e-13
2.692360494705586804e-13
2.656711114122634054e-13
2.594763325643872909e-13
2.506753756393448329e-13
2.393185476179393589e-13
2.254819188350978831e-13
2.092662523302257771e-13
1.907954588591109779e-13
1.702149841431924160e-13
1.476900605935568822e-13
1.234035795641755251e-13
9.755384840865952145e-14
7.035234076075216891e-14
4.202118592867322422e-14
1.279059222089335562e-14
-1.710393809819642924e-14
-4.742446669744881937e-14
-7.793316366593375233e-14
-1.083948198126599705e-13
-1.385794148704710960e-13
-1.682643011469836525e-13
-1.972361483122339609e-13
-2.252928204236892551e-13
-2.522449209143434734e-13
-2.779174188959759872e-13
-3.021504758633081211e-13
-3.248004621335398578e-13
-3.457405802625990177e-13
-3.648612445159016282e-13
-3.820702163936234852e-13
-3.972926588408087767e-13
-4.104706754614467767e-13
-4.215631749932002847e-13
-4.305453834164280069e-13
-4.374083289581526257e-13
-4.421582186758116206e-13
-4.448156795157365284e-13
-4.454151620019580760e-13
-4.440038018239250706e-13
-4.406406337899293479e-13
-4.353951823642815411e-13
-4.283465672005187797e-13
-4.195822834139606439e-13
-4.091970089593194304e-13
-3.972917914790707883e-13
-3.839729369962269212e-13
-3.693511696576529113e-13
-3.535406288470571701e-13
-3.366581373485250106e-13
-3.188224152999435956e-13
-3.001534025666441341e-13
-2.807714726948268291e-13
-2.607971347559634445e-13
-2.403504099305481256e-13
-2.195505604575542780e-13
-1.985153984555496076e-13
-1.773607709266641907e-13
-1.562001260757214793e-13
-1.351440525243149948e-13
-1.142995203692875883e-13
-9.376921710890079309e-14
-7.365092422658564564e-14
-5.403679213073983578e-14
-3.501250328617581953e-14
-1.665639638205335810e-14
9.611612136552791057e-16
1.777843382222681762e-14
3.374289576593171580e-14
4.881163561450824195e-14
6.295167159905620813e-14
7.613987294385199389e-14
8.836245672877787727e-14
9.961428654604170818e-14
1.098981000061290125e-13
1.192233432204675703e-13
1.276046596946495137e-13
1.350604740893435185e-13
1.416116437438427744e-13
1.472799069117056159e-13
1.520861615898067010e-13
1.560489611878226879e-13
1.591831999330980962e-13
1.614989609058370412e-13
1.630009061753812105e-13
1.636880057496667429e-13
1.635534427075341357e-13
1.625851552998144878e-13
1.607669211515019847e-13
1.580794143588720724e-13
1.545014794270341274e-13
1.500116356004457807e-13
1.445900961894591719e-13
1.382206659241227986e-13
1.308924621251303377e-13
1.226016494272966217e-13
1.133528763474361822e-13
1.031602781713727990e-13
9.204856793237556345e-14
8.005339555312851463e-14
6.722098870376100321e-14
5.360775977856016561e-14
3.927967570345816672e-14
2.431091284771196015e-14
8.782101971636577242e-15
-7.221476800605471785e-15
-2.361160752865649332e-14
-4.029926281459532411e-14
-5.719615726136259570e-14
-7.421601039888509055e-14
-9.127589770162661265e-14
-1.082968960276937953e-13
-1.252036804311532081e-13
-1.419240294947901604e-13
-1.583883171103403487e-13
-1.745284960389531514e-13
-1.902760447033274849e-13
-2.055599478611655484e-13
-2.203052193797128133e-13
-2.344309100142660807e-13
-2.478483455796431922e-13
-2.604594328842885220e-13
-2.721554535553560861e-13
-2.828167387780577968e-13
-2.923129674512608966e-13
-3.005034372380310792e-13
-3.072381758728592871e-13
-3.123596487800833765e-13
-3.157050087933960247e-13
-3.171085627157871345e-13
-3.164042649845405508e-13
-3.134285365968825232e-13
-3.080234092962819137e-13
-3.000391276576641619e-13
-2.893366156473536899e-13
-2.757898889729076819e-13
-2.592875729661575646e-13
-2.397342849409789256e-13
-2.170516777378825313e-13
-1.911791851130079101e-13
-1.620741708159220695e-13
-1.297122945078527101e-13
-9.408766761575051985e-14
-5.521245014460628153e-14
-1.311736906161459215e-14
3.214766506384053590e-14
8.051358516523998698e-14
1.318918796877274757e-13
1.861726647411215962e-13
2.432230577966570939e-13
3.028862967727197208e-13
3.649806151750922822e-13
4.292963283036160815e-13
4.955936919529002616e-13
5.636015742646605098e-13
6.330165341558724457e-13
7.035012763306758288e-13
7.746831605023873912e-13
8.461549061249129533e-13
9.174759476454630303e-13
9.881739523875943121e-13
1.057746988955554635e-12
1.125665966689171071e-12
1.191379785624169241e-12
1.254320106981732241e-12
1.313905906817625091e-12
1.369548680192622658e-12
1.420658946385544574e-12
1.466651995164769406e-12
1.506953524639531583e-12
1.541005170691001069e-12
1.568270578504449286e-12
1.588240606739677041e-12
1.600438314861007960e-12
1.604423733626847426e-12
1.599797659797286276e-12
1.586205667682138998e-12
1.563342554369850923e-12
1.530955267073363935e-12
1.488845938896199428e-12
1.436876008800713755e-12
1.374970016315701926e-12
1.303118420462046068e-12
1.221379117635756906e-12
1.129882428937967198e-12
1.028834352781449191e-12
9.185178659332216000e-13
7.992928693044409894e-13
6.715986816153984851e-13
5.359548525471491409e-13
3.929597261736333946e-13
2.432877575613001664e-13
8.768720883949032707e-14
-7.302245966104084496e-14
-2.379563017983199469e-13
-4.061708922756951390e-13
-5.766709267225611502e-13
-7.484159234190379539e-13
-9.203288088219241381e-13
-1.091306624061150199e-12
-1.260230093023950726e-12
-1.425972404392461534e-12
-1.587409674194684150e-12
-1.743431354145341672e-12
-1.892949989465431138e-12
-2.034910217760255158e-12
-2.168297442636801797e-12
-2.292148025204165940e-12
-2.405556439807887692e-12
-2.507682212923856291e-12
-2.597757729413951999e-12
-2.675093003015605042e-12
-2.739083265757003005e-12
-2.789213955287084268e-12
-2.825063750641620963e-12
-2.846307608009301937e-12
-2.852722181742595176e-12
-2.844188209602527273e-12
-2.820692464322593906e-12
-2.782327536768325338e-12
-2.729292703299024403e-12
-2.661896094172111482e-12
-2.580550573574869055e-12
-2.485770920698793240e-12
-2.378171444494814324e-12
-2.258462297385910311e-12
-2.127442753213637516e-12
-1.985993184142054169e-12
-1.835068121763816507e-12
-1.675687583482798892e-12
-1.508926881013672450e-12
-1.335905669939962959e-12
-1.157777975054063990e-12
-9.757222156972500393e-13
-7.909301468975171723e-13
-6.045948789355770625e-13
-4.179015803112279270e-13
-2.320180993945625270e-13
-4.808520660641579791e-14
1.327927026152642132e-13
3.095551701255694343e-13
4.811920176553408091e-13
6.467500146545290818e-13
8.053385974586546592e-13
9.561352360895614133e-13
1.098390042114649745e-12
1.231429780194914780e-12
1.354660199119617214e-12
1.467570964926168120e-12
1.569736961942735931e-12
1.660819051729767182e-12
1.740564940441724495e-12
1.808809829348390075e-12
1.865476306414648455e-12
1.910573912619617509e-12
1.944194371467089510e-12
1.966510938464227642e-12
1.977774281153310554e-12
1.978308359143476913e-12
1.968504352578559491e-12
1.948815457966657227e-12
1.919750816647969316e-12
1.881870527464801768e-12
1.835773937378104570e-12
1.782095521499216240e-12
1.721498377876828911e-12
1.654665120198739459e-12
1.582291480999031830e-12
1.505080131705693880e-12
1.423734719528668702e-12
1.338954012768123203e-12
1.251425720862064939e-12
1.161822157577652170e-12
1.070797205245110906e-12
9.789817611086104598e-13
8.869804305096373742e-13
7.953685995411297061e-13
7.046902666431320572e-13
6.154556031479074818e-13
5.281388932958097637e-13
4.431762032006125729e-13
3.609643779624999160e-13
2.818600658861108998e-13
2.061787698036388061e-13
1.341936544524413577e-13
6.613507891285383411e-14
2.191056758837667436e-15
-5.749222576961407483e-14
-1.128096571777030543e-13
-1.636957713477271703e-13
-2.101227584939621695e-13
-2.520982825705148089e-13
-2.896629062911632024e-13
-3.228878481861124916e-13
-3.518715538126243603e-13
-3.767362940707008612e-13
-3.976255089077618265e-13
-4.147010154980507179e-13
-4.281396743209542333e-13
-4.381301365544848503e-13
-4.448708654063160406e-13
-4.485679134993286743e-13
-4.494324563116686155e-13
-4.476788677178905607e-13
-4.435234731564596800e-13
-4.371830859568187622e-13
-4.288735165614010469e-13
-4.188081359577516816e-13
-4.071966017409750505e-13
-3.942437197014536654e-13
-3.801485764631101771e-13
-3.651030487054202078e-13
-3.492906918561855534e-13
-3.328854390489272008e-13
-3.160507608662016521e-13
-2.989384185071025657e-13
-2.816878945811202017e-13
-2.644260136373810521e-13
-2.472668608494849041e-13
-2.303117820155048401e-13
-2.136493700054600819e-13
-1.973562101503095745e-13
-1.814971919500765751e-13
-1.661263628830594863e-13
-1.512878770827327801e-13
-1.370167678317948945e-13
-1.233401672896122792e-13
-1.102780722100037136e-13
-9.784409610649746902e-14
-8.604622141758846987e-14
-7.488763298715839234e-14
-6.436744312467851392e-14
-5.448099992520251400e-14
-4.522018542496390736e-14
-3.657397464312123203e-14
-2.852873373735548279e-14
-2.106839788078903458e-14
-1.417492357757947630e-14
-7.828672368844716983e-15
-2.008827784631271769e-15
3.306141117305353219e-15
8.138189219199752633e-15
1.250936542394366635e-14
1.644135673960211985e-14
1.995503914019314262e-14
2.307004007317051131e-14
2.580436576492695783e-14
2.817408104234010724e-14
3.019310604486513672e-14
3.187321622453477554e-14
3.322395933673047419e-14
3.425271812062050114e-14
3.496497118530769721e-14
3.536460132982227611e-14
3.545412932421526664e-14
3.523510015658246064e-14
3.470847605635193900e-14
3.387495836680402828e-14
3.273545171912639606e-14
3.129130458977107121e-14
2.954450581209820681e-14
2.749786922955858165e-14
2.515535895634534586e-14
2.252218932728179690e-14
1.960484183848032469e-14
1.641102448976094336e-14
1.294972514772696828e-14
9.231061620933352085e-15
5.266138087802125015e-15
1.067010897667149561e-15
-3.353382474114330498e-15
-7.981094253637233821e-15
-1.280086588351060303e-14
-1.779587423061078366e-14
-2.294737614988093255e-14
-2.823435251873493423e-14
-3.363319483486691686e-14
-3.911745534153181214e-14
-4.465763696337443633e-14
-5.022116620137517806e-14
-5.577252865812155902e-14
-6.127360446285534668e-14
-6.668406468289186928e-14
-7.196204894997781931e-14
-7.706486002730800200e-14
-8.194978034928648847e-14
-8.657464122766717063e-14
-9.089854113549303283e-14
-9.488238103191881656e-14
-9.848929804308001468e-14
-1.016851194717525997e-13
-1.044385525327332087e-13
-1.067212859967928140e-13
-1.085079766381495670e-13
-1.097761340379879713e-13
-1.105059308490786985e-13
-1.106801282568792288e-13
-1.102840285456888059e-13
-1.093056783865557768e-13
-1.077360382438670439e-13
-1.055693008597362315e-13
-1.028032300671825883e-13
-9.943939118309264025e-14
-9.548339495370899987e-14
-9.094516860517348755e-14
-8.583898972484502177e-14
-8.018352014261750926e-14
-7.400176527333837684e-14
-6.732084372384691817e-14
-6.017169591364043835e-14
-5.258878591927682034e-14
-4.460971861548236606e-14
-3.627476194856954494e-14
-2.762638276238189861e-14
-1.870880803522736308e-14
-9.567592893075169136e-15
-2.492082103896478724e-16
9.199270780357003685e-15
1.873047344395223357e-14
2.829695502980060506e-14
3.785137147834828630e-14
4.734675311860413183e-14
5.673677741274869846e-14
6.597606711173167882e-14
7.502041387196997646e-14
8.382721193621670008e-14
9.235572240784070686e-14
1.005673205844472007e-13
1.084258144422658998e-13
1.158976208190040658e-13
1.229519551492266882e-13
1.295608721219379533e-13
1.356995435073879430e-13
1.413463530247627276e-13
1.464831267351460187e-13
1.510953363294265106e-13
1.551721939959879726e-13
1.587068692611437459e-13
1.616965025416639001e-13
1.641421102770851403e-13
1.660482461165319057e-13
1.674228518409176525e-13
1.682768914447116404e-13
1.686240394278143429e-13
1.684804097450143257e-13
1.678640814675377846e-13
1.667947193122881755e-13
1.652930315407599715e-13
1.633802685155338885e-13
1.610776941517177985e-13
1.584061386835505791e-13
1.553856462986960563e-13
1.520353260604442869e-13
1.483730944096955939e-13
1.444155938497976299e-13
1.401781929465453769e-13
1.356747830402738053e-13
1.309178053509121864e-13
1.259181967678754677e-13
1.206853898500642730e-13
1.152272179581748102e-13
1.095498339395359344e-13
1.036576626942641022e-13
9.755341472779052725e-14
9.123799128317108820e-14
8.471042335471412610e-14
7.796797333193411506e-14
7.100627730108680091e-14
6.381947379417718391e-14
5.640046806323906203e-14
4.874102694802512348e-14
4.083212785358121544e-14
3.266423318892125449e-14
2.422752414812066879e-14
1.551235810810791538e-14
6.509621841403485237e-15
-2.789027503006602862e-15
-1.239074777704312139e-14
-2.230123739485872364e-14
-3.252439143746135852e-14
-4.306191498217384894e-14
-5.391308466285923973e-14
-6.507429550729401657e-14
-7.653883223827234739e-14
-8.829665920943516322e-14
-1.003340544870369444e-13
-1.126333726807204894e-13
-1.251727671167102152e-13
-1.379259391160597703e-13
-1.508619618117990058e-13
-1.639450565322358999e-13
-1.771346334585380267e-13
-1.903854135974769601e-13
-2.036474965440640550e-13
-2.168665231118763193e-13
-2.299840548038167842e-13
-2.429377771000218456e-13
-2.556619195862031013e-13
-2.680873914789189127e-13
-2.801425270145679880e-13
-2.917534920252040642e-13
-3.028447718295135260e-13
-3.133398217541188968e-13
-3.231619887054254514e-13
-3.322350803757617710e-13
-3.404839344495202980e-13
-3.478352317547867001e-13
-3.542181467846433618e-13
-3.595651066386901240e-13
-3.638124957544563998e-13
-3.669013335337589776e-13
-3.687779519690598251e-13
-3.693948359001497650e-13
-3.687110838000717816e-13
-3.666930854014788244e-13
-3.633151180078286746e-13
-3.585597801742529400e-13
-3.524185067035889851e-13
-3.448919481171403012e-13
-3.359901874951110035e-13
-3.257326591614428946e-13
-3.141483926293042739e-13
-3.012754976050580069e-13
-2.871612181983701495e-13
-2.718615263463952658e-13
-2.554408236581789948e-13
-2.379715890489519925e-13
-2.195337688764079087e-13
-2.002143026022529249e-13
-1.801062418779406094e-13
-1.593081135758955824e-13
-1.379230659803026837e-13
-1.160581776082220129e-13
-9.382377958323112610e-14
-7.133275090401292040e-14
