0.000000000000000000e+00
0.000000000000000000e+00
0.000000000000000000e+00
0.000000000000000000e+00
0.000000000000000000e+00
0.000000000000000000e+00
0.000000000000000000e+00
0.000000000000000000e+00
0.000000000000000000e+00
0.000000000000000000e+00
0.000000000000000000e+00
0.000000000000000000e+00
0.000000000000000000e+00
0.000000000000000000e+00
0.000000000000000000e+00
0.000000000000000000e+00
0.000000000000000000e+00
0.000000000000000000e+00
0.000000000000000000e+00
0.000000000000000000e+00
0.000000000000000000e+00
0.000000000000000000e+00
0.000000000000000000e+00
0.000000000000000000e+00
0.000000000000000000e+00
0.000000000000000000e+00
0.000000000000000000e+00
0.000000000000000000e+00
0.000000000000000000e+00
0.000000000000000000e+00
0.000000000000000000e+00
0.000000000000000000e+00
0.000000000000000000e+00
0.000000000000000000e+00
0.000000000000000000e+00
0.000000000000000000e+00
0.000000000000000000e+00
0.000000000000000000e+00
0.000000000000000000e+00
0.000000000000000000e+00
0.000000000000000000e+00
0.000000000000000000e+00
0.000000000000000000e+00
0.000000000000000000e+00
0.000000000000000000e+00
0.000000000000000000e+00
0.000000000000000000e+00
0.000000000000000000e+00
0.000000000000000000e+00
0.000000000000000000e+00
0.000000000000000000e+00
0.000000000000000000e+00
-1.401298464324817071e-45
-5.605193857299268284e-45
-1.961817850054743899e-44
-9.528829557408756082e-44
-3.615350037958028043e-43
-9.837115219560215838e-43
-2.862852762615601276e-42
-9.926798321277004130e-42
-3.029186890330957062e-41
-7.325988371490143647e-41
-1.909044949888271288e-40
-5.917206973365832053e-40
-1.640388008307917360e-39
-3.675703962816497914e-39
-8.785492570127620644e-39
-2.474931308736562166e-38
-6.303180061860073937e-38
-1.318058981362502871e-37
-2.911191730233195874e-37
-7.515435403972195820e-37
-1.771719628571126126e-36
-3.476223924799960630e-36
-7.138408272136529856e-36
-1.700068749384125589e-35
-3.732408942347106649e-35
-6.900142655777211873e-35
-1.323742211177098968e-34
-2.923665442547452017e-34
-6.006389964440544813e-34
-1.049714710409875743e-33
-1.888687895630285677e-33
-3.884726710823462865e-33
-7.496442654616541664e-33
-1.241502619787980682e-32
-2.101051713226481632e-32
-4.036974094279676193e-32
-7.337813659266507990e-32
-1.153416451024013468e-31
-1.839644544806652072e-31
-3.308842624400817636e-31
-5.675254752323661722e-31
-8.472388699088366423e-31
-1.274608649059892422e-30
-2.147872681777290313e-30
-3.478373171992792467e-30
-4.928878657969617098e-30
-6.990078473718405587e-30
-1.102745130743682421e-29
-1.684445563214196328e-29
-2.260033048902242077e-29
-3.012546540321251963e-29
-4.434039321087013485e-29
-6.364071195329240340e-29
-8.037153621408275071e-29
-9.994385945922879717e-29
-1.360294430852912716e-28
-1.816433845552773091e-28
-2.128460015115268430e-28
-2.421692719539190073e-28
-2.973807241898942621e-28
-3.587977393738039344e-28
-3.729845967525221056e-28
-3.618704402294522450e-28
-3.598711805024324651e-28
-3.328909723562575071e-28
-2.104363261133581432e-28
-1.744557748823721495e-29
2.491330012985857651e-28
6.088061480544866126e-28
1.050848140747421299e-27
1.576184244270922061e-27
2.318174081324873366e-27
3.206195148999556345e-27
3.939377997307316478e-27
4.615050844138723800e-27
5.599735683873163217e-27
6.666906947567741314e-27
7.053064375509137407e-27
7.070539493452529430e-27
7.347803301594315697e-27
7.559365165241298046e-27
6.624405525555003793e-27
5.177972818677902541e-27
4.033809423968533671e-27
2.903497317419197802e-27
8.048975942371896119e-28
-1.341920770293966828e-27
-2.593388122226848298e-27
-3.305908438533255532e-27
-4.409396192817165981e-27
-4.881530600149908179e-27
-3.448360617241835187e-27
-9.950868836605720978e-28
5.024001075192959512e-28
2.264708340138739311e-27
6.496724073961907605e-27
1.156055703967168949e-26
1.313856619886141568e-26
1.351085616083124592e-26
1.670379840810449038e-26
2.068444446188815879e-26
1.852201340181808139e-26
1.476501249615248085e-26
1.626237834633884694e-26
2.048624470019533508e-26
1.758898662542397417e-26
1.526330758029181262e-26
2.477083947705824155e-26
4.146265551942073230e-26
4.921868355425923303e-26
5.909582605925686067e-26
8.790603088298720419e-26
1.251455103018435167e-25
1.415444247552877746e-25
1.529527216254160980e-25
1.879255756334670282e-25
2.381468767463588791e-25
2.698405469049708599e-25
3.266471602470345647e-25
4.733131411699533176e-25
6.990693550261024761e-25
9.356052052406770320e-25
1.196388421010449557e-24
1.464179975669818703e-24
1.576136890275821445e-24
1.309599032810074792e-24
5.828654105216161111e-25
-5.004918645451459900e-25
-1.610358366597601006e-24
-2.212846347009943752e-24
-1.210869047609525907e-24
2.806938875238471879e-24
1.042921527242581390e-23
2.134657609528057945e-23
3.408872759750987386e-23
4.396829535675299035e-23
4.310102483299663085e-23
2.252062831419014867e-23
-2.755426455342766113e-23
-1.097362822018582676e-22
-2.085781933542226255e-22
-2.944974521629122589e-22
-3.171507605704733400e-22
-2.052559024964407134e-22
9.746508381548953809e-23
6.241738092953572420e-22
1.361176286028137052e-21
2.147885936006174949e-21
2.649844819538781035e-21
2.425546799288714813e-21
9.056457416525539564e-22
-2.344426351760440122e-21
-7.174513884474606007e-21
-1.295366454845175231e-20
-1.825016178735274254e-20
-2.034560576499276265e-20
-1.597776578211173022e-20
-1.674110061256563017e-21
2.568241351847150795e-20
6.510144711574461897e-20
1.088674763906972797e-19
1.442723963457066145e-19
1.513881400170116083e-19
1.056085915723914889e-19
-1.096600850541721389e-20
-2.109752586650053595e-19
-4.919192955028219555e-19
-8.058311843406105997e-19
-1.057106217160104906e-18
-1.113274572487022852e-18
-8.009919192632339650e-19
2.543302179496103789e-20
1.394139406781187496e-18
3.252016324089456717e-18
5.370233139755035737e-18
7.185967789793142426e-18
7.909395138113643840e-18
6.533478210034269836e-18
1.922475483848021348e-18
-6.472594821818223064e-18
-1.814297258287673293e-17
-3.183596493312439309e-17
-4.489985995774587401e-17
-5.281551850745776937e-17
-5.037051489181637869e-17
-3.119013539806749120e-17
1.100409535817562182e-17
7.706056276446878492e-17
1.608045728247986224e-16
2.508484367524466217e-16
3.268433857471551938e-16
3.597059612297966993e-16
3.195221094071218522e-16
1.700306409747496736e-16
-1.210403067134800735e-16
-5.493914988197699800e-16
-1.071895736673965111e-15
-1.614360517688444643e-15
-2.051751179233383439e-15
-2.219075126425181996e-15
-1.950295690393631480e-15
-1.035014122205499959e-15
7.169340863910785532e-16
3.299074956701121032e-15
6.530793853436580101e-15
1.009803457079896591e-14
1.344048587297074285e-14
1.579142158291031717e-14
1.636753443011711856e-14
1.413250501461392819e-14
8.092193636097949616e-15
-1.893271526560340659e-15
-1.523777543759648884e-14
-3.082376273167743153e-14
-4.640090191959135579e-14
-5.852537557230266807e-14
-6.313372269634368039e-14
-5.425552653090699728e-14
-2.511750166580076216e-14
2.841967993946238613e-14
1.094261739055003846e-13
2.220846526427774914e-13
3.679167159733459647e-13
5.422689207390529731e-13
7.398585325120443645e-13
9.524370224792133577e-13
1.167454154182845372e-12
1.373706487103887319e-12
1.563875006056758554e-12
1.725434248603385790e-12
1.847151338135732956e-12
1.931117592224307344e-12
1.984005191038584748e-12
2.011615700403535101e-12
2.026032987212378345e-12
2.045565756711442695e-12
2.085498223766690806e-12
2.165418018507114795e-12
2.304838828473543266e-12
2.508824962013656013e-12
2.776808730869939623e-12
3.110263348954367402e-12
3.502728055521098227e-12
3.936025550627109126e-12
4.396521341432091390e-12
4.867287996257463334e-12
5.328964266387847815e-12
5.773991094276675895e-12
6.204357340389154984e-12
6.618846096206887353e-12
7.020987957684354797e-12
7.426118747710930279e-12
7.849667096881951522e-12
8.305381556106272711e-12
8.805361821628832075e-12
9.354029703589894496e-12
9.952038325378165240e-12
1.059551231474831212e-11
1.127334770673060760e-11
1.197093986438080293e-11
1.267786743641696745e-11
1.337776764365194992e-11
1.405408081578407575e-11
1.470250830803987441e-11
1.532308654961234140e-11
1.591275375356637767e-11
1.647136420313000116e-11
1.700386012548626979e-11
1.751189818155474143e-11
1.799400906055126370e-11
1.844591840383102976e-11
1.886001597950492936e-11
1.922524466013708633e-11
1.952555825357471520e-11
1.974404320592704210e-11
1.986973259537894165e-11
1.988888567727720158e-11
1.978671566871259557e-11
1.955458538149823511e-11
1.918987364846191923e-11
1.868087975975818438e-11
1.802121299410153199e-11
1.721035466917264500e-11
1.624283867129872050e-11
1.510051805819756510e-11
1.377426211285337487e-11
1.226125798114985344e-11
1.055358231361047672e-11
8.629744488453106044e-12
6.483620931807543286e-12
4.121615375385356828e-12
1.543306172961667055e-12
-1.270068794058387684e-12
-4.311440093829332909e-12
-7.559106118826264264e-12
-1.101098379141518535e-11
-1.468537270954417551e-11
-1.856638280617328718e-11
-2.262449082246487109e-11
-2.685645282551885060e-11
-3.127675202163615609e-11
-3.585971103392537884e-11
-4.056458988155320355e-11
-4.537994285902513525e-11
-5.031032188074213707e-11
-5.531497135335960991e-11
-6.033988586562344381e-11
-6.536913371713026777e-11
-7.039777788486745180e-11
-7.537549751024386069e-11
-8.024517161864253012e-11
-8.499002196460381242e-11
-8.959344377501565759e-11
-9.400115408286779939e-11
-9.815850215977306448e-11
-1.020445464239294608e-10
-1.056275969468778442e-10
-1.088525936054907106e-10
-1.116728237660069567e-10
-1.140672625798977435e-10
-1.159919105209183954e-10
-1.174013247728922238e-10
-1.182697828561174447e-10
-1.185812281701004167e-10
-1.182819675538127058e-10
-1.173460356662658910e-10
-1.157770268545021963e-10
-1.135627772375080724e-10
-1.106420371987937301e-10
-1.070141128489687787e-10
-1.027161133926313141e-10
-9.774249465355211441e-11
-9.203132006474490368e-11
-8.561427955466882622e-11
-7.856672951112031456e-11
-7.089265285920021142e-11
-6.253617762519425582e-11
-5.356368820708112821e-11
-4.408556852908418477e-11
-3.411286531029844582e-11
-2.360086258368365719e-11
-1.264584183896522163e-11
-1.382997882881653595e-12
1.017046603185578491e-11
2.204142597606040255e-11
3.411118262852674832e-11
4.623204596931884680e-11
5.838173000594082396e-11
7.056472073330155581e-11
8.265243350846773751e-11
9.450266263977269432e-11
1.060924334495005894e-10
1.174026015293705427e-10
1.283117639916397934e-10
1.387032710908897570e-10
1.485559869562891322e-10
1.578270986124508113e-10
1.664183235661198523e-10
1.742548327854365198e-10
1.813191402577629674e-10
1.875476857149394050e-10
1.928796705685797974e-10
1.972952773376945856e-10
2.007830568473423227e-10
2.032647661298625508e-10
2.047280123207428915e-10
2.052145953168604819e-10
2.047191721699093137e-10
2.031555340620272432e-10
2.005630661550128480e-10
1.970421187325044343e-10
1.925923448498068069e-10
1.871276189557846692e-10
1.807356903027468320e-10
1.735651622425393725e-10
1.656198234112338241e-10
1.568219859526820414e-10
1.472979793692985595e-10
1.372278263245263474e-10
1.266170918112763388e-10
1.154031245564901553e-10
1.037350969013139945e-10
9.180252391605137063e-11
7.961053344329727111e-11
6.711680516913176575e-11
5.447512232970019852e-11
4.186239202508268420e-11
2.928235431909342878e-11
1.671597929520096670e-11
4.303570954461433118e-12
-7.810393824747574598e-12
-1.962463004601122663e-11
-3.113476143568050247e-11
-4.222986890733970711e-11
-5.281286519220884657e-11
-6.288485704386559405e-11
-7.242013932984292524e-11
-8.134781043223071606e-11
-8.962562636494197932e-11
-9.725601574084308254e-11
-1.041959296621541853e-10
-1.104191529877063260e-10
-1.159382520543594808e-10
-1.207559607863117890e-10
-1.248176006996004617e-10
-1.281402761676986302e-10
-1.307846331233264436e-10
-1.327524479233233023e-10
-1.339834077018764447e-10
-1.345311223532874578e-10
-1.344919869916694211e-10
-1.338656130389637156e-10
-1.325920345740527750e-10
-1.307507158099241451e-10
-1.284587575201001641e-10
-1.257132314913533833e-10
-1.224598200622040167e-10
-1.187916431888424995e-10
-1.148311862264606020e-10
-1.105728633654656790e-10
-1.059718215956628740e-10
-1.011227421243710012e-10
-9.613959628396173684e-11
-9.101457087989928141e-11
-8.571463677720103647e-11
-8.032573911576079695e-11
-7.494314196998530520e-11
-6.955767906102749976e-11
-6.414885983518914259e-11
-5.878674630421798497e-11
-5.354181681349601263e-11
-4.840429793095957223e-11
-4.336536338356289377e-11
-3.847536872436663202e-11
-3.377808796556358573e-11
-2.926382400292304453e-11
-2.493337480924395777e-11
-2.081690202160313419e-11
-1.693340259678599580e-11
-1.327363913228296610e-11
-9.845235737770963169e-12
-6.660427417926051419e-12
-3.718052775381064379e-12
-1.009171262181252082e-12
1.455109578836488726e-12
3.676397727914171298e-12
5.669881231185058823e-12
7.444764422992466990e-12
8.989698742356555528e-12
1.031501446757676632e-11
1.144322657464780235e-11
1.238469569952993510e-11
1.313086184923095701e-11
1.369556291291873507e-11
1.410246572297602086e-11
1.436429707818431822e-11
1.447778789215314887e-11
1.445564848379099487e-11
1.431760959791361643e-11
1.407996549213086368e-11
1.374656985464461911e-11
1.332529919739755542e-11
1.282826102289025272e-11
1.227635874900823154e-11
1.168165130599474466e-11
1.104470768314991247e-11
1.036790878844451314e-11
9.677508794325717645e-12
8.994106674709012594e-12
8.309775610670921964e-12
7.616573170776685942e-12
6.946263876594915843e-12
6.327496686331368636e-12
5.743852875966792837e-12
5.177763166136495343e-12
4.665955989635595103e-12
4.243833583161826795e-12
3.887621995157797272e-12
3.572014429034653382e-12
3.337297669117611498e-12
3.223454923123592053e-12
3.201501130173367571e-12
3.241238223997133794e-12
3.384035673209551121e-12
3.671347947875602813e-12
4.072027437462821808e-12
4.554676948098634881e-12
5.158223240903092588e-12
5.921596980124066434e-12
6.815370750395954857e-12
7.811366137255859599e-12
8.941411847041003114e-12
1.023696405422214184e-11
1.167489369069407701e-11
1.323521760937529379e-11
1.493698394139375552e-11
1.679844631452542814e-11
1.880792049879786987e-11
2.095897934373258664e-11
2.325147366311064445e-11
2.568420823245709528e-11
2.826240109998767736e-11
3.099863768452060242e-11
3.386681907135979941e-11
3.683995816738949713e-11
3.994558503417344753e-11
4.322045846216759912e-11
4.660607316742115813e-11
5.004378508810525261e-11
5.358831781099304692e-11
5.730494204159164440e-11
6.109737715753738030e-11
6.487072684580041937e-11
6.871064134328364048e-11
7.271381413653799086e-11
7.674284818737220348e-11
8.066406570472750559e-11
8.459600381316434436e-11
8.866757328362950830e-11
9.269988943128026904e-11
9.652095789292047812e-11
1.002816094053393670e-10
1.041410499502681830e-10
1.078823974598464019e-10
1.112994904572950361e-10
1.145717271056057029e-10
1.178834529991235058e-10
1.209877892316413295e-10
1.236528102133149787e-10
1.260792859003601052e-10
1.284679723712045529e-10
1.305550667574095769e-10
1.320959314154990238e-10
1.333017862759078298e-10
1.343777034090720690e-10
1.350608375139117356e-10
1.351109918390491771e-10
1.347352646119404085e-10
1.341278338395923697e-10
1.330480725592053659e-10
1.312801534147922666e-10
1.290097195738582059e-10
1.264024579450406804e-10
1.232635660208813988e-10
1.194233045787029823e-10
1.150271475292008461e-10
1.101941454750843263e-10
1.048002379322454658e-10
9.874448481106412601e-11
9.211385126883797625e-11
8.496390396794950561e-11
7.726493750359608725e-11
6.900524596176182968e-11
6.019650750088700875e-11
5.081619153246563769e-11
4.094661068543281601e-11
3.067921264254813707e-11
1.993689414947485972e-11
8.608541830767979519e-12
-3.102400714799502524e-12
-1.499484043876453399e-11
-2.724172276646896762e-11
-4.004631348752951681e-11
-5.308299633188795497e-11
-6.604164437540305244e-11
-7.918985606147899148e-11
-9.281839186137119668e-11
-1.064884361245965749e-10
-1.197915378003955311e-10
-1.330809629163098862e-10
-1.467227450646646503e-10
-1.601872384737745847e-10
-1.729904830494177759e-10
-1.855543496631639755e-10
-1.983004871419780102e-10
-2.106419483283161753e-10
-2.220505446182130527e-10
-2.329911263920791953e-10
-2.439138613308244885e-10
-2.542147881090528472e-10
-2.633580298283533239e-10
-2.718195668549583388e-10
-2.800464860008844425e-10
-2.874632754057415696e-10
-2.935677534399161459e-10
-2.988123914970941541e-10
-3.036080276075381335e-10
-3.074551724324692259e-10
-3.099263623518311306e-10
-3.114155044947608530e-10
-3.122649638864771759e-10
-3.120934066735969736e-10
-3.105832813155018357e-10
-3.080373733865826580e-10
-3.047015972867939126e-10
-3.003460813388869610e-10
-2.947906363459651402e-10
-2.882216409982873984e-10
-2.807683530114957193e-10
-2.723749281674514577e-10
-2.630155815364076943e-10
-2.527442699573612117e-10
-2.415628808094538726e-10
-2.295967166388024339e-10
-2.169770335624932045e-10
-2.036196489196839821e-10
-1.893983025968992706e-10
-1.746092714860481010e-10
-1.595289456091109059e-10
-1.439410118875272815e-10
-1.276012767670309245e-10
-1.109523722897520770e-10
-9.439215381545906780e-11
-7.758987202732825494e-11
-6.020368231718364882e-11
-4.278612880659338202e-11
-2.582328274824963188e-11
-8.896923996137839907e-12
8.404664117445115323e-12
2.546417417204072109e-11
4.174733475581504649e-11
5.772651454072352806e-11
7.385086986388955665e-11
8.948779217643476613e-11
1.040975500243845886e-10
1.181703346286866463e-10
1.321590475944489640e-10
1.454644876774935369e-10
1.575823360688843877e-10
1.689845902097530939e-10
1.800957022402016605e-10
1.903921881263315186e-10
1.994392706539116489e-10
2.076581684384848359e-10
2.154170453128045892e-10
2.223001643875122113e-10
2.279675753724674792e-10
2.327640580279677351e-10
2.369808238533721578e-10
2.403306720299980270e-10
2.425841749698065541e-10
2.439925761432704121e-10
2.447578251185689169e-10
2.447291258533823566e-10
2.437915702646620275e-10
2.420948164161274008e-10
2.397471943194062760e-10
2.367288864935090942e-10
2.330330928224100262e-10
2.287088851637975040e-10
2.237749568978486536e-10
2.183269814937105480e-10
2.124519449253625680e-10
2.061078252513226516e-10
1.992343096057780372e-10
1.920196501803417277e-10
1.846244962466769834e-10
1.769309143639929971e-10
1.688149620093781778e-10
1.605295618656299439e-10
1.522853093627318799e-10
1.439075525411226408e-10
1.352269268783956591e-10
1.265322568944071691e-10
1.180605335715512183e-10
1.096015084245394178e-10
1.009593311729339860e-10
9.243209669884677737e-11
8.426156994367772768e-11
7.622222297776204414e-11
6.810960823111500417e-11
6.020799137029797521e-11
5.274570363811292850e-11
4.550002388747920179e-11
3.827324568383971837e-11
3.131849293791511002e-11
2.483753133719623918e-11
1.862512401251681382e-11
1.250233423732982629e-11
6.680052344609777037e-12
1.325218797545990590e-12
-3.739534289864954175e-12
-8.666302918347579265e-12
-1.329190490312326389e-11
-1.748786358779508276e-11
-2.139761631769765415e-11
-2.514210020732043915e-11
-2.860605329002563479e-11
-3.169891085730291991e-11
-3.452800545478140748e-11
-3.718215318970763406e-11
-3.959019570509703101e-11
-4.169598694092613300e-11
-4.357198976623344322e-11
-4.527673028165146718e-11
-4.677683587694936307e-11
-4.804522404922018097e-11
-4.912318815608607281e-11
-5.004273384567881067e-11
-5.080042289606900852e-11
-5.139182482349902159e-11
-5.183229540017819659e-11
-5.213222215028068263e-11
-5.230996538707621824e-11
-5.237736286356486914e-11
-5.232981756253529682e-11
-5.216149387421431527e-11
-5.190501153884419239e-11
-5.158265481419732623e-11
-5.117587256742162083e-11
-5.066778940854277380e-11
-5.009878276118762130e-11
-4.949664289544131179e-11
-4.883429771673775122e-11
-4.808846723602933082e-11
-4.730217259552027542e-11
-4.650497348324122981e-11
-4.566589120735820018e-11
-4.475899512135228520e-11
-4.382629675836469119e-11
-4.289657865030882533e-11
-4.193841454669389179e-11
-4.092603686500773108e-11
-3.989811606097681818e-11
-3.888107891203418376e-11
-3.784548369134554946e-11
-3.676756468729003302e-11
-3.568145084953400215e-11
-3.461051584219276833e-11
-3.352872146589191971e-11
-3.241531001951791779e-11
-3.129949771585316398e-11
-3.020150449173364393e-11
-2.909927854233274047e-11
-2.797537201892907888e-11
-2.685429482951473545e-11
-2.575339073940252632e-11
-2.465457178690844131e-11
-2.354350568667396004e-11
-2.244053554090186253e-11
-2.136057650203859737e-11
-2.028904474982162753e-11
-1.921424477857591739e-11
-1.815299299767758612e-11
-1.711825819983303631e-11
-1.609829630710990500e-11
-1.508338766387229413e-11
-1.408749245729312705e-11
-1.312207981163382442e-11
-1.217750206228274124e-11
-1.124538136221264750e-11
-1.033740454348119897e-11
-9.463905353834789480e-12
-8.616630846336459371e-12
-7.787965584926670459e-12
-6.987791421886324628e-12
-6.225494078582194390e-12
-5.493640264919719129e-12
-4.784960188491949040e-12
-4.107828660560031153e-12
-3.470715468495422229e-12
-2.866627725126025261e-12
-2.288442872699913977e-12
-1.743157159415920088e-12
-1.238207886916642408e-12
-7.668952278772067643e-13
-3.222598782878088874e-13
9.008074098931437290e-14
4.639007277276729901e-13
8.055485532093564771e-13
1.121644986092074081e-12
1.407963914727694554e-12
1.659604636876366168e-12
1.882378367762393978e-12
2.082324113486522243e-12
2.256549547913211384e-12
2.401466395532403375e-12
2.522148722511330377e-12
2.623847970492643178e-12
2.704836138053834382e-12
2.762691551222440367e-12
2.801619179704228912e-12
2.825958434274356001e-12
2.834895729622588512e-12
2.826970428582153971e-12
2.805474602629587366e-12
2.773786625734353528e-12
2.731777694678361179e-12
2.678772351508151850e-12
2.617164948301442529e-12
2.549373906424179381e-12
2.475778046115428843e-12
2.396325976192215101e-12
2.312551625888170648e-12
2.225961385701746842e-12
2.137269528024177134e-12
2.046845332115410088e-12
1.955449907900530526e-12
1.863812272920317703e-12
1.772779839592786288e-12
1.682880939636588469e-12
1.594285684372587220e-12
1.507190531234436914e-12
1.422316366246623165e-12
1.340040166504519181e-12
1.260210577384845987e-12
1.182793554939387537e-12
1.108106661984464836e-12
1.036100025220143550e-12
9.666024491233882188e-13
8.996383282430797657e-13
8.349059833247240991e-13
7.717495804741847376e-13
7.102241429517153204e-13
6.506149785590054080e-13
5.919014193708771465e-13
5.327807422669805781e-13
4.736977953986865053e-13
4.153185499504441491e-13
3.559660704220701799e-13
2.938063746286967426e-13
2.297595707440036605e-13
1.649228713665462642e-13
9.718246173073818994e-14
2.443436451164248541e-14
-5.191887772568876125e-14
-1.303876846986753990e-13
-2.131835696471059971e-13
-3.023019389068043461e-13
-3.959801779009064493e-13
-4.925246950733541684e-13
-5.938294018840994948e-13
-7.013412203424329583e-13
-8.132340287292372238e-13
-9.279730846592504356e-13
-1.046718918137901078e-12
-1.169965057994104551e-12
-1.296277430014314280e-12
-1.424760700044491735e-12
-1.555465825586743733e-12
-1.687588979150389523e-12
-1.820573639760292295e-12
-1.954613988025544202e-12
-2.088292429605620448e-12
-2.219209408252376114e-12
-2.348073341665313229e-12
-2.476478440718854479e-12
-2.601207010205497383e-12
-2.718019169109520128e-12
-2.829122353054103201e-12
-2.937659230456413084e-12
-3.038404597366373139e-12
-3.125216448476852982e-12
-3.201935678404099761e-12
-3.273297214875792172e-12
-3.332166790756541097e-12
-3.370773712235708430e-12
-3.394622907423872071e-12
-3.409953526142817104e-12
-3.408199070187301061e-12
-3.380610678546669412e-12
-3.334196850904302956e-12
-3.276395864684755743e-12
-3.198032984264020939e-12
-3.090309692171944178e-12
-2.961277924262706307e-12
-2.818980509092239295e-12
-2.654608954530401910e-12
-2.460298674858418799e-12
-2.244377426963151123e-12
-2.014657104337791438e-12
-1.763657362513493254e-12
-1.485348844788847433e-12
-1.187406943603530607e-12
-8.764996649486545000e-13
-5.473721519447249939e-13
-1.966355816238399279e-13
1.695780153668571821e-13
5.465572113817762645e-13
9.364886253623860846e-13
1.339404932451659924e-12
1.751459003870858844e-12
2.170523309696914538e-12
2.595045055578393267e-12
3.021242978018534586e-12
3.448139560338625564e-12
3.876626450405318280e-12
4.301155785702004408e-12
4.714150510926051751e-12
5.117894823214452771e-12
5.516497848800927528e-12
5.900725220941982485e-12
6.259787393297910896e-12
6.599314410909995487e-12
6.926507110927015987e-12
7.229281409615317955e-12
7.494649865991132032e-12
7.731263546029154554e-12
7.948898483878252819e-12
8.133785311947860919e-12
8.271971649320697395e-12
8.374406203215389866e-12
8.452602333341996399e-12
8.492409032945236191e-12
8.480201783844787400e-12
8.428236407398426167e-12
8.348733163132671109e-12
8.228502081097932574e-12
8.055544079010878988e-12
7.842333553387259570e-12
7.600719532929733901e-12
7.319831372976093320e-12
6.990557004787900652e-12
6.624495223206405825e-12
6.232084726748299275e-12
5.805962047938928450e-12
5.340900031264306236e-12
4.846563254889968420e-12
4.331032928128752957e-12
3.791220809512552137e-12
3.226298568581587034e-12
2.643076512862108096e-12
2.046518987261491951e-12
1.438022769438551673e-12
8.211179674567914422e-13
1.991110591291131438e-13
-4.266053656165613717e-13
-1.050479690213601547e-12
-1.665137428982776946e-12
-2.271042728874128613e-12
-2.870463849252713473e-12
-3.454406899416895271e-12
-4.012471778447324056e-12
-4.548757204236864027e-12
-5.068911436423295669e-12
-5.561472289639102229e-12
-6.014075955990128008e-12
-6.434001335181571690e-12
-6.829709974648379145e-12
-7.188482448183819429e-12
-7.497264094269429080e-12
-7.765801890435852783e-12
-8.004565760222348558e-12
-8.200915641021211400e-12
-8.342443923170517195e-12
-8.440428911349329155e-12
-8.506363148585993628e-12
-8.528961391307543494e-12
-8.497653102013114079e-12
-8.424161541953356647e-12
-8.319922008281910308e-12
-8.175984195224472728e-12
-7.984455978327087422e-12
-7.756389280855202628e-12
-7.502112646384784256e-12
-7.215595742432467929e-12
-6.892080222503649267e-12
-6.540967854157253569e-12
-6.170607861483157208e-12
-5.778125374000797621e-12
-5.362012049647812972e-12
-4.929293952182778327e-12
-4.485734266673757631e-12
-4.031530317916143247e-12
-3.568221672994864591e-12
-3.100024577318283292e-12
-2.629807612994361499e-12
-2.160458444089297103e-12
-1.696064512793360457e-12
-1.237891950403580132e-12
-7.859120797724938878e-13
-3.450491032220420751e-13
7.882465567852353638e-14
4.872244643329415315e-13
8.827809902349492699e-13
1.259351780844020219e-12
1.610149838980612369e-12
1.939010367199567320e-12
2.250612673657115259e-12
2.538408719332529984e-12
2.795507098377059130e-12
3.027385633846968460e-12
3.240049287894786190e-12
3.427231155123111606e-12
3.582596242238111905e-12
3.712500792896200608e-12
3.823508783890039453e-12
3.910165160408984875e-12
3.967181617936521576e-12
4.001054695890182700e-12
4.018197233279785507e-12
4.014327065204881251e-12
3.985521114524548381e-12
3.937781958146535644e-12
3.876787346007715129e-12
3.799624677391921779e-12
3.703862303666705103e-12
3.594517045124590027e-12
3.476117397399614006e-12
3.347111650342515787e-12
3.206463740357268222e-12
3.057893565097669075e-12
2.904554635002609686e-12
2.746070948758672081e-12
2.582557648636574221e-12
2.416332108359786623e-12
2.249145314436873377e-12
2.081533946943214808e-12
1.914469667865792424e-12
1.748953412650244843e-12
1.585476866981794242e-12
1.425227882760615739e-12
1.269759579598794819e-12
1.118967006726034885e-12
9.723238924078114742e-13
8.314170749437743702e-13
6.980972332322477047e-13
5.714053904516680493e-13
4.500713224418056990e-13
3.357959255708559132e-13
2.304215845905233095e-13
1.324106026646260093e-13
4.003981662285133192e-14
-4.511826703261848093e-14
-1.214300063496001614e-13
-1.906901557231083233e-13
-2.547634954559729881e-13
-3.122491956837614158e-13
-3.616820926956310078e-13
-4.048042283322228485e-13
-4.433600025739031780e-13
-4.759918045653399599e-13
-5.012842896855163044e-13
-5.207969472342810491e-13
-5.360743316265570435e-13
-5.458703150953980732e-13
-5.490211150288581976e-13
-5.470024932140160612e-13
-5.412484696543096163e-13
-5.310359899209082801e-13
-5.158756993632607202e-13
-4.971837286489588781e-13
-4.762611203849853592e-13
-4.530620399244983387e-13
-4.276636824621787847e-13
-4.011131975612675094e-13
-3.742948876186980023e-13
-3.471981816632885298e-13
-3.196442947567962323e-13
-2.920290962174498794e-13
-2.646601742015836090e-13
-2.368669496655151363e-13
-2.077981206159359995e-13
-1.775256509720449238e-13
-1.461626907830679278e-13
-1.127665194837652873e-13
-7.654672658534075746e-14
-3.788348419144459134e-14
2.788684454662964871e-15
4.575964038027943714e-14
9.105507282414562753e-14
1.379755955755596064e-13
1.858664996001388459e-13
2.345207361642565047e-13
2.838126326835943569e-13
3.333113407673338191e-13
3.826504271862291029e-13
4.321406242829145539e-13
4.823499997856639521e-13
5.332138268247799129e-13
5.846381863870708795e-13
6.374363385221182288e-13
6.923342107945096302e-13
7.490691010178518461e-13
8.073404683499318946e-13
8.674169780890916837e-13
9.292270728919471701e-13
9.921876688301356495e-13
1.055810387035061026e-12
1.119613299641053494e-12
1.182964642042205750e-12
1.245526468421354060e-12
1.307150676761736907e-12
1.367246702140001435e-12
1.425110680505770056e-12
1.480868921412137329e-12
1.534846577090631659e-12
1.586117305205081429e-12
1.633305795299688778e-12
1.676744030079668768e-12
1.717033850170968101e-12
1.752207428630525587e-12
1.779811974883527270e-12
1.800593962125729419e-12
1.815677708009999503e-12
1.822498965978192054e-12
1.818295405735248504e-12
1.804684548502299979e-12
1.783651893717819181e-12
1.752657264111889823e-12
1.708818308208959191e-12
1.654358399404143309e-12
1.591819124430182697e-12
1.517925216944215894e-12
1.428686270850410001e-12
1.326517346487976479e-12
1.214217962286490149e-12
1.087264935202558735e-12
9.407096412603066504e-13
7.776066574503859297e-13
6.014157813254150664e-13
4.077388654575436755e-13
1.924030325253095475e-13
-4.048154091671266053e-14
-2.866340519970533851e-13
-5.489838184741246963e-13
-8.301130507808174297e-13
-1.125601131399256438e-12
-1.431190561028417019e-12
-1.748644306610869226e-12
-2.079476348060271818e-12
-2.419959848828923121e-12
-2.766756658847957517e-12
-3.120684266555429076e-12
-3.481903567553734646e-12
-3.847595419353977420e-12
-4.215535906459955129e-12
-4.584545850588872540e-12
-4.952213986109121890e-12
-5.316731863796997359e-12
-5.677200029530204972e-12
-6.029622114100963159e-12
-6.368599658052032098e-12
-6.694032047421805132e-12
-7.007029938915776413e-12
-7.301105033052923687e-12
-7.568418981807045753e-12
-7.811287207337702654e-12
-8.033382986605275278e-12
-8.226330207306009612e-12
-8.380434367294409270e-12
-8.500584784687514883e-12
-8.593003045231917270e-12
-8.647888828650085458e-12
-8.654231845039994653e-12
-8.619252013508660326e-12
-8.551350599850238154e-12
-8.439942321414317661e-12
-8.273542441428194394e-12
-8.061298156780694057e-12
-7.813265659462054202e-12
-7.519114671172832942e-12
-7.168161030024489122e-12
-6.770938410644022909e-12
-6.338465776550838982e-12
-5.862036984299878739e-12
-5.333211736818777027e-12
-4.763039355287768117e-12
-4.162498037224571235e-12
-3.525610142371404798e-12
-2.847155020427316607e-12
-2.137444084573947300e-12
-1.406126083625114376e-12
-6.504856874499365116e-13
1.309738314981753748e-13
9.298826899456491546e-13
1.739062561491311332e-12
2.557485907078715925e-12
3.382372507076958357e-12
4.208157260154887780e-12
5.030924895427224541e-12
5.845505069573819767e-12
6.644685236062430889e-12
7.426483907002623397e-12
8.190901082394397292e-12
8.929097912446781748e-12
9.630260131010537350e-12
1.029657348966539487e-11
1.093230107135356732e-11
1.152597982334579996e-11
1.206426538530314119e-11
1.255340449646258350e-11
1.300159979678028321e-11
1.339557718221806581e-11
1.372036772390172743e-11
1.398567980176457226e-11
1.420291401849071988e-11
1.435805901256470563e-11
1.443591947369871065e-11
1.444896719632327020e-11
1.441093164938900273e-11
1.430860378098808283e-11
1.412816218182566530e-11
1.388377607325352869e-11
1.359029208614082052e-11
1.323641717065893175e-11
1.281070562131336743e-11
1.232760681729727636e-11
1.180164993508370230e-11
1.122416829618666512e-11
1.058690548422225319e-11
9.903357647833566091e-12
9.186529141558263944e-12
8.431202784542346507e-12
7.633133708440098530e-12
6.803812287875521392e-12
5.953706277983528139e-12
5.081450451388525025e-12
4.186964143448879128e-12
3.278723429908647624e-12
2.363767168112040906e-12
1.444336946050672754e-12
5.241992278616491863e-13
-3.918119626487859275e-13
-1.300556559148680069e-12
-2.196470652929272127e-12
-3.072255340755281061e-12
-3.926891364164353249e-12
-4.761184502211079916e-12
-5.566706384046993250e-12
-6.333322321444567748e-12
-7.063815244540139204e-12
-7.762777400055487220e-12
-8.419875040244217956e-12
-9.023257835361064849e-12
-9.579194208686470091e-12
-1.009557281522743821e-11
-1.056114570796573560e-11
-1.096335695838224211e-11
-1.131123320008420308e-11
-1.161512813013798606e-11
-1.186373829037412619e-11
-1.204479224692356354e-11
-1.216922569657885589e-11
-1.224892062778870638e-11
-1.227353028238065136e-11
-1.223218488305422014e-11
-1.213680805162153931e-11
-1.199981520400017487e-11
-1.181268971528481870e-11
-1.156678398894772641e-11
-1.127394618632981960e-11
-1.094604268336851760e-11
-1.057689352768065305e-11
-1.016056769970186124e-11
-9.707849975282289989e-12
-9.229107061914376686e-12
-8.720854767496621918e-12
-8.180248145528423720e-12
-7.616209746208468800e-12
-7.036860243808673587e-12
-6.441547382302070801e-12
-5.830495374697930444e-12
-5.210112723197379836e-12
-4.585721125743846827e-12
-3.959204925713111223e-12
-3.333456774501364350e-12
-2.711986885062245278e-12
-2.097071865117539069e-12
-1.492666125250952103e-12
-9.037926657073924730e-13
-3.310425664062449647e-13
2.262500083116680827e-13
7.626269407645658305e-13
1.271629286245246071e-12
1.755358770665071955e-12
2.217076348898228133e-12
2.650559025735299556e-12
3.048748753453622840e-12
3.415978437615319052e-12
3.757532045928213549e-12
4.067128144685794311e-12
4.337844319857175890e-12
4.575564753472871615e-12
4.786850169719025772e-12
4.965928709910194527e-12
5.106623023748424473e-12
5.215622638637951169e-12
5.299987879126000223e-12
5.354933944184958605e-12
5.375511234056995491e-12
5.368484736617551434e-12
5.340690997085451031e-12
5.288612429932282311e-12
5.208760506247855915e-12
5.107310407925780282e-12
4.990257772979900253e-12
4.855412079340926113e-12
4.700768854032366661e-12
4.531433821924890637e-12
4.352144512831390699e-12
4.161983691713944111e-12
3.960334664376841118e-12
3.750953107145571508e-12
3.537111142176696532e-12
3.318986795466938311e-12
3.097101785101696869e-12
2.873755270207944967e-12
2.650721439220737885e-12
2.428984314031823466e-12
2.209876162270751898e-12
1.994312917932838936e-12
1.782712974636446734e-12
1.576581638677854169e-12
1.377745573877264817e-12
1.185957798979786482e-12
1.000546000218260900e-12
8.232695666680889257e-13
6.561515111629112607e-13
4.980706602361606450e-13
3.475819621272940863e-13
2.064581958085426328e-13
7.666923465456804143e-14
-4.346010517067809553e-14
-1.558196253232876916e-13
-2.587878099747503713e-13
-3.506059917217363431e-13
-4.331995103346725218e-13
-5.086080211505472626e-13
-5.754591139543741019e-13
-6.323034543870287294e-13
-6.810724944086854471e-13
-7.237282062706740238e-13
-7.592037350352687231e-13
-7.864043075588023068e-13
-8.070871445123306565e-13
-8.229755852490194812e-13
-8.333128566524738989e-13
-8.373479860879218251e-13
-8.365465980521291645e-13
-8.323003744536983106e-13
-8.241298810919561735e-13
-8.115812167273916966e-13
-7.957770727096136198e-13
-7.777483084642211608e-13
-7.572407870019837173e-13
-7.340364210559058300e-13
-7.089196308977807615e-13
-6.825819748833283906e-13
-6.549427883709157960e-13
-6.259614137790747712e-13
-5.961251457742289261e-13
-5.658368738836738743e-13
-5.351424056491971282e-13
-5.041279893536199097e-13
-4.730409857225947867e-13
-4.420579028698023993e-13
-4.113141034364775628e-13
-3.809826531944032757e-13
-3.511298240013727145e-13
-3.217648044707976940e-13
-2.930786852355787842e-13
-2.652953811493885539e-13
-2.383507887587787977e-13
-2.121375178385648264e-13
-1.868768540521509314e-13
-1.628179335062471256e-13
-1.398125457638746405e-13
-1.176814451008673101e-13
-9.665783662826318845e-14
-7.699766659766821286e-14
-5.850407099961332791e-14
-4.095882365369972467e-14
-2.459150436995120870e-14
-9.650985827831196767e-15
4.082131717207540880e-15
1.684249629682870592e-14
2.841283083105088786e-14
3.855776646317227163e-14
4.750327803099314850e-14
5.548696674654782224e-14
6.231015594986011319e-14
6.775947804151666309e-14
7.205850906201113903e-14
7.543884814791360083e-14
7.773028911067098035e-14
7.875256978658040641e-14
7.871971168449051759e-14
7.784919220767475001e-14
7.601018203523199346e-14
7.306764378657917836e-14
6.921816364437866076e-14
6.465710806384875053e-14
5.930318898710734699e-14
5.307529792725716733e-14
4.614375626933210628e-14
3.867251232247091719e-14
3.063243831768341918e-14
2.199850951357593121e-14
1.290480529646817823e-14
3.474684791941197969e-15
-6.269495200636942753e-15
-1.629751868669707809e-14
-2.651775554782936917e-14
-3.685358699527345461e-14
-4.723461612078302951e-14
-5.757869766913337184e-14
-6.784195194552491981e-14
-7.799896118527646638e-14
-8.793723263672906243e-14
-9.753018569624502532e-14
-1.067836479505014646e-13
-1.157230642692338995e-13
-1.242046423393164400e-13
-1.320714100149639192e-13
-1.393764525450466585e-13
-1.461909884597697995e-13
-1.523573883157811060e-13
-1.577068011772431166e-13
-1.623322786956093999e-13
-1.663436641034798935e-13
-1.695856454396460489e-13
-1.718902526825355492e-13
-1.733817896112238577e-13
-1.742001047534344482e-13
-1.741984377925942518e-13
-1.732159879939965119e-13
-1.713986889700577776e-13
-1.689062572533123197e-13
-1.656067318868414961e-13
-1.613569033161871280e-13
-1.563165693890464225e-13
-1.506552722201418004e-13
-1.442661907904291274e-13
-1.370373134629634948e-13
-1.291310808282375433e-13
-1.207128472700824684e-13
-1.117109605774241343e-13
-1.020568381865892549e-13
-9.190037104792395106e-14
-8.138453154666117073e-14
-7.048262120430345834e-14
-5.918183288268832887e-14
-4.760088333157115603e-14
-3.584118611166080270e-14
-2.393112529701976049e-14
-1.192076307592960030e-14
1.186981812049831280e-16
1.214015477366383114e-14
2.406014027334785199e-14
3.577531744155051929e-14
4.727182119595822740e-14
5.855852505372641237e-14
6.951799297891594898e-14
8.002442702633241756e-14
9.011527960477161425e-14
9.984097966778127109e-14
1.090823395152873410e-13
1.177237696431757130e-13
1.258309455980446967e-13
1.334694074012210407e-13
1.405483124631776159e-13
1.469892187567350961e-13
1.528586420851754668e-13
1.582151022607586333e-13
1.630176028888374873e-13
1.672323168616304812e-13
1.709076673586662487e-13
1.740868598365183373e-13
1.767704906063816139e-13
1.789478125142213161e-13
1.806480041510044598e-13
1.819087008846434483e-13
1.827439024756905006e-13
1.831354756428107966e-13
1.831127345022429131e-13
1.827288727230744203e-13
1.819800955977016188e-13
1.808169906121134818e-13
1.792916130231164695e-13
1.774900078256244629e-13
1.753678447033099608e-13
1.728317738491219613e-13
1.699720415413927266e-13
1.669152690413414075e-13
1.635625635583101700e-13
1.597676120091220953e-13
1.556629038992549119e-13
1.514180762111211331e-13
1.468656061565445925e-13
1.417900763163795763e-13
1.363735919980221811e-13
1.308410844946816809e-13
1.249364381481626873e-13
1.183517124364250050e-13
1.113378256234996699e-13
1.041997095703982301e-13
9.657209656521031915e-14
8.804221051207997140e-14
7.896509374117829938e-14
6.975802178737708359e-14
5.994992913552210645e-14
4.903764094549463437e-14
3.750211268914102614e-14
2.588012608579527696e-14
1.358359208940935689e-14
-6.147418956085358419e-18
-1.431229538096517873e-14
-2.871983792278320902e-14
-4.400685816186716837e-14
-6.097958916246801198e-14
-7.900904458674543052e-14
-9.744621423798602300e-14
-1.172756011226516737e-13
-1.394294022686454193e-13
-1.631999114841409249e-13
-1.878943777910285773e-13
-2.144392383931700841e-13
-2.435111303138864924e-13
-2.742784298292999523e-13
-3.060172558064233606e-13
-3.391133673782270597e-13
-3.735352684716003457e-13
-4.084962890952420489e-13
-4.434634354611582951e-13
-4.781163529324339301e-13
-5.117843540451694206e-13
-5.441822665229467670e-13
-5.753780698419808104e-13
-6.048077620321445913e-13
-6.317598354177444975e-13
-6.567739516301351888e-13
-6.807100998325321672e-13
-7.031434354036469880e-13
-7.234482110596296423e-13
-7.427144294545884318e-13
-7.622681782656903771e-13
-7.811720562946045110e-13
-7.979247687930901556e-13
-8.136498202623854148e-13
-8.297445846724982310e-13
-8.436499654256024439e-13
-8.521459362795247294e-13
-8.565540312623076691e-13
-8.586044202008036308e-13
-8.542963970785411032e-13
-8.394941100782482568e-13
-8.165289733415292961e-13
-7.881123596613359705e-13
-7.503490016824709841e-13
-6.997650072240735319e-13
-6.398735707957570185e-13
-5.742719667856110988e-13
-4.999440531699983481e-13
-4.142276528295435467e-13
-3.208068034311895023e-13
-2.231461814373308927e-13
-1.182402429005663391e-13
-3.197775745440137492e-15
1.190252052734458443e-13
2.457816665035056358e-13
3.804723192318143488e-13
5.259964555928697827e-13
6.798733125958078549e-13
8.399834105186909650e-13
1.008671987080822507e-12
1.187133074134760768e-12
1.373003598835464967e-12
1.564521624232428909e-12
1.761643023297232435e-12
1.963154248538212521e-12
2.167536549552151470e-12
2.374140163977078721e-12
2.580991627018636159e-12
2.785295431795287158e-12
2.987276008156736218e-12
3.188073286267134598e-12
3.384323637306563270e-12
3.571746414257614965e-12
3.752190832345680960e-12
3.928361975991112587e-12
4.094767493828532778e-12
4.244840590139631331e-12
4.381750604715017872e-12
4.509521662338089598e-12
4.620443350838998597e-12
4.706231064577348633e-12
4.771764580691062463e-12
4.822688255690099624e-12
4.850547914714287145e-12
4.846833871752220801e-12
4.818130703437839557e-12
4.771502203765320971e-12
4.698318990803418416e-12
4.589674560545597970e-12
4.452817455036228722e-12
4.295266833181932142e-12
4.107280921622491476e-12
3.878757124514686794e-12
3.617117456250484864e-12
3.330025708306316723e-12
3.007331363102938582e-12
2.639431858839080824e-12
2.234583611898655064e-12
1.801068625836843573e-12
1.331227229145470758e-12
8.188147967817804851e-13
2.727284272984603630e-13
-2.986698887340322184e-13
-8.991265848176666076e-13
-1.531094478632311073e-12
-2.186867006925830026e-12
-2.859792047268938653e-12
-3.550622252809776391e-12
-4.258943458318453779e-12
-4.979615244454782541e-12
-5.708802354453812455e-12
-6.444147732792560035e-12
-7.181426894126152760e-12
-7.918010865026747780e-12
-8.652842331535737230e-12
-9.378666246395717110e-12
-1.008575428035340948e-11
-1.077422873141387072e-11
-1.144620596221779252e-11
-1.208915259565124245e-11
-1.268829746131627800e-11
-1.324775098648922622e-11
-1.377390042300863371e-11
-1.425059376058968041e-11
-1.465986880500036449e-11
-1.501052233898736432e-11
-1.531355077466489689e-11
-1.555063543212664712e-11
-1.570180617471716999e-11
-1.577997975343858883e-11
-1.579997244149922153e-11
-1.574215410804491455e-11
-1.558561266157276748e-11
-1.534647409151546071e-11
-1.504234584115415885e-11
-1.465389962151952830e-11
-1.416137519749671725e-11
-1.358326558870137646e-11
-1.293889734937936353e-11
-1.221161192999087319e-11
-1.138528247374148705e-11
-1.047942548709768218e-11
-9.513527986226844035e-12
-8.475596093016068977e-12
-7.354995952557619177e-12
-6.170319030024407070e-12
-4.939160625633265411e-12
-3.655430558940908625e-12
-2.315109692493932947e-12
-9.337914556178938952e-13
4.748289435252406321e-13
1.910256675063948251e-12
3.369284452131582341e-12
4.841029920682471399e-12
6.317254445248332573e-12
7.790567670140635670e-12
9.250371302282900388e-12
1.069170967038512998e-11
1.211280988705487616e-11
1.349968400954359993e-11
1.483500475241150696e-11
1.612056668709449525e-11
1.736162082155434661e-11
1.853890305159033858e-11
1.963010656802488541e-11
2.064403509249856938e-11
2.159285597547189184e-11
2.245399699507544256e-11
2.320223874141547071e-11
2.385270626847901809e-11
2.442345804765100326e-11
2.489037101427449272e-11
2.522718665909362556e-11
2.545392195629769816e-11
2.559290800119295994e-11
2.562032183628382143e-11
2.551104986980856637e-11
2.528843454085993869e-11
2.497729800765569053e-11
2.455640725484986575e-11
2.400421528214735645e-11
2.334549394078511142e-11
2.260552335597854068e-11
2.176743507664724575e-11
2.081479086313287041e-11
1.977151602161608679e-11
1.866106748293905326e-11
1.747178790534320569e-11
1.619316312984064865e-11
1.484627351611145230e-11
1.345089057497306229e-11
1.200134696482946239e-11
1.049393124480380024e-11
8.945479773592168726e-12
7.370771527848152260e-12
5.770708563779258782e-12
4.148667520631477146e-12
2.515997609905951116e-12
8.813948377574265525e-13
-7.481389097639679076e-13
-2.362927561949668132e-12
-3.958002762344259295e-12
-5.531379174139594568e-12
-7.070896385769076531e-12
-8.561525620398580116e-12
-1.000476958223917023e-11
-1.140520924231003264e-11
-1.274634738035462789e-11
-1.400882881918974476e-11
-1.520024731083147174e-11
-1.633117252541893549e-11
-1.738216515168033993e-11
-1.833133644879580970e-11
-1.919177143594463786e-11
-1.997919885088350611e-11
-2.067314548714893618e-11
-2.125120912577216359e-11
-2.173081159462242340e-11
-2.213144251195231504e-11
-2.243318551753414880e-11
-2.261473473763597752e-11
-2.269623551598431987e-11
-2.269921056674562010e-11
-2.260573672696608583e-11
-2.239726112907014510e-11
-2.209504627870284565e-11
-2.172094275276759134e-11
-2.126059744922415007e-11
-2.069983420782683936e-11
-2.005934654492058655e-11
-1.935957470722282636e-11
-1.859078863075680488e-11
-1.774404755072733764e-11
-1.683771178040416316e-11
-1.588910426841838586e-11
-1.489347013772235329e-11
-1.384741193238836487e-11
-1.276552474838155149e-11
-1.166074962283270011e-11
-1.053340401013791450e-11
-9.385607742384838303e-12
-8.227236600322207494e-12
-7.066062145122398164e-12
-5.907056527948428837e-12
-4.757128718724246141e-12
-3.620844726479055531e-12
-2.500455788603805907e-12
-1.404517669702232130e-12
-3.434723480025964060e-13
6.834233157691771421e-13
1.679175353451467512e-12
2.632827766566037120e-12
3.531698588091214397e-12
4.381221080373975951e-12
5.188829400870620390e-12
5.942389375707124444e-12
6.628400953112567606e-12
7.256026942487059372e-12
7.836004414785158190e-12
8.356391099917370724e-12
8.804345273671909666e-12
9.191524277807339161e-12
9.530609808294787655e-12
9.810971479673469275e-12
1.002149578599453861e-11
1.017488870935778777e-11
1.028430812732850086e-11
1.034112899478412118e-11
1.033664820404567308e-11
1.028327856894550862e-11
1.019336438173867876e-11
1.006075518034110772e-11
9.879579793148351996e-12
9.660883204531955926e-12
9.415203859608478609e-12
9.138998585678237419e-12
8.829223810402631045e-12
8.494728358232617182e-12
8.143557009288038273e-12
7.774506732838304401e-12
7.386991192348535407e-12
6.987220697862728258e-12
6.580459267768734577e-12
6.167445460586451489e-12
5.749594810672276068e-12
5.330448756002414967e-12
4.912579457810872796e-12
4.498204326380816909e-12
4.090173512383277199e-12
3.689572519033346154e-12
3.296601490052064598e-12
2.914364929940127524e-12
2.546489061283629951e-12
2.192021737734695108e-12
1.849288083777267389e-12
1.521756245320693424e-12
1.213311244009640522e-12
9.215424647338044117e-13
6.435134543292253539e-13
3.826837392979787200e-13
1.428022332545034190e-13
-7.942050608746725748e-14
-2.876025426926803741e-13
-4.786164953946014933e-13
-6.491750496537274095e-13
-8.029322649469317064e-13
-9.436903298729037992e-13
-1.068851712866802917e-12
-1.175745698717145515e-12
-1.267949178811178523e-12
-1.349043706605490556e-12
-1.417012882899693071e-12
-1.469838248509269807e-12
-1.510714621975883798e-12
-1.542742604672409090e-12
-1.564503626476365650e-12
-1.574637772602804908e-12
-1.575790821613243242e-12
-1.570452101695707370e-12
-1.557768020479799453e-12
-1.536963048151540612e-12
-1.510050331304801929e-12
-1.478860545307825181e-12
-1.442995787963308185e-12
-1.402139689077319673e-12
-1.357678509547599610e-12
-1.310818966392124363e-12
-1.261518342045298002e-12
-1.209817944609892226e-12
-1.156552718178938122e-12
-1.102397036503721672e-12
-1.047573269449819655e-12
-9.923717663590236882e-13
-9.371713474704002067e-13
-8.822200240309052699e-13
-8.278978631121036713e-13
-7.746328535215840638e-13
-7.224570876436520184e-13
-6.713065975501308902e-13
-6.216389707679181864e-13
-5.739455677215843377e-13
-5.280261904799798955e-13
-4.836169442343218883e-13
-4.411907850773028050e-13
-4.012359834573014927e-13
-3.634122083123747515e-13
-3.273436480644847935e-13
-2.934577223150797165e-13
-2.621847238013647052e-13
-2.331222508870217647e-13
-2.058545391439570160e-13
-1.807317045587203408e-13
-1.581042154835676783e-13
-1.375697515973439700e-13
-1.187266837577791168e-13
-1.018359726515268016e-13
-8.715824015206180553e-14
-7.432912656679321883e-14
-6.299184128954679607e-14
-5.331431707244517482e-14
-4.546802726533051564e-14
-3.914723363182548432e-14
-3.405645381047810172e-14
-3.028055711447145970e-14
-2.791177357330029002e-14
-2.671160073187441031e-14
-2.645171408299784588e-14
-2.714480387428636066e-14
-2.881304204016728321e-14
-3.128486713937193853e-14
-3.439877370578145466e-14
-3.810873735717382194e-14
-4.237941987898959095e-14
-4.710417982316944530e-14
-5.218598787153951035e-14
-5.753429281390651240e-14
-6.306854859325014551e-14
-6.874064712629815443e-14
-7.451146904341454658e-14
-8.025931265073782406e-14
-8.587277617504510130e-14
-9.135509189406310071e-14
-9.671658005722116869e-14
-1.018219864435017386e-13
-1.065478068729315553e-13
-1.109369418702231547e-13
-1.150350295705745984e-13
-1.187112067717668862e-13
-1.218491318044287453e-13
-1.245157270476568434e-13
-1.267747164841390162e-13
-1.285203632970036147e-13
-1.296637222505253595e-13
-1.302779227812383978e-13
-1.304286946458496632e-13
-1.300493865158056095e-13
-1.290839586913158921e-13
-1.275971244895507395e-13
-1.256484608198882302e-13
-1.232058617454956373e-13
-1.202323424197640489e-13
-1.167817876906659946e-13
-1.129140658469134084e-13
-1.086068829813345571e-13
-1.038110840779343791e-13
-9.858329837143450791e-14
-9.300192723143280160e-14
-8.701855425466420435e-14
-8.054235718039232106e-14
-7.365671793194486505e-14
-6.647932665514513784e-14
-5.891214436854613767e-14
-5.081401133742204090e-14
-4.231652937672185366e-14
-3.358647249749636965e-14
-2.447471038498610224e-14
-1.480538714087979713e-14
-4.760251471702756781e-15
5.457461654763190104e-15
1.602618015237363552e-14
2.712143084713982549e-14
3.853290435210446341e-14
5.005375860967983814e-14
6.185303598514949042e-14
7.406374098002307949e-14
8.648628552687318005e-14
9.895131047009397829e-14
1.115766075994624462e-13
1.244175931985197492e-13
1.373252775599756448e-13
1.502019401867712989e-13
1.630805950350588951e-13
1.759161663995173486e-13
1.886420842667560493e-13
2.012572102244938876e-13
2.136879404977462538e-13
2.257718073909661949e-13
2.375472323186411661e-13
2.491312006951823532e-13
2.603152339953479499e-13
2.707847780638455992e-13
2.807055803077940226e-13
2.903415084309218797e-13
2.992986446789108745e-13
3.070531296670703236e-13
3.139358076883341786e-13
3.204034260129162703e-13
3.258119414453058971e-13
3.293688021974161551e-13
3.316264634862370331e-13
3.332883827863314385e-13
3.334066692433496071e-13
3.308914557284547975e-13
3.265703137599051953e-13
3.214258828716787253e-13
3.141982117191299828e-13
3.035336196798021913e-13
2.905540662668376628e-13
2.765037547883264502e-13
2.598742347616894710e-13
2.391578688559770072e-13
2.157266065002522160e-13
1.910007389879439521e-13
1.633630025959370569e-13
1.313262920719232563e-13
9.639817020795291014e-14
6.002861510819024193e-14
2.069089054279084350e-14
-2.286986247081179702e-14
-6.918209359335278363e-14
-1.169531865016087968e-13
-1.673922637871264052e-13
-2.213029564289425988e-13
-2.774515643275132781e-13
-3.349049553305616378e-13
-3.943203456899940784e-13
-4.558369198597034266e-13
-5.186684957393661310e-13
-5.824406712137686348e-13
-6.470379787515412318e-13
-7.117510248712266563e-13
-7.764449348225677117e-13
-8.414870905117111111e-13
-9.058080891258257772e-13
-9.677217794462622535e-13
-1.027923731376778615e-12
-1.087664246862685147e-12
-1.144815579140479045e-12
-1.196690207865003241e-12
-1.244938288742780674e-12
-1.291753813290053010e-12
-1.333977633216631986e-12
-1.368048686486988963e-12
-1.396594428645925312e-12
-1.422688464432220190e-12
-1.442337785664826733e-12
-1.451406161055712740e-12
-1.453373337477470439e-12
-1.451974174573877896e-12
-1.442747614086026253e-12
-1.421425260481057329e-12
-1.392048477356910841e-12
-1.358647569449367154e-12
-1.316791727740129758e-12
-1.262605363143431969e-12
-1.200263521385080967e-12
-1.133628239023687367e-12
-1.058852441490620855e-12
-9.729710526845680718e-13
-8.797909774836687458e-13
-7.825161417278347908e-13
-6.784042186520899964e-13
-5.658350849500892732e-13
-4.477518887342074594e-13
-3.262617498216158207e-13
-2.001483289000571819e-13
-6.943816859396670371e-14
6.420450109068109867e-14
2.000967750867554962e-13
3.376611056732370386e-13
4.751028672041190948e-13
6.123235057019227323e-13
7.502411777764173006e-13
8.864303063273182293e-13
1.017433858517546863e-12
1.144839865269142720e-12
1.271162428789773813e-12
1.392322997346984170e-12
1.503547069833799377e-12
1.608026429025799509e-12
1.709659757515025191e-12
1.803150619268667487e-12
1.882953862275549284e-12
1.953558408790412315e-12
2.019833302349671733e-12
2.075873977921971480e-12
2.116018514922157756e-12
2.145547194770669464e-12
2.169734661036648582e-12
2.182752242840813039e-12
2.179474916513823857e-12
2.165352966376765664e-12
2.145450917617752751e-12
2.114679525239138158e-12
2.069017049702304156e-12
2.013461446181974424e-12
1.952307022642929546e-12
1.881756469396256293e-12
1.799298557370043739e-12
1.708941798836405290e-12
1.613779205753007595e-12
1.511664491499198348e-12
1.401781577099747711e-12
1.286765832775316198e-12
1.168248657534842749e-12
1.045857194251209599e-12
9.204306154059205269e-13
7.930337701626821723e-13
6.637651582888648427e-13
5.339194255986334792e-13
4.057480805334801044e-13
2.787493001178698027e-13
1.516047758252231370e-13
2.697335932356440674e-14
-9.187891739743589414e-14
-2.068295215000917620e-13
-3.203347960153979379e-13
-4.288204448650578815e-13
-5.284994447282698182e-13
-6.222787042597932583e-13
-7.133564030280259427e-13
-7.977579100787446365e-13
-8.716664000839313697e-13
-9.385696430122547618e-13
-1.001956980925533536e-12
-1.057925882314014743e-12
-1.103022295896594063e-12
-1.140845556045488873e-12
-1.174754521091059267e-12
-1.201291995565900717e-12
-1.217645884295237568e-12
-1.227139158517520645e-12
-1.232686370512825480e-12
-1.231565522306909966e-12
-1.221806184871498946e-12
-1.206190204140755728e-12
-1.186997332022765583e-12
-1.162434298124237486e-12
-1.131464496748058046e-12
-1.096159296144760820e-12
-1.058057396037537234e-12
-1.016326129157918423e-12
-9.707951673446069130e-13
-9.227239198411618659e-13
-8.728689429235436670e-13
-8.212231350675225361e-13
-7.682834945489658285e-13
-7.144956826708737108e-13
-6.598864792269065749e-13
-6.050698136972343377e-13
-5.509988624217976305e-13
-4.974281620287457351e-13
-4.438121148798296334e-13
-3.912118567463152008e-13
-3.408750603832444437e-13
-2.920643056830013462e-13
-2.438673449376566049e-13
-1.976319092102454822e-13
-1.547401936403611233e-13
-1.141516487454877216e-13
-7.476436597641036852e-14
-3.800154364363289572e-14
-5.174766526199435501e-15
2.490840650057335459e-14
5.340429568836610463e-14
7.904224150201422106e-14
1.007634663099769845e-13
1.197654985168189468e-13
1.371334144330271787e-13
1.518865735223792757e-13
1.632854008254414069e-13
1.723841474296841647e-13
1.800818202240053734e-13
1.856976622168285407e-13
1.887715244536236625e-13
1.901183881549209365e-13
1.903933418258632604e-13
1.891739667475231257e-13
1.862274847134678946e-13
1.821202693860768385e-13
1.772796861566894311e-13
1.715142920266990445e-13
1.647870208343338305e-13
1.574552527206993235e-13
1.497659960457420336e-13
1.417188306811201226e-13
1.334203879104975399e-13
1.250562153831680234e-13
1.167308166360320199e-13
1.085598421595758423e-13
1.007198000674801308e-13
9.326211542403858856e-14
8.618680178177837159e-14
7.965874596234379101e-14
7.387389717962086766e-14
6.880083389939825600e-14
6.438378747242873290e-14
6.079108028599067293e-14
5.819371812773935226e-14
5.652280672587689514e-14
5.570911299542652406e-14
5.585333560128961927e-14
5.702055039073783416e-14
5.913745513251578156e-14
6.215744607386552989e-14
6.601686699473502395e-14
7.058787690646106672e-14
7.584545106764997713e-14
8.181898490970326843e-14
8.823155964524098671e-14
9.474907159854814576e-14
1.014685907453800884e-13
1.085542585183875419e-13
1.155425310549879070e-13
1.219375620441220942e-13
1.279922213137316134e-13
1.340133651836841744e-13
1.393787835797175023e-13
1.434536896823684904e-13
1.466097073387837013e-13
1.492432750733324598e-13
1.505878890551218263e-13
1.499020498658618084e-13
1.476246832025560063e-13
1.441834255070870152e-13
1.387698820871224870e-13
1.306806903357896066e-13
1.203882371396403084e-13
1.083037807114890783e-13
9.379346935624657822e-14
7.641580239674955477e-14
5.660320031696669529e-14
3.465868745971233122e-14
1.033396373979538971e-14
-1.637306047306500562e-14
-4.521780356831622827e-14
-7.615581071578753081e-14
-1.089138477214195155e-13
-1.429508096097154013e-13
-1.783732937830212473e-13
-2.155397171507700271e-13
-2.535623891842392341e-13
-2.912922995260830428e-13
-3.293046445338593253e-13
-3.684447224313464053e-13
-4.071600370227079768e-13
-4.436897084545560199e-13
-4.791321961579442235e-13
-5.148311789902881852e-13
-5.486104192459206885e-13
-5.781950981366412723e-13
-6.051922743326165754e-13
-6.313830209526971604e-13
-6.541180899884146971e-13
-6.707978356806920672e-13
-6.834395788017644247e-13
-6.941250959430211864e-13
-6.999581036309932003e-13
-6.982536836057373630e-13
-6.912667595455890268e-13
-6.811864440570136736e-13
-6.651526660191031670e-13
-6.406819519355622106e-13
-6.100560052783865483e-13
-5.753527537212532739e-13
-5.340843327490685244e-13
-4.842884990599594097e-13
-4.280374882661974745e-13
-3.670627712372420692e-13
-2.995946860821080415e-13
-2.245035890047555882e-13
-1.433977990603768626e-13
-5.742127828995205463e-14
3.415863308897128248e-14
1.313733735512634393e-13
2.333291166615319989e-13
3.396876421639383192e-13
4.499060629256645960e-13
5.627602333788117583e-13
6.782849022030079666e-13
7.971049493203652414e-13
9.173110404950279850e-13
1.036429514260361895e-12
1.155552541674820244e-12
1.276323339551022062e-12
1.395552185097514997e-12
1.509679425741594638e-12
1.620853950189127257e-12
1.731665809009963475e-12
1.837864712847525617e-12
1.935061702887375112e-12
2.026321818671128483e-12
2.114996979635241914e-12
2.196079039104570363e-12
2.264659597003837455e-12
2.324495197020270965e-12
2.379454489345733670e-12
2.424148121821234625e-12
2.453520893397342917e-12
2.471756089736376616e-12
2.482976064338560107e-12
2.481851529845258142e-12
2.463602889399285623e-12
2.432557844392335689e-12
2.392808824344672125e-12
2.339566474579557465e-12
2.268771759003640476e-12
2.184584761352748039e-12
2.090761157952369942e-12
1.983518384263138756e-12
1.859931479664123088e-12
1.723654639157468083e-12
1.577787271493658050e-12
1.419944565574093875e-12
1.248657969556143943e-12
1.066740662816756391e-12
8.763414256415802406e-13
6.767424619823214638e-13
4.681251588624368853e-13
2.521826063944798690e-13
2.988482670964603960e-14
-1.976927465046490751e-13
-4.286580855897281772e-13
-6.626307033456846352e-13
-8.999601736579820876e-13
-1.137797646898197623e-12
-1.372614695516194416e-12
-1.605440823684856078e-12
-1.837997202353003345e-12
-2.065829712155631270e-12
-2.283987018611433051e-12
-2.494915298661970482e-12
-2.701668749827135230e-12
-2.898505003720575068e-12
-3.079412376136292373e-12
-3.248158686464108769e-12
-3.408985550443222046e-12
-3.555326389195756498e-12
-3.680612672279925945e-12
-3.789720707386701193e-12
-3.887810212654940756e-12
-3.968077168930994603e-12
-4.024005954839093846e-12
-4.061235289037901097e-12
-4.085447258272978388e-12
-4.090242467641447277e-12
-4.069790945221418710e-12
-4.030021542172912419e-12
-3.976641498731892099e-12
-3.904257125930676864e-12
-3.808276177047487110e-12
-3.694372065210504985e-12
-3.567746792443315940e-12
-3.424493761478020204e-12
-3.261664159245891703e-12
-3.084144484938322606e-12
-2.896144478750639628e-12
-2.695563607393869354e-12
-2.481330895962030603e-12
-2.257099238414661535e-12
-2.025703389751942751e-12
-1.786982345951260154e-12
-1.541782218388021430e-12
-1.292197902499903073e-12
-1.039444029980740591e-12
-7.852197082651446447e-13
-5.321076153481929527e-13
-2.804777352212461938e-13
-2.984568362308752387e-14
2.165135204370421951e-13
4.546501792667551056e-13
6.859002298423289012e-13
9.123344441031022711e-13
1.129547193626234680e-12
1.332731125978925402e-12
1.524714490948320122e-12
1.708863519439551837e-12
1.880190230937883733e-12
2.033605922546755096e-12
2.173053403886626711e-12
2.302766701281488970e-12
2.417740486981845294e-12
2.513150495001004181e-12
2.593564469091647062e-12
2.663584413795105910e-12
2.718675111423873858e-12
2.754709871669036580e-12
2.776361822734441098e-12
2.788108936432887042e-12
2.786251047590115881e-12
2.767654595087210012e-12
2.736635137251530736e-12
2.697131580575717891e-12
2.646509964301935192e-12
2.582787499497141148e-12
2.509557882682256214e-12
2.429920414187547451e-12
2.342394941207137649e-12
2.246156385887765339e-12
2.143835456380749349e-12
2.037516422942475813e-12
1.926812659078236400e-12
1.811926802174068651e-12
1.694417501273137727e-12
1.575312796875394383e-12
1.455144273306008262e-12
1.334911998648879994e-12
1.215132595239198920e-12
1.095866236297537988e-12
9.783119410064489152e-13
8.639874297770855360e-13
7.525153460433142705e-13
6.431752916716271251e-13
5.375565986266706009e-13
4.374155931127082786e-13
3.417069416051382591e-13
2.491696356621969644e-13
1.615292372515036989e-13
8.054765621851034396e-14
4.768389764259976099e-15
-6.735980046315703795e-14
-1.341738813153206533e-13
-1.940767967341383571e-13
-2.486942401146163828e-13
-2.996457248993777966e-13
-3.454780678115859649e-13
-3.848786523860669995e-13
-4.194456739402274703e-13
-4.506939255393554999e-13
-4.774779204831658408e-13
-4.988344806666766829e-13
-5.161841548813328462e-13
-5.308130237441366361e-13
-5.419196450091867678e-13
-5.488936670634825266e-13
-5.528783268878012525e-13
-5.548595979378012633e-13
-5.543614070395441740e-13
-5.510800691645167948e-13
-5.458375721897890109e-13
-5.393025978052412572e-13
-5.312667081432131955e-13
-5.216584000704294066e-13
-5.109893628021944245e-13
-4.996419402346352623e-13
-4.876022003698354812e-13
-4.749522715223608582e-13
-4.619440680669884003e-13
-4.487330374901982166e-13
-4.354276000092388577e-13
-4.221942348676954726e-13
-4.090929526558151341e-13
-3.961206362923519464e-13
-3.834462044757791510e-13
-3.712629704534509134e-13
-3.595062344607241611e-13
-3.480788519829441929e-13
-3.371553253597725508e-13
-3.269055761766920254e-13
-3.171999609589276625e-13
-3.079031983804075834e-13
-2.991492145144880599e-13
-2.910461043177658969e-13
-2.834516746753196204e-13
-2.762402394503038483e-13
-2.694747365788313642e-13
-2.631815121736935659e-13
-2.572500047183512439e-13
-2.515997935166602861e-13
-2.462128537075031209e-13
-2.410356799136675887e-13
-2.360178838391874256e-13
-2.311429042958779156e-13
-2.263211997368189121e-13
-2.214371806578963042e-13
-2.165099967799816172e-13
-2.115880170724948606e-13
-2.065301868327956702e-13
-2.011818988310876133e-13
-1.956233840281346170e-13
-1.899550259925816831e-13
-1.840046669719652694e-13
-1.775982518600199844e-13
-1.708592170740833027e-13
-1.639209330338980974e-13
-1.565987465569629311e-13
-1.487178707005459843e-13
-1.404263397187729967e-13
-1.318721743132425517e-13
-1.228812651675806333e-13
-1.133025287090513866e-13
-1.032921645893920826e-13
-9.299563208256880764e-14
-8.227639625374774668e-14
-7.103320617254590963e-14
-5.941122295733194947e-14
-4.753351033094654898e-14
-3.532533627051935576e-14
-2.275565532446760519e-14
-9.936323275673911160e-15
3.052585192676567430e-15
1.621027090499809614e-14
2.949079037071512810e-14
4.283705483973214434e-14
5.622935385536653730e-14
6.959037025019293443e-14
8.279941538175475402e-14
9.586585404631683960e-14
1.088376960713295649e-13
1.215613438902696242e-13
1.338435249133643201e-13
1.457629454420725224e-13
1.574359945796105498e-13
1.686396383865709780e-13
1.791189944847296212e-13
1.890221377857936869e-13
1.985314446477023931e-13
2.073674755130247571e-13
2.152272365321325487e-13
2.223219031831716319e-13
2.288908808583539622e-13
2.346139233409816338e-13
2.391611214624944637e-13
2.427975355490108456e-13
2.458071181495047330e-13
2.478591333912594230e-13
2.486304077117112987e-13
2.484248158747537349e-13
2.475522770713917131e-13
2.457023842196426333e-13
2.425860619152675479e-13
2.385201953482296577e-13
2.338134568770355859e-13
2.281975064639951700e-13
2.214383326227045701e-13
2.138384142067600857e-13
2.056788170768514279e-13
1.967558603023500385e-13
1.869117924671592768e-13
1.764102237769918369e-13
1.654820757420599753e-13
1.540046708865469571e-13
1.419069126529920455e-13
1.293914519799599372e-13
1.166198892012595967e-13
1.035553817718172509e-13
9.021454508992624022e-14
7.672347864451020683e-14
6.316274543324840174e-14
4.958061278160716401e-14
3.607628180023712827e-14
2.269141465168194455e-14
9.421788029666602893e-15
-3.608919397048507283e-15
-1.623447402443294052e-14
-2.849834558333978751e-14
-4.048524753288984535e-14
-5.201529040387703473e-14
-6.287816946802526896e-14
-7.319338413353318473e-14
-8.311317671420848097e-14
-9.242442016799481963e-14
-1.008969180448827940e-13
-1.087090216022462696e-13
-1.160606306156372614e-13
-1.227268341206372293e-13
-1.284786079608357667e-13
-1.335304208784776625e-13
-1.381062825949255779e-13
-1.419888918897591057e-13
-1.449700819458610290e-13
-1.472779689003222980e-13
-1.491383107505087069e-13
-1.503615347465611651e-13
-1.507788170576965237e-13
-1.506104946704181491e-13
-1.500639619077953624e-13
-1.489917130642615106e-13
-1.472735372239422635e-13
-1.451022597432141681e-13
-1.426502687675024195e-13
-1.398159745532451259e-13
-1.365267491074129147e-13
-1.329341096836106351e-13
-1.291661276634631372e-13
-1.251636598184613369e-13
-1.208941529783763569e-13
-1.164630186994281003e-13
-1.119530832513308816e-13
-1.073382105854642221e-13
-1.026131355450279892e-13
-9.783948147100082759e-14
-9.306001336282371250e-14
-8.826874100349366148e-14
-8.347492754532184756e-14
-7.870545442592233321e-14
-7.397339983400072483e-14
-6.928500470831239211e-14
-6.465775858515224184e-14
-6.009576788024856286e-14
-5.559410963811191320e-14
-5.116605178282808419e-14
-4.683140472096745943e-14
-4.258075622242014913e-14
-3.839958475433842555e-14
-3.430093801224179395e-14
-3.030043528367762362e-14
-2.638166784639170426e-14
-2.252603485686233142e-14
-1.874124262084362474e-14
-1.503578687879654485e-14
-1.139127346323851736e-14
-7.788426445388876157e-15
-4.229981741667252632e-15
-7.212792065918155037e-16
2.754388514145111877e-15
6.215122885203268333e-15
9.653869975016597660e-15
1.305648263930005853e-14
1.643740787200202030e-14
1.981527023356671052e-14
2.316694572453408679e-14
2.645913917381347708e-14
2.971074788645812481e-14
3.294867701700461560e-14
3.612782206101165794e-14
3.919167236837023394e-14
4.217312331061991160e-14
4.511607491135098680e-14
4.795116533657869939e-14
5.059891240266449486e-14
5.311381420943471487e-14
5.556213922655074688e-14
5.785347515722266687e-14
5.989115860150981407e-14
6.175361464593256966e-14
6.352903636095905138e-14
6.511035878205631566e-14
6.638750828366277168e-14
6.745764293296027669e-14
6.842397200050587269e-14
6.916136500306757640e-14
6.954254338185916762e-14
6.967373862099349169e-14
6.966405534034048053e-14
6.936343995922814032e-14
6.862079535239345995e-14
6.754621547418876437e-14
6.625119696552703163e-14
6.456522192973060403e-14
6.232669680925409517e-14
5.965569699470027465e-14
5.667084775626621274e-14
5.321728097800772217e-14
4.916930374681584281e-14
4.466238712414263845e-14
3.982094330928082071e-14
3.455862915171907523e-14
2.883323191749803671e-14
2.277510828313424746e-14
1.648901928354411933e-14
9.973861234797379988e-15
3.264348088171352413e-15
-3.561208148712040680e-15
-1.045875032765078774e-14
-1.738900195439718049e-14
-2.429969813149031321e-14
-3.119591173925129191e-14
-3.811119036458907039e-14
-4.501335353177156329e-14
-5.186291256479777512e-14
-5.872387943755760786e-14
-6.567578376753466229e-14
-7.266646187770522958e-14
-7.961834587889154990e-14
-8.660363008325400180e-14
-9.370558799390305005e-14
-1.007844659508053131e-13
-1.076680316625978906e-13
-1.144301667310720916e-13
-1.211620728877246811e-13
-1.276358982697442523e-13
-1.336174145502924682e-13
-1.392262634391031040e-13
-1.446007078182223737e-13
-1.495071292245339634e-13
-1.537386347784733265e-13
-1.574823442224843051e-13
-1.609303917340584866e-13
-1.639023525191671271e-13
-1.662467499817868455e-13
-1.681719000168335754e-13
-1.698733926962237017e-13
-1.711884486162856822e-13
-1.719638700100473150e-13
-1.723693751750840497e-13
-1.725569150458697298e-13
-1.723300728463314502e-13
-1.715027452735620739e-13
-1.702061614480138152e-13
-1.685587026943949351e-13
-1.663599135835400200e-13
-1.634399809501835277e-13
-1.599259190788321350e-13
-1.559322874815360915e-13
-1.513140741177254611e-13
-1.459612731244744332e-13
-1.399955590905901937e-13
-1.335204868760722641e-13
-1.264486426807640007e-13
-1.187106782232077995e-13
-1.103917779128431309e-13
-1.015580916347187668e-13
-9.214807736301899865e-14
-8.210623072277614676e-14
-7.147300600755107647e-14
-6.027599616263354387e-14
-4.847986636159588858e-14
-3.605218540695363794e-14
-2.300496253183296341e-14
-9.345260296948071366e-15
4.928053780751517204e-15
1.983258528107448293e-14
3.537981404155496334e-14
5.157571418556994303e-14
6.842713651559681476e-14
8.598656319304745499e-14
1.042822851183601573e-13
1.233205974403989158e-13
1.431425778689737749e-13
1.638326925295849334e-13
1.853913615505742296e-13
2.077853270303006705e-13
2.310251599399459899e-13
2.551347262798320248e-13
2.800469816981177029e-13
3.056687119130235830e-13
3.319009834763103628e-13
3.586490371181028092e-13
3.858130991334779436e-13
4.132875140207270537e-13
4.408861242668343783e-13
4.684395774924576816e-13
4.958869144304489662e-13
5.231763915321263614e-13
5.500874278654976912e-13
5.763950514797722136e-13
6.020931908427840096e-13
6.271964826838616336e-13
6.513936525592844973e-13
6.743075065332448936e-13
6.959679143755947983e-13
7.164513665496030637e-13
7.352553895584312826e-13
7.517770585739602662e-13
7.661270164278921602e-13
7.784964621733447832e-13
7.882193162056516655e-13
7.945451479911269654e-13
7.977563921957031567e-13
7.982332785212709059e-13
7.952714550264750049e-13
7.880951750569020753e-13
7.771798612651870108e-13
7.630909250842810021e-13
7.451426086400869675e-13
7.225624178847089851e-13
6.959547955293077237e-13
6.659994821259229703e-13
6.320254649500034461e-13
5.932831808296012976e-13
5.504563276546858841e-13
5.042888849560167586e-13
4.542032440262022686e-13
3.995974016089698377e-13
3.412194572033344642e-13
2.798484913853899192e-13
2.151448507195508064e-13
1.467950245951157862e-13
7.554970104378666562e-14
2.144435853662553931e-15
-7.346099233475691936e-14
-1.512611786042353246e-13
-2.306236527704202954e-13
-3.109774265354359191e-13
-3.920915783890699391e-13
-4.736612577854737438e-13
-5.552672579546558129e-13
-6.365910945084485295e-13
-7.171249271492596833e-13
-7.962298897469521908e-13
-8.737442735474998390e-13
-9.496479123904943975e-13
-1.023113993699198421e-12
-1.093138166791129962e-12
-1.159868425262833291e-12
-1.223634583415178501e-12
-1.283315142520946583e-12
-1.337601036877078542e-12
-1.387013550888105407e-12
-1.432277582126550985e-12
-1.472070403941982963e-12
-1.504891697368115899e-12
-1.531646229117888947e-12
-1.553432946513333412e-12
-1.568821136367637425e-12
-1.576225803524844427e-12
-1.576870686977038805e-12
-1.572135759249360110e-12
-1.560577513569361141e-12
-1.540653780766898517e-12
-1.513803730805729497e-12
-1.481563461323831543e-12
-1.442619027708369472e-12
-1.395640113893703571e-12
-1.342156420724993637e-12
-1.283718574149328440e-12
-1.219300376810450448e-12
-1.147938298237671795e-12
-1.071097854507541136e-12
-9.901847137366859286e-13
-9.045698218246300826e-13
-8.137469105669314917e-13
-7.189567951398911916e-13
-6.213107285601981999e-13
-5.206375153048170557e-13
-4.169414108672747643e-13
-3.111136836434630348e-13
-2.038588888626444162e-13
-9.551137414602270392e-14
1.336998986186960919e-14
1.223327130784115924e-13
2.311607936317239265e-13
3.389818265496502558e-13
4.446604759747452285e-13
5.482588124813836394e-13
6.501203655279175209e-13
7.488315523218602721e-13
8.426936448993616047e-13
9.323485993667501859e-13
1.018752139939071988e-12
1.099976555153647784e-12
1.173812240982952115e-12
1.241516438266199174e-12
1.304664709600444894e-12
1.360882110126859779e-12
1.407558314694967727e-12
1.446548501642108686e-12
1.479985621902213389e-12
1.505183998273817991e-12
1.519330234539539859e-12
1.524784313568228189e-12
1.524090749438489212e-12
1.514482007684836429e-12
1.493227850396516843e-12
1.463009292705652609e-12
1.426545079979968378e-12
1.381289939199337180e-12
1.324930074507457700e-12
1.260192145947913733e-12
1.189659156776434745e-12
1.111337584458471639e-12
1.023659022131306884e-12
9.290610815393396393e-13
8.296482533094728939e-13
7.242923166610182317e-13
6.124548025850107269e-13
4.959406908582042472e-13
3.760520540796452593e-13
2.527915485446563526e-13
1.268641089532604460e-13
-8.646750024192721099e-16
-1.301634987944597088e-13
-2.597174591275480671e-13
-3.874755605346585918e-13
-5.137548372835532007e-13
-6.395792099059272040e-13
-7.622707261407957180e-13
-8.784772497112680600e-13
-9.898432984725702433e-13
-1.098712809101398680e-12
-1.201143676708704700e-12
-1.292686769259476787e-12
-1.376314969110670194e-12
-1.455596060351282972e-12
-1.525585972654563971e-12
-1.581110351152326121e-12
-1.626299897701521946e-12
-1.665669663829250080e-12
-1.693715914047322357e-12
-1.705079762277794675e-12
-1.704694762086345072e-12
-1.697572204334418799e-12
-1.678247493232254417e-12
-1.641823721247603896e-12
-1.593509395617087598e-12
-1.538222782655751519e-12
-1.471210089518115716e-12
-1.388687775882857522e-12
-1.295496912870341966e-12
-1.195818184057673150e-12
-1.086252615634109020e-12
-9.646818933950473962e-13
-8.349278842086083063e-13
-6.998428529400579912e-13
-5.579017066034697159e-13
-4.090213953124310908e-13
-2.554482504430605205e-13
-9.826390596394743437e-14
6.187469292354488837e-14
2.228959069183397701e-13
3.845023258119972809e-13
5.476104595822373078e-13
7.093449634100468248e-13
8.656365012814359883e-13
1.018273681520354135e-12
1.170150239725165076e-12
1.316418436932142999e-12
1.451424809333079491e-12
1.578916684896736200e-12
1.703490430313148174e-12
1.818820701687817731e-12
1.918289312119458856e-12
2.007222513200623837e-12
2.091419919192372134e-12
2.163775452215799255e-12
2.217466444839888418e-12
2.258811410485450644e-12
2.294150980297615661e-12
2.316415288750039991e-12
2.319380148010918852e-12
2.309626231586370260e-12
2.293292725857876135e-12
2.264161948206666608e-12
2.217319427025299383e-12
2.158836260798824291e-12
2.093935485072973002e-12
2.017938984313905060e-12
1.927758517053512755e-12
1.828261283684518013e-12
1.723185721717868102e-12
1.609859489638820751e-12
1.487272653123705712e-12
1.358586095186187226e-12
1.225707794809405282e-12
1.088150511537044896e-12
9.469449963744880350e-13
8.032899974537432985e-13
6.571801479740568830e-13
5.101971362747592664e-13
3.651175770145315136e-13
2.211960540947355280e-13
7.667517066146239957e-14
-6.515510245046207682e-14
-2.002488479939737442e-13
-3.310405606322258665e-13
-4.606796172833271807e-13
-5.846947275303659985e-13
-6.983472502532228621e-13
-8.053305201524696422e-13
-9.097020012283074664e-13
-1.006423893876173814e-12
-1.090664451114387035e-12
-1.166846567285384495e-12
-1.239398774582900487e-12
-1.303330924087853226e-12
-1.354258176954059589e-12
-1.396772671483081929e-12
-1.435153862069937780e-12
-1.464988178510873151e-12
-1.482745783792926986e-12
-1.492673714666159501e-12
-1.498465088990708072e-12
-1.496664988123730389e-12
-1.484839161347561998e-12
-1.466487630115420604e-12
-1.444418694894478161e-12
-1.416341002813403804e-12
-1.380977255292792361e-12
-1.340834236175647565e-12
-1.297697192759184048e-12
-1.250460130407249348e-12
-1.198904582382087636e-12
-1.144465923939852470e-12
-1.087921202777564211e-12
-1.029221521377243764e-12
-9.690030895737056227e-13
-9.076988292944232484e-13
-8.452107286630039518e-13
-7.823253221454773421e-13
-7.202748055108731950e-13
-6.586618186629755733e-13
-5.967171743705146358e-13
-5.357909753887779569e-13
-4.774429007529945590e-13
-4.206697381929636048e-13
-3.642619788701145778e-13
-3.098598309360378611e-13
-2.591053185809627513e-13
-2.106305852390272237e-13
-1.630129814770772678e-13
-1.179398646886792301e-13
-7.693914678540830776e-14
-3.850711389292646447e-14
-1.210279109156925988e-15
3.340556320062179618e-14
6.406100693315264216e-14
9.220153530638611206e-14
1.191143537970784649e-13
1.435210050847526841e-13
1.644590090195754972e-13
1.831756995434100088e-13
2.007139707259700256e-13
2.161198466282127084e-13
2.287525908712534362e-13
2.395842584653612439e-13
2.493761761760554529e-13
2.574949259891157194e-13
2.635800648922992373e-13
2.683125531650898399e-13
2.721849980645563161e-13
2.748410223366026806e-13
2.761382973410358987e-13
2.764952166962181268e-13
2.761793072882101630e-13
2.750504359862182557e-13
2.731190382361525781e-13
2.705911124507853760e-13
2.675629899931419864e-13
2.640455942001102008e-13
2.601411111264467779e-13
2.558982214496963170e-13
2.512958374376039750e-13
2.464354133084600829e-13
2.414590608620231782e-13
2.363127868301034828e-13
2.309086082064037981e-13
2.253882573199222916e-13
2.198939137330532811e-13
2.143196915511264011e-13
2.085557339890145578e-13
2.027447085000896876e-13
1.970022587985745255e-13
1.912132968238597353e-13
1.852796480692267544e-13
1.793201681978343065e-13
1.734143698865070471e-13
1.674676429431684599e-13
1.614115877632618656e-13
1.553347294541707058e-13
1.492866025026504118e-13
1.432046619958757261e-13
1.370516520366946156e-13
1.308896703045361876e-13
1.247485730167252616e-13
1.185935843885793650e-13
1.124096340099009494e-13
1.062395410902396142e-13
1.001022859438774337e-13
9.398148356548272075e-14
8.787472160522169506e-14
8.181194437184569068e-14
7.580627071164178221e-14
6.985208987836735717e-14
6.395341342006061192e-14
5.813065821888216411e-14
5.239425972074218674e-14
4.674539360737146876e-14
4.119087679992951279e-14
3.574692150902676613e-14
3.042784936773540450e-14
2.523834277418784966e-14
2.018349409046299447e-14
1.528156534690364166e-14
1.055507999661023030e-14
6.005142570545980024e-15
1.627797213088976423e-15
-2.555388075824844250e-15
-6.514510068542089805e-15
-1.025933081977986605e-14
-1.380769159626442713e-14
-1.713481583725563751e-14
-2.020611834048415684e-14
-2.304424283772893434e-14
-2.567967235069575777e-14
-2.808660286767947212e-14
-3.023083966859942129e-14
-3.214476482302913718e-14
-3.386646093227717313e-14
-3.537247534809995209e-14
-3.663213870154329033e-14
-3.768137535396613724e-14
-3.855998568949407790e-14
-3.924729871608231835e-14
-3.971564017327816609e-14
-4.000112754595254450e-14
-4.014382549251058196e-14
-4.012550925205915497e-14
-3.992118118825889461e-14
-3.956795150859490628e-14
-3.910751117473104665e-14
-3.852268574662878753e-14
-3.779016487757969056e-14
-3.694905777282438131e-14
-3.604232933157938690e-14
-3.505236465667360690e-14
-3.395798114816210578e-14
-3.279892836819363333e-14
-3.161614511317488441e-14
-3.039231464153219209e-14
-2.911025573696345015e-14
-2.780689903596894608e-14
-2.651751329640645444e-14
-2.522694001665191227e-14
-2.392360533851403681e-14
-2.263873597862630510e-14
-2.140035178688388939e-14
-2.019687721102961242e-14
-1.902120564463601060e-14
-1.789774688317705836e-14
-1.684759204703938779e-14
-1.585848456947622914e-14
-1.492078013335014497e-14
-1.405193015847341562e-14
-1.326692882207833671e-14
-1.254465451059217501e-14
-1.186574913303838075e-14
-1.124348061350274527e-14
-1.068939570512223922e-14
-1.017313335893547943e-14
-9.671000369341868630e-15
-9.198336503016182192e-15
-8.767649895490524370e-15
-8.355639517418876616e-15
-7.954758305241203115e-15
-7.586114320003081030e-15
-7.264030041809633326e-15
-6.993756651417363038e-15
-6.801351423382654207e-15
-6.705260617714337359e-15
-6.712404493591480129e-15
-6.857543589103504492e-15
-7.188176547317116222e-15
-7.701365010938290151e-15
-8.382138943173727402e-15
-9.261630192966812530e-15
-1.036708272803303285e-14
-1.166442380103613688e-14
-1.311409358520755977e-14
-1.470761751591002225e-14
-1.642801597068286462e-14
-1.823060711452547528e-14
-2.007420481741056112e-14
-2.192697249898262202e-14
-2.376550325077723264e-14
-2.557129279102867553e-14
-2.733049721324702641e-14
-2.904725003821488627e-14
-3.074942712022639413e-14
-3.245057759830582977e-14
-3.415999172981867837e-14
-3.594068537790887086e-14
-3.786967755440434624e-14
-3.995327018443267653e-14
-4.218612018416258158e-14
-4.463845336118502094e-14
-4.736792555415370032e-14
-5.033730119470732067e-14
-5.350319864341930576e-14
-5.687715110089947013e-14
-6.044877055508268704e-14
-6.415573232170998508e-14
-6.794269465613955727e-14
-7.177148008937275780e-14
-7.560200024608193514e-14
-7.940039413716765138e-14
-8.314414423876009819e-14
-8.681498852051647286e-14
-9.041095508973556738e-14
-9.394232353826525994e-14
-9.742214494975684480e-14
-1.008754101842861128e-13
-1.043289600218856583e-13
-1.077947816728250241e-13
-1.112809456670256492e-13
-1.147932660386374870e-13
-1.183130741815030529e-13
-1.218208883378354979e-13
-1.253004996851561637e-13
-1.286859751788507755e-13
-1.318841547472485165e-13
-1.348715789658422315e-13
-1.376409701275491115e-13
-1.400794356811591035e-13
-1.420606118634690218e-13
-1.436020356446188195e-13
-1.447422504118403563e-13
-1.453642978557767584e-13
-1.453372741166275572e-13
-1.447238596324895710e-13
-1.436055728542065535e-13
-1.418535292485242905e-13
-1.393103568701065109e-13
-1.360619245310140668e-13
-1.322140910208630116e-13
-1.275990353958797452e-13
-1.220141609276081951e-13
-1.155673457322106690e-13
-1.083919399006393058e-13
-1.002858684767335418e-13
-9.101390702290906853e-14
-8.071969199822948138e-14
-6.957632983205924715e-14
-5.735607030554062957e-14
-4.378962470408254148e-14
-2.905595076064908244e-14
-1.336595459690888971e-14
3.552406629357121245e-15
2.201790995619984370e-14
4.181588547104951592e-14
6.269742618960835734e-14
8.496225641432819664e-14
1.089294941140211970e-13
1.343261981680277106e-13
1.608526408857641199e-13
1.887392152288835945e-13
2.181913639565449814e-13
2.488788255344820399e-13
2.804700644908758589e-13
3.130419643122828166e-13
3.466294634137112585e-13
3.809151616091660530e-13
4.156126668947851543e-13
4.506598815911394551e-13
4.859510146712486822e-13
5.212653225727947870e-13
5.564359194763779382e-13
5.912814183585413108e-13
6.255425322697349966e-13
6.591169667349849881e-13
6.919760446068290438e-13
7.237434393111974451e-13
7.539083289945236466e-13
7.824884403623277862e-13
8.096041740658643793e-13
8.346068519453353485e-13
8.566953028053825303e-13
8.760661467099861710e-13
8.930477342870835056e-13
9.067777453387881881e-13
9.162692306274866638e-13
9.219760371825813650e-13
9.244899767599235041e-13
9.228664924268437098e-13
9.160565101612450079e-13
9.047650866358947219e-13
8.898168118130767024e-13
8.702431136820010238e-13
8.449719331345140194e-13
8.148801728877219652e-13
7.809391154578460004e-13
7.421823030283325462e-13
6.975744851547838188e-13
6.481057552611135808e-13
5.948293073376742512e-13
5.369049931210068127e-13
4.735020426964442475e-13
4.056816189403067430e-13
3.345175427892782549e-13
2.594669542155952913e-13
1.800620335343575129e-13
9.732966250444383127e-14
1.224347077037222717e-14
-7.537161406069234348e-14
-1.655831233845356243e-13
-2.575529579103980060e-13
-3.505557660560959521e-13
-4.444103234284985104e-13
-5.387895533372211165e-13
-6.331534146801487406e-13
-7.271185606741448204e-13
-8.201291208653760378e-13
-9.114321710551598343e-13
-1.000833964315273050e-12
-1.088333199603108703e-12
-1.172978597932528011e-12
-1.253597594653987901e-12
-1.330387622983097984e-12
-1.403763498671051213e-12
-1.472448573659745907e-12
-1.534961610941132371e-12
-1.591927653067648496e-12
-1.644190100909270758e-12
-1.690284522591622984e-12
-1.728567159200999903e-12
-1.760061822848879576e-12
-1.785987048356918461e-12
-1.804804027581707881e-12
-1.814819236729825480e-12
-1.817362016084955734e-12
-1.813916746841448546e-12
-1.802965545957824212e-12
-1.782882001755137225e-12
-1.755195164557243892e-12
-1.721538493357210875e-12
-1.680545784997489189e-12
-1.630808986116671910e-12
-1.573947352659366139e-12
-1.511623400236861148e-12
-1.442754119299061166e-12
-1.366276341195626909e-12
-1.283765953784266056e-12
-1.196774992474891608e-12
-1.104582354402583455e-12
-1.006539469827760769e-12
-9.040398095926105437e-13
-7.983896204745433156e-13
-6.892769232984263805e-13
-5.765183794768924397e-13
-4.612152673666436442e-13
-3.443264824740804864e-13
-2.259891221639137582e-13
-1.065190009764613310e-13
1.335809751929015882e-14
1.331051696813745355e-13
2.521332480905774664e-13
3.696463436991120899e-13
4.853602871175699551e-13
5.992117609390779087e-13
7.102127046187955983e-13
8.171592742745037441e-13
9.202417473874735521e-13
1.019883179645408866e-12
1.114780576877416607e-12
1.203419742329403519e-12
1.286449245740950431e-12
1.364742737222646163e-12
1.436780056908448788e-12
1.500850767451045176e-12
1.558007520739701501e-12
1.609502245022986777e-12
1.653719479063897602e-12
1.688898044853448521e-12
1.716414228629392635e-12
1.737800658582755453e-12
1.751494782542550865e-12
1.755847095323559426e-12
