1.752447687831948375e-12
0.000000000000000000e+00
0.000000000000000000e+00
0.000000000000000000e+00
0.000000000000000000e+00
0.000000000000000000e+00
0.000000000000000000e+00
0.000000000000000000e+00
0.000000000000000000e+00
0.000000000000000000e+00
0.000000000000000000e+00
0.000000000000000000e+00
0.000000000000000000e+00
0.000000000000000000e+00
0.000000000000000000e+00
0.000000000000000000e+00
0.000000000000000000e+00
0.000000000000000000e+00
0.000000000000000000e+00
0.000000000000000000e+00
0.000000000000000000e+00
0.000000000000000000e+00
0.000000000000000000e+00
0.000000000000000000e+00
0.000000000000000000e+00
0.000000000000000000e+00
0.000000000000000000e+00
0.000000000000000000e+00
0.000000000000000000e+00
0.000000000000000000e+00
0.000000000000000000e+00
0.000000000000000000e+00
0.000000000000000000e+00
0.000000000000000000e+00
0.000000000000000000e+00
0.000000000000000000e+00
0.000000000000000000e+00
0.000000000000000000e+00
0.000000000000000000e+00
0.000000000000000000e+00
0.000000000000000000e+00
0.000000000000000000e+00
0.000000000000000000e+00
0.000000000000000000e+00
0.000000000000000000e+00
0.000000000000000000e+00
0.000000000000000000e+00
0.000000000000000000e+00
0.000000000000000000e+00
0.000000000000000000e+00
0.000000000000000000e+00
0.000000000000000000e+00
0.000000000000000000e+00
0.000000000000000000e+00
0.000000000000000000e+00
0.000000000000000000e+00
0.000000000000000000e+00
0.000000000000000000e+00
0.000000000000000000e+00
0.000000000000000000e+00
0.000000000000000000e+00
0.000000000000000000e+00
0.000000000000000000e+00
0.000000000000000000e+00
0.000000000000000000e+00
0.000000000000000000e+00
0.000000000000000000e+00
0.000000000000000000e+00
0.000000000000000000e+00
0.000000000000000000e+00
0.000000000000000000e+00
0.000000000000000000e+00
0.000000000000000000e+00
0.000000000000000000e+00
0.000000000000000000e+00
0.000000000000000000e+00
0.000000000000000000e+00
0.000000000000000000e+00
0.000000000000000000e+00
0.000000000000000000e+00
0.000000000000000000e+00
0.000000000000000000e+00
0.000000000000000000e+00
0.000000000000000000e+00
0.000000000000000000e+00
0.000000000000000000e+00
0.000000000000000000e+00
0.000000000000000000e+00
0.000000000000000000e+00
0.000000000000000000e+00
0.000000000000000000e+00
0.000000000000000000e+00
0.000000000000000000e+00
0.000000000000000000e+00
0.000000000000000000e+00
0.000000000000000000e+00
0.000000000000000000e+00
0.000000000000000000e+00
0.000000000000000000e+00
0.000000000000000000e+00
0.000000000000000000e+00
0.000000000000000000e+00
0.000000000000000000e+00
0.000000000000000000e+00
0.000000000000000000e+00
0.000000000000000000e+00
0.000000000000000000e+00
0.000000000000000000e+00
0.000000000000000000e+00
0.000000000000000000e+00
0.000000000000000000e+00
0.000000000000000000e+00
0.000000000000000000e+00
0.000000000000000000e+00
0.000000000000000000e+00
0.000000000000000000e+00
0.000000000000000000e+00
0.000000000000000000e+00
0.000000000000000000e+00
0.000000000000000000e+00
0.000000000000000000e+00
0.000000000000000000e+00
0.000000000000000000e+00
0.000000000000000000e+00
0.000000000000000000e+00
0.000000000000000000e+00
0.000000000000000000e+00
0.000000000000000000e+00
0.000000000000000000e+00
0.000000000000000000e+00
0.000000000000000000e+00
0.000000000000000000e+00
0.000000000000000000e+00
0.000000000000000000e+00
0.000000000000000000e+00
0.000000000000000000e+00
0.000000000000000000e+00
0.000000000000000000e+00
0.000000000000000000e+00
0.000000000000000000e+00
0.000000000000000000e+00
0.000000000000000000e+00
0.000000000000000000e+00
0.000000000000000000e+00
0.000000000000000000e+00
0.000000000000000000e+00
0.000000000000000000e+00
0.000000000000000000e+00
0.000000000000000000e+00
0.000000000000000000e+00
0.000000000000000000e+00
0.000000000000000000e+00
0.000000000000000000e+00
0.000000000000000000e+00
0.000000000000000000e+00
0.000000000000000000e+00
0.000000000000000000e+00
0.000000000000000000e+00
0.000000000000000000e+00
0.000000000000000000e+00
0.000000000000000000e+00
0.000000000000000000e+00
0.000000000000000000e+00
0.000000000000000000e+00
0.000000000000000000e+00
0.000000000000000000e+00
0.000000000000000000e+00
0.000000000000000000e+00
0.000000000000000000e+00
0.000000000000000000e+00
0.000000000000000000e+00
0.000000000000000000e+00
0.000000000000000000e+00
0.000000000000000000e+00
0.000000000000000000e+00
0.000000000000000000e+00
0.000000000000000000e+00
0.000000000000000000e+00
0.000000000000000000e+00
0.000000000000000000e+00
0.000000000000000000e+00
0.000000000000000000e+00
0.000000000000000000e+00
0.000000000000000000e+00
0.000000000000000000e+00
0.000000000000000000e+00
0.000000000000000000e+00
0.000000000000000000e+00
0.000000000000000000e+00
0.000000000000000000e+00
0.000000000000000000e+00
0.000000000000000000e+00
0.000000000000000000e+00
0.000000000000000000e+00
0.000000000000000000e+00
0.000000000000000000e+00
-2.802596928649634142e-45
-8.407790785948902426e-45
-1.681558157189780485e-44
-2.802596928649634142e-44
-4.624284932271896334e-44
-6.866362475191603648e-44
-9.388699710976274375e-44
-1.261168617892335364e-43
-1.681558157189780485e-43
-2.101947696487225606e-43
-2.466285297211678045e-43
-3.026804682941604873e-43
-4.287973300833940237e-43
-6.067622350526457917e-43
-7.637076630570253037e-43
-9.542842542052004253e-43
-1.327029645715601766e-42
-1.823089302086587009e-42
-2.221058065954835057e-42
-2.673677469931750971e-42
-3.567705890170984263e-42
-4.740592704810856151e-42
-5.592582171120344930e-42
-6.500623576002826392e-42
-8.277470028766694438e-42
-1.046629823004205870e-41
-1.169944087864789773e-41
-1.276302641307043388e-41
-1.514102990702964845e-41
-1.787216061399871692e-41
-1.846771246133676418e-41
-1.820707094697234820e-41
-1.897358120695802314e-41
-1.919919025971431869e-41
-1.575479863440391833e-41
-1.005711907845921212e-41
-2.732532005433393288e-42
7.673510390642698280e-42
2.178598722485793100e-41
3.964833874960637420e-41
6.617912257466813581e-41
1.001157687836865556e-40
1.316337738432803412e-40
1.660482628286335236e-40
2.211907586982794002e-40
2.880242876557872256e-40
3.335706916417367548e-40
3.747898859698512490e-40
4.505272653696789620e-40
5.380593739437286604e-40
5.700776425550864056e-40
5.826556975708659636e-40
6.386613932945359275e-40
6.995954557172362730e-40
6.670531014802210462e-40
6.001831387626407756e-40
5.775297477883657828e-40
5.511432977051294773e-40
4.179400695818053410e-40
2.548723685867907033e-40
1.375822858243391897e-40
2.009602127688220161e-41
-1.694744375739077014e-40
-3.525036351932293583e-40
-4.716882734794480246e-40
-5.679658857693489063e-40
-6.762778492708713170e-40
-7.337100668312239446e-40
-6.959254550391695771e-40
-6.142773987168197857e-40
-5.374203818439965438e-40
-4.176920397536198484e-40
-1.971626939305017619e-40
4.377236013011431084e-41
1.792148631994295048e-40
2.689750363317556623e-40
4.018952021652861856e-40
4.816935445147272185e-40
3.295447611537315554e-40
4.590513639281668243e-41
-2.813919420241378664e-40
-7.155464361366456657e-40
-1.343162794935373385e-39
-2.046761760365185660e-39
-2.823984947110623825e-39
-3.675161660310804210e-39
-4.457400094260060895e-39
-5.130281196053408855e-39
-5.864644267969008164e-39
-6.628028231080774435e-39
-7.068565639698281776e-39
-7.318354097456502043e-39
-7.762379337951713854e-39
-8.352785617328760381e-39
-8.617898675092836848e-39
-8.865477285172816878e-39
-9.705987314462556756e-39
-1.097672960346315927e-38
-1.198588870553131953e-38
-1.315250330824487354e-38
-1.535527863313566271e-38
-1.818877139032673042e-38
-2.049560293528288753e-38
-2.279774153168202082e-38
-2.628555379120798997e-38
-3.041569604340809741e-38
-3.369877579469928213e-38
-3.674263147735479137e-38
-4.084560255233164061e-38
-4.576198814949204506e-38
-5.067247708271457069e-38
-5.577934678532450482e-38
-6.154786478123775918e-38
-6.875334148479596856e-38
-7.942454318148545932e-38
-9.166544018155460906e-38
-1.025436921341388775e-37
-1.154600093888187318e-37
-1.401030984473946750e-37
-1.684948626850183667e-37
-1.880431556285529984e-37
-2.091666425706412997e-37
-2.613282627158122815e-37
-3.213921300025546303e-37
-3.519548082418857577e-37
-3.809941741570063776e-37
-4.868870032520447117e-37
-6.100379103428514841e-37
-6.523439405495085918e-37
-6.823522651163528216e-37
-8.930449553458069908e-37
-1.139607029888602655e-36
-1.181335231870898496e-36
-1.176989188761702935e-36
-1.577657413991626311e-36
-2.046054855736678506e-36
-2.018149420538889528e-36
-1.848778578157852432e-36
-2.553883087447347576e-36
-3.375788177919736289e-36
-3.043363053377778929e-36
-2.329985816053520366e-36
-3.454640072075984626e-36
-4.774283507217293425e-36
-3.526019928929597029e-36
-1.344336690684907571e-36
-2.912882211859006475e-36
-4.758362604268122300e-36
-1.039945158493092480e-36
4.920298717516837647e-36
3.573918956091719922e-36
2.025955975810929082e-36
1.211741677662883892e-35
2.708012681297264056e-35
2.781690864935192936e-35
2.801510112949789415e-35
5.057086325861019461e-35
8.237569389031183309e-35
8.729425383185258565e-35
9.218987785822787990e-35
1.421922506970275595e-34
2.151488484033320438e-34
2.467943731477921169e-34
2.880652910389414463e-34
4.191808263257469354e-34
5.912241132134333802e-34
6.769462581454313538e-34
7.453309175110064036e-34
9.134524154530139128e-34
1.091038846971048628e-33
1.076610112992185839e-33
1.029275343207472429e-33
1.250024917097243804e-33
1.739031669065269303e-33
2.327693893360131281e-33
3.422888204696832854e-33
5.476454060380321948e-33
8.067651359195585097e-33
1.023249465291569677e-32
1.146520472189632060e-32
1.102469703013329952e-32
7.499904485479713301e-33
-4.980785377850003451e-34
-1.239863980662934414e-32
-2.460723009472155641e-32
-3.111912643554735221e-32
-2.426137761619056151e-32
7.806729082195469730e-33
7.494387743554510453e-32
1.725108489492756255e-31
2.836947940427055579e-31
3.753800150028876482e-31
3.860956334258874896e-31
2.435774993279555134e-31
-1.211181183818901334e-31
-7.592265985972338716e-31
-1.611492916785215339e-30
-2.434854111005120954e-30
-2.853010365434431644e-30
-2.310432641908437044e-30
-1.920437211934148550e-31
3.750276112004659330e-30
9.397515730643139770e-30
1.598106575197147260e-29
2.127226938468374502e-29
2.179974398063218261e-29
1.341062786559335543e-29
-8.574869801225822501e-30
-4.598365682473208659e-29
-9.359946103642836482e-29
-1.405740238638753748e-28
-1.676159941759544010e-28
-1.457054114223899639e-28
-4.784014495756201017e-29
1.487294945840046492e-28
4.539582990378418305e-28
8.254579075067441579e-28
1.150847719767353649e-27
1.266837332150561025e-27
9.468407015132191105e-28
-2.913090013360326051e-29
-1.720295130144105223e-27
-4.047554015609647619e-27
-6.677136717060348556e-27
-8.753464841920716922e-27
-9.028399045201772389e-27
-5.989469948907275284e-27
2.035411550598867101e-27
1.567714678450987533e-26
3.331736160571059447e-26
5.156794522637442740e-26
6.429562736792444815e-26
6.217886087720776987e-26
3.600386747778359342e-26
-2.319373858643028838e-26
-1.213768875645215058e-25
-2.494692740594796207e-25
-3.781524803945933412e-25
-4.623456080046655905e-25
-4.365417212758534128e-25
-2.297884517212830722e-25
1.979906889010368500e-25
8.635479877522346927e-25
1.727624117880514853e-24
2.610383925510888915e-24
3.201757644629572825e-24
3.085138364858487597e-24
1.743431312699333487e-24
-1.194835351103295690e-24
-5.678050401825315237e-24
-1.133782920736390140e-23
-1.721280295695953781e-23
-2.135836641037001270e-23
-2.128689719007879947e-23
-1.397909802339032445e-23
3.715704863116040732e-24
3.261416670536541240e-23
6.964045138629366914e-23
1.087140699299856387e-22
1.389495559488455462e-22
1.442937288611451204e-22
1.085031853219147161e-22
1.386024666168791637e-23
-1.537087017234237534e-22
-3.853861433994852771e-22
-6.436703614174879881e-22
-8.675875574878369568e-22
-9.637535640972702580e-22
-8.213729302163692012e-22
-3.519841318417447775e-22
5.275051026517936615e-22
1.848485732249975827e-21
3.464234828752780741e-21
5.047263439032858176e-21
6.108820912170741259e-21
5.970315819388558956e-21
3.962077196268228400e-21
-3.192087409000139156e-22
-7.159027674002678182e-21
-1.637745396110109796e-20
-2.660090226907074552e-20
-3.544121250438509892e-20
-3.949552841688865937e-20
-3.436133467704565686e-20
-1.635841749790244107e-20
1.604601626058302446e-20
6.329692029771751125e-20
1.224485542025962357e-19
1.833476071514932311e-19
2.305762597070326147e-19
2.426888205130114526e-19
1.932941050506224681e-19
6.321181762985258296e-20
-1.525917265823674769e-19
-4.516697725705456047e-19
-8.100986091207716695e-19
-1.163431392712211669e-18
-1.420890220995999272e-18
-1.457151234110909777e-18
-1.122393928547690275e-18
-3.170142297251687745e-19
9.780954760126882399e-19
2.740508099211671952e-18
4.826183629579414863e-18
6.873593784810454714e-18
8.389304650001596671e-18
8.687806836111770109e-18
6.954241412992537253e-18
2.653935169506718937e-18
-4.345791457804037340e-18
-1.399491492819074037e-17
-2.562397088174916374e-17
-3.743448875500579500e-17
-4.695411668690701527e-17
-5.068458213551296245e-17
-4.438798074236335921e-17
-2.509151472144877982e-17
8.445910273679825461e-18
5.695141164405555711e-17
1.183736352372867224e-16
1.850296357069328070e-16
2.458450131330154696e-16
2.847184255769491090e-16
2.812814835143463785e-16
2.194125691554467774e-16
8.918311301711511949e-17
-1.196386789440110200e-16
-4.067675088259396516e-16
-7.456690967915294548e-16
-1.093601485342948591e-15
-1.385957130549256896e-15
-1.534842229270513402e-15
-1.458536736821517722e-15
-1.090137226467796910e-15
-3.445689265969907166e-16
8.355746031811993844e-16
2.399681185504638423e-15
4.233757814546112302e-15
6.156004644166128068e-15
7.880359166319121644e-15
9.078156927360900297e-15
9.435776778790507663e-15
8.519185485907684180e-15
5.919641794300710066e-15
1.584273378006379861e-15
-4.320616384605830904e-15
-1.148461649402594126e-14
-1.921285531928176860e-14
-2.639325695117603759e-14
-3.174161102145398039e-14
-3.333262688759962289e-14
-2.891445560087614608e-14
-1.699847063780200729e-14
3.652500512734161917e-15
3.483716746609417936e-14
7.770603686332519522e-14
1.314231519835076800e-13
1.949588223065096271e-13
2.666707187102407284e-13
3.435102137634704622e-13
4.221056826552577190e-13
5.000344214210750149e-13
5.731541543457785437e-13
6.370577351234862906e-13
6.908160567024868026e-13
7.351126543424235660e-13
7.696100159070018432e-13
7.956001851251726098e-13
8.177806305395551867e-13
8.408781483615346275e-13
8.704668388002934076e-13
9.131041192253497307e-13
9.730181070588539427e-13
1.052741661206058055e-12
1.156000642432708503e-12
1.284706499168897231e-12
1.435557618958971382e-12
1.605259219820964756e-12
1.790017461512916075e-12
1.983878773065272938e-12
2.181378992369142900e-12
2.380156184991766288e-12
2.576235015247507754e-12
2.766214991442583759e-12
2.952263867400661823e-12
3.138814295283731681e-12
3.329226217624325912e-12
3.527903446806646137e-12
3.740422901965523295e-12
3.971335846980617035e-12
4.224162252625118796e-12
4.500512809646473045e-12
4.798304548830900629e-12
5.114953165880065100e-12
5.445663017744628576e-12
5.783195103359339839e-12
6.121261483804651959e-12
6.456091737605529346e-12
6.781425247737171702e-12
7.091554773963615332e-12
7.386647717100291999e-12
7.668312165809432202e-12
7.936522966600634277e-12
8.192291463260392703e-12
8.438248363940026309e-12
8.674894136362354402e-12
8.901079526224542349e-12
9.114378522745436584e-12
9.310388397743007971e-12
9.482583121500631762e-12
9.622591785884981874e-12
9.721753783942244098e-12
9.773703547877321540e-12
9.771073707087740701e-12
9.706526381270119685e-12
9.575855733356952726e-12
9.378444201790792079e-12
9.109915079241748259e-12
8.768779972967433167e-12
8.356914986407115720e-12
7.873846540051854248e-12
7.312238488321742835e-12
6.669669590925186853e-12
5.946344545232351564e-12
5.137603450305894270e-12
4.232077795846000967e-12
3.226197954619980379e-12
2.121560956427903655e-12
9.161668819424040322e-13
-3.990481718934429933e-13
-1.820622862538923137e-12
-3.337800522085210275e-12
-4.947736664817625751e-12
-6.656624036704972269e-12
-8.454175727534707363e-12
-1.032404110118401164e-11
-1.226398930326277892e-11
-1.428028962441318939e-11
-1.636065588561663731e-11
-1.848749278665628992e-11
-2.065808635265398152e-11
-2.287546541079876761e-11
-2.512252038344708893e-11
-2.737658016949140460e-11
-2.963038842063170364e-11
-3.188022068556506383e-11
-3.410227655820108339e-11
-3.626984476645667144e-11
-3.837428638742146347e-11
-4.040697290652595086e-11
-4.234332329211554224e-11
-4.416024143583108241e-11
-4.585037211013442970e-11
-4.740040651651789005e-11
-4.878864326429699361e-11
-4.999809941064192742e-11
-5.102039277171677156e-11
-5.183561219146426424e-11
-5.242530021210001223e-11
-5.277958278759875554e-11
-5.289029630928254733e-11
-5.273292913443583529e-11
-5.229721170008083675e-11
-5.158648855307923498e-11
-5.059616614566664339e-11
-4.930023403404426574e-11
-4.770172104540115754e-11
-4.582042731349211806e-11
-4.365436484521367788e-11
-4.117691951299740083e-11
-3.840442547309308452e-11
-3.537105330853052010e-11
-3.207679954986275561e-11
-2.849709357377605556e-11
-2.466153149749406026e-11
-2.061775403183752076e-11
-1.636956716011273016e-11
-1.189834602371986350e-11
-7.246895358109517460e-12
-2.473787450926745457e-12
2.414407215822755859e-12
7.428756394756153014e-12
1.251801353546744267e-11
1.762038778774233094e-11
2.272869219221984594e-11
2.784520704290915916e-11
3.291667285965083067e-11
3.788565294815526840e-11
4.274410339566436789e-11
4.748381896013675885e-11
5.205496450555457955e-11
5.641073372308902378e-11
6.054308443470546308e-11
6.443389571897384371e-11
6.804360547230103862e-11
7.134358381843952657e-11
7.432776616411729265e-11
7.697006226825564568e-11
7.924760847544121134e-11
8.115519367635215531e-11
8.268851575676805510e-11
8.381514926547595223e-11
8.453190231128004939e-11
8.485778746347705237e-11
8.478987650883951233e-11
8.429237169371717187e-11
8.338268964180883813e-11
8.210287311127828502e-11
8.045195759587286943e-11
7.839458249225828013e-11
7.596762802153378402e-11
7.323214951115986082e-11
7.018832737237801211e-11
6.680409003756437869e-11
6.313099348842499126e-11
5.924132712165075532e-11
5.513528869571793223e-11
5.078672898894964760e-11
4.625539187785854267e-11
4.161633884725013388e-11
3.686980581951715408e-11
3.199801881792474489e-11
2.706218235615232004e-11
2.213197854150639188e-11
1.720730676002535375e-11
1.227969809169948689e-11
7.404548328648896671e-12
2.638242272215429729e-12
-2.020188703821812481e-12
-6.569964624419943888e-12
-1.096761743923924115e-11
-1.517552576657532626e-11
-1.919498240909867093e-11
-2.301652098080086972e-11
-2.661218467814308042e-11
-2.996533229882025751e-11
-3.307712437283782947e-11
-3.593107755772706469e-11
-3.851642615959605109e-11
-4.083752086492253852e-11
-4.289528801604269859e-11
-4.466855357820875838e-11
-4.616325377515551054e-11
-4.740205450382006802e-11
-4.838499739756585427e-11
-4.908839654205188197e-11
-4.953198268209391131e-11
-4.975174786037150909e-11
-4.974650205658015523e-11
-4.949241710905383229e-11
-4.901900760301280968e-11
-4.837010306180111741e-11
-4.754346569213474538e-11
-4.651732818383713663e-11
-4.532655847877542499e-11
-4.401719960744898685e-11
-4.258602498419250537e-11
-4.101474715412223304e-11
-3.933892447904874246e-11
-3.760151218168417131e-11
-3.579840243683740653e-11
-3.391560643439817113e-11
-3.198549064498124039e-11
-3.004408527518265259e-11
-2.808693902456305125e-11
-2.610492898236227433e-11
-2.412471611368260938e-11
-2.217337771726057838e-11
-2.024695688884747824e-11
-1.834140304912690311e-11
-1.647631683865391494e-11
-1.466909579916908513e-11
-1.291669375624859839e-11
-1.121930933573045408e-11
-9.588853149000708953e-12
-8.033222524683747423e-12
-6.549768973712621900e-12
-5.141310120693187713e-12
-3.812391374813373091e-12
-2.562561707969424063e-12
-1.389655534742018084e-12
-2.986651453495275943e-13
7.116635839660157004e-13
1.647751596625668391e-12
2.510065289298979430e-12
3.291525255480487466e-12
3.997333714034212448e-12
4.637449712435737226e-12
5.211075061045677970e-12
5.710849761836334082e-12
6.144618668046941679e-12
6.524278079594880708e-12
6.849059080299424451e-12
7.112424364741354310e-12
7.323366739420134053e-12
7.494089550308391523e-12
7.623325581906925663e-12
7.704917433237756796e-12
7.747673162750157161e-12
7.762745307671181649e-12
7.748309806265840649e-12
7.699165957553155692e-12
7.623357674291231234e-12
7.530414659895345864e-12
7.418734029873697011e-12
7.284427401554882664e-12
7.134171725597937552e-12
6.975421976140872005e-12
6.806582641266656353e-12
6.624674767086169425e-12
6.434793236448355103e-12
6.242340845619143153e-12
6.045990531139411317e-12
5.843911292380266076e-12
5.639822810155070698e-12
5.437376243699887368e-12
5.235538565184771898e-12
5.033060773707020985e-12
4.832199744508880457e-12
4.634920919288632035e-12
4.440003920080926036e-12
4.246486409037464327e-12
4.055586162038382625e-12
3.868179214439049218e-12
3.683526140357828993e-12
3.501454985330165748e-12
3.322622992713020196e-12
3.147325282337742891e-12
2.975214909509138472e-12
2.806277345918095634e-12
2.640630552760980798e-12
2.478092167232381904e-12
2.318141772289505909e-12
2.160656202565558459e-12
2.005545469280223259e-12
1.852477589728285245e-12
1.701089789862830770e-12
1.551446471292905471e-12
1.403433684370181123e-12
1.256726710543998315e-12
1.111157606897839045e-12
9.668970268536525303e-13
8.238828456269553513e-13
6.819306946383163481e-13
5.411184738138286043e-13
4.018268736413060926e-13
2.641743703131471666e-13
1.281815907756833628e-13
-5.883339656247285263e-15
-1.375240931333551742e-13
-2.665305584743926648e-13
-3.928034113254152970e-13
-5.159299636819936197e-13
-6.351653144415214669e-13
-7.502060496260287703e-13
-8.608976162158277212e-13
-9.665061719704715060e-13
-1.065941931076286320e-12
-1.158955635453817745e-12
-1.245524516857443587e-12
-1.324756493739642771e-12
-1.395322984758251561e-12
-1.457157636740313844e-12
-1.510484337434447877e-12
-1.554204790039925843e-12
-1.586675886164345961e-12
-1.608103407380045979e-12
-1.619080412275375469e-12
-1.618449623451423403e-12
-1.604488785757196556e-12
-1.577857527794435111e-12
-1.539668566252760940e-12
-1.488850926226192861e-12
-1.423665981110933121e-12
-1.345229700203121048e-12
-1.255142691169996993e-12
-1.152448362434776996e-12
-1.035581126060391988e-12
-9.061502633314622024e-13
-7.662384182011150457e-13
-6.152582783525151200e-13
-4.520737083291148650e-13
-2.786856032402362793e-13
-9.748384960589842607e-14
9.173829637566452422e-14
2.896032751716764997e-13
4.939023907739314989e-13
7.021647261025443232e-13
9.140983326175189383e-13
1.129591862755741083e-12
1.346442380333046085e-12
1.562381625984377020e-12
1.776615530038605506e-12
1.988311642067697171e-12
2.195601556467807747e-12
2.396768330678589187e-12
2.590590936213388318e-12
2.775502484092529087e-12
2.950212773730753746e-12
3.113805220611443048e-12
3.264674988678883949e-12
3.400636326353345673e-12
3.521246879148454134e-12
3.626642389176204517e-12
3.715059076342397404e-12
3.783928899381283628e-12
3.833802199315616832e-12
3.865943155878515114e-12
3.878540284080189693e-12
3.868836240955575434e-12
3.838394446037396435e-12
3.789563281231256298e-12
3.720697795001060015e-12
3.629186794834593499e-12
3.517524813090311397e-12
3.388958601593938802e-12
3.242154808513753039e-12
3.074864148022715682e-12
2.890250972581442923e-12
2.692113025559716988e-12
2.479524181461800758e-12
2.250838187708992244e-12
2.009576966638393358e-12
1.759701759307397140e-12
1.500786040581347791e-12
1.231922983763178436e-12
9.565945041298262730e-13
6.784735533810204444e-13
3.975876431468877703e-13
1.137956645146792622e-13
-1.698394300631705933e-13
-4.503253510108190527e-13
-7.272177651729272441e-13
-9.999213913466920012e-13
-1.266111239288381096e-12
-1.523778499212813387e-12
-1.772184395759657249e-12
-2.010153762194155647e-12
-2.236319636417238854e-12
-2.449823113467863855e-12
-2.649771461277206086e-12
-2.834604729759493402e-12
-3.003990285688207251e-12
-3.158225200458608661e-12
-3.296416091480569577e-12
-3.416864447630674206e-12
-3.520212983956771957e-12
-3.607768164076707862e-12
-3.678783406374508402e-12
-3.731662548411840419e-12
-3.767834134971170812e-12
-3.789343838711545231e-12
-3.795715044357939050e-12
-3.785675765921592273e-12
-3.761162388482564012e-12
-3.724611331162863692e-12
-3.675900295957434949e-12
-3.614246055216874254e-12
-3.541766489464914791e-12
-3.460914714537022263e-12
-3.371969370391525445e-12
-3.274743106893018840e-12
-3.171213725644550507e-12
-3.063507347106364520e-12
-2.952307235487561243e-12
-2.838052275827562809e-12
-2.722305670818658818e-12
-2.606598747609267797e-12
-2.491978628657576245e-12
-2.379468583973975981e-12
-2.270027265119378690e-12
-2.164428575604504523e-12
-2.064000663090648224e-12
-1.970244713905833223e-12
-1.883427224944056455e-12
-1.803522717454264512e-12
-1.732033895647522304e-12
-1.670790567530333615e-12
-1.619393204602137537e-12
-1.577099128374781500e-12
-1.545448664874715661e-12
-1.526403461092618041e-12
-1.519021779021467733e-12
-1.522024368517949089e-12
-1.536824703954331461e-12
-1.565298455089014773e-12
-1.606177864321711724e-12
-1.657917076194892481e-12
-1.721627397935354686e-12
-1.798868237527784242e-12
-1.888319795667614542e-12
-1.988485981777032841e-12
-2.099965383875468383e-12
-2.223746360663358956e-12
-2.358769863458620719e-12
-2.503941715428781301e-12
-2.659119018727507111e-12
-2.824457247946332572e-12
-2.999501688694117263e-12
-3.183926646638246538e-12
-3.376576579103285347e-12
-3.576482426187466146e-12
-3.784138800921876822e-12
-4.000348229754591145e-12
-4.222640032774949148e-12
-4.448623327352185797e-12
-4.680089215475247144e-12
-4.919319292195911686e-12
-5.162212237536101256e-12
-5.404656323176881827e-12
-5.650069821727665698e-12
-5.902528032314391382e-12
-6.155977203686768817e-12
-6.404293328293730880e-12
-6.652821089164762114e-12
-6.907719188320449177e-12
-7.160667024608269315e-12
-7.403237745062796193e-12
-7.642968723187149038e-12
-7.888341022055378460e-12
-8.128441496280114364e-12
-8.352231233021978341e-12
-8.569658871415697377e-12
-8.791738170810248221e-12
-9.004652058719475605e-12
-9.194463766737381860e-12
-9.373728356021349128e-12
-9.556158815648974070e-12
-9.724775672237395696e-12
-9.862523124570810040e-12
-9.984690158004738691e-12
-1.010776618654007919e-11
-1.021149744623306432e-11
-1.027565792871554251e-11
-1.031829743175505243e-11
-1.035862194631587130e-11
-1.037322398117490607e-11
-1.033889206886184908e-11
-1.027626074512344445e-11
-1.020696721587555089e-11
-1.010483537122741637e-11
-9.944090689772977498e-12
-9.747520499092665602e-12
-9.538637241179870330e-12
-9.289177933802239551e-12
-8.971496288923130891e-12
-8.609794301117634774e-12
-8.228607031868229171e-12
-7.798595970387456333e-12
-7.291276089838039098e-12
-6.731222350342402905e-12
-6.142808050418890886e-12
-5.497118819169921622e-12
-4.766365687552953645e-12
-3.974112271903917915e-12
-3.143024686000361889e-12
-2.246708027953125963e-12
-1.260181629186840624e-12
-2.042105362847629335e-13
9.022143926049053242e-13
2.080272802976179669e-12
3.349480848929831112e-12
4.694128766247196438e-12
6.101315633277870631e-12
7.583835469338051638e-12
9.152693360159336322e-12
1.079994687430696487e-11
1.252160007625402471e-11
1.431856716527235562e-11
1.619001981090217868e-11
1.813880642909104779e-11
2.017287031863546076e-11
2.227753398420517783e-11
2.443663500717452308e-11
2.666690826491624478e-11
2.899123822952542895e-11
3.137557574861560283e-11
3.378493665384674216e-11
3.625283406805124287e-11
3.881974255937059581e-11
4.142877707558056954e-11
4.402305256445693260e-11
4.665527686409376429e-11
4.938552691791109339e-11
5.213151785254943604e-11
5.481240461513436912e-11
5.750169784768388581e-11
6.028010035574737913e-11
6.303893518300185406e-11
6.567289073666771060e-11
6.827667597963937851e-11
7.095133508494555485e-11
7.356280862236275198e-11
7.598278950471382132e-11
7.832594295376082982e-11
8.071160406686317401e-11
8.298377263127321157e-11
8.499476816803408497e-11
8.687596475542846974e-11
8.876085977327363707e-11
9.047748661394905412e-11
9.186496702229263178e-11
9.306583975687843235e-11
9.422134600312048747e-11
9.515253862613093361e-11
9.569407072307356543e-11
9.599185335495974414e-11
9.618642687891920673e-11
9.610357648570655442e-11
9.558480396076873831e-11
9.476961576604381321e-11
9.378764431744457397e-11
9.248350696378082603e-11
9.071872419941229282e-11
8.861506667345864230e-11
8.627999703580968571e-11
8.359233444332758722e-11
8.044757915381950397e-11
7.693770620598172627e-11
7.313635808081642153e-11
6.897189763765965154e-11
6.438743982428718482e-11
5.943320835477550190e-11
5.413806208887095295e-11
4.849375415116874422e-11
4.250297683250359171e-11
3.616364152581041935e-11
2.945068147686136228e-11
2.243017750702680502e-11
1.517338164835901893e-11
7.617947939131397561e-12
-3.210947133180930280e-13
-8.496986100836600997e-12
-1.676540156703154594e-11
-2.525298546662835264e-11
-3.410645377233123554e-11
-4.309803208757401194e-11
-5.201149580469355271e-11
-6.103701571946729132e-11
-7.038002125536735321e-11
-7.973846583020360868e-11
-8.883176139118376113e-11
-9.790746685611750877e-11
-1.072215372044382775e-10
-1.164116650298474553e-10
-1.251468234597652440e-10
-1.337203542339793216e-10
-1.424254880699749037e-10
-1.508603936217767227e-10
-1.586631798167204010e-10
-1.661563109323083154e-10
-1.736526339390920270e-10
-1.807370503259519978e-10
-1.870408411486224054e-10
-1.928948806240171621e-10
-1.986108361107241649e-10
-2.037900265206005201e-10
-2.080836752904602349e-10
-2.118078629154140913e-10
-2.152508032926547799e-10
-2.180611663460396699e-10
-2.199370408018097578e-10
-2.211561628273628344e-10
-2.219616435095161933e-10
-2.220783279494042972e-10
-2.212757338471149637e-10
-2.197714787932625313e-10
-2.177444891060531518e-10
-2.150197381256546691e-10
-2.114577263290229325e-10
-2.071980503837167475e-10
-2.023408801621329189e-10
-1.968277069108737010e-10
-1.906225455261534307e-10
-1.837748841992947746e-10
-1.762975460062321531e-10
-1.682554928716939457e-10
-1.597204590808587454e-10
-1.506467867118388426e-10
-1.409583144651449516e-10
-1.308401442745577015e-10
-1.204665950327310497e-10
-1.096995619342955308e-10
-9.837962389180887612e-11
-8.679804097688759157e-11
-7.521789441300441581e-11
-6.341894370764933342e-11
-5.117085574712909590e-11
-3.884813304377843224e-11
-2.678143817824718553e-11
-1.468553577355091733e-11
-2.277263013578112449e-12
1.001505389036649873e-11
2.181920963351124954e-11
3.346325300190855501e-11
4.526133981497260095e-11
5.676449588154497405e-11
6.758785198179850795e-11
7.807756524647047058e-11
8.855558647491434954e-11
9.858668742479537173e-11
1.078027528356173548e-10
1.165431223748569778e-10
1.251150294478975411e-10
1.331289384287615007e-10
1.402596927491117640e-10
1.468164062545795900e-10
1.530712223640762204e-10
1.587055348251098508e-10
1.634568591590834785e-10
1.675841687642787292e-10
1.713082037335666996e-10
1.743978711443716634e-10
1.766660290281052426e-10
1.783075631589525756e-10
1.794813880851009458e-10
1.800527227313608591e-10
1.799161791771197727e-10
1.791956166785624305e-10
1.779840164140011893e-10
1.762435197782963314e-10
1.739494798203011783e-10
1.711538410997803794e-10
1.678847894037716060e-10
1.641926872242294166e-10
1.601246218951857259e-10
1.556650502942957814e-10
1.507833302660799291e-10
1.456020720658202094e-10
1.402261917693436999e-10
1.345824562903885635e-10
1.285915263160575250e-10
1.224293166846024405e-10
1.162428278633775847e-10
1.099146329508471354e-10
1.033295463082062327e-10
9.669635231412954113e-11
9.018696206508636237e-11
8.365436121593461394e-11
7.696084741715125688e-11
7.032709137266834887e-11
6.393272022897633633e-11
5.761581836627449604e-11
5.122907653642982950e-11
4.498690309162611811e-11
3.906252751817440583e-11
3.329304887333961460e-11
2.753337662031452027e-11
2.197800448577869048e-11
1.678317554376640430e-11
1.179624540409429656e-11
6.883535842022725504e-12
2.209410822698321120e-12
-2.095075198396689764e-12
-6.164410995546099059e-12
-1.011461747690844959e-11
-1.381760504626239339e-11
-1.717167033565836221e-11
-2.028769340023384160e-11
-2.325993911367341127e-11
-2.599707601969036830e-11
-2.842621277254764323e-11
-3.063182693607835461e-11
-3.268468481976150031e-11
-3.452715197083122689e-11
-3.611275514736611569e-11
-3.750005861391514372e-11
-3.873730503034522599e-11
-3.979665208486693473e-11
-4.065508346640100967e-11
-4.134786957266101126e-11
-4.190335578524440052e-11
-4.231812816835045510e-11
-4.258792971056912791e-11
-4.272808495908719806e-11
-4.275016105004247891e-11
-4.266825781584770994e-11
-4.249120846844256505e-11
-4.221843014073911604e-11
-4.184832341769251229e-11
-4.140602444246965774e-11
-4.090860636352111612e-11
-4.034407530273398379e-11
-3.970160311617121351e-11
-3.901228298741621359e-11
-3.829762895701804837e-11
-3.753849314724888586e-11
-3.671844078789732180e-11
-3.587051489173376240e-11
-3.501762768642890933e-11
-3.413704735555356251e-11
-3.320970581865978488e-11
-3.226754974328116532e-11
-3.133260664811565732e-11
-3.038131898835949585e-11
-2.939429602499821215e-11
-2.840035671913820892e-11
-2.741918150861444303e-11
-2.642848960510146838e-11
-2.541022947610827032e-11
-2.438923889236388476e-11
-2.338248344946336488e-11
-2.237038332353336045e-11
-2.133731732967270034e-11
-2.030426174415289609e-11
-1.928571538578616185e-11
-1.826541348726173908e-11
-1.723051736013392343e-11
-1.619847311840061366e-11
-1.518160944180557692e-11
-1.416688554661815758e-11
-1.314403360458404890e-11
-1.212756544494153488e-11
-1.112835431443803813e-11
-1.013624774393040440e-11
-9.143122023380634289e-12
-8.161636297354668557e-12
-7.202159008068420576e-12
-6.256754229300165449e-12
-5.318735469411750572e-12
-4.399629098539303840e-12
-3.509669117829350427e-12
-2.642162964111571810e-12
-1.790995845553366994e-12
-9.668099654192019443e-13
-1.798435803491288398e-13
5.761024253134183759e-13
1.307203694247971448e-12
2.003356031413106031e-12
2.654107402605410115e-12
3.265727532147932877e-12
3.844929149371401067e-12
4.382065023345038668e-12
4.866670434700015591e-12
5.305624863061186858e-12
5.706591449383680015e-12
6.060600372254087986e-12
6.357483116337103723e-12
6.604962670547775971e-12
6.811733902628569481e-12
6.969487053448686353e-12
7.068480349647909833e-12
7.117227380365465095e-12
7.125239200739263978e-12
7.085048259886095323e-12
6.987926296636581824e-12
6.843014002666514273e-12
6.660256547663667703e-12
6.433693855445454801e-12
6.156469865153946230e-12
5.837834556043919321e-12
5.487472455600883592e-12
5.101437067916991808e-12
4.675256709552044754e-12
4.217506552328664782e-12
3.736797763581600762e-12
3.231450480464803654e-12
2.699653651669353671e-12
2.148622642653141845e-12
1.585253629754479476e-12
1.010175775494059902e-12
4.241797343061681769e-13
-1.674491437436004260e-13
-7.600442627694881104e-13
-1.351044384874378057e-12
-1.937470800114637903e-12
-2.516368840729810152e-12
-3.085662801660671306e-12
-3.641211897970064726e-12
-4.178063710974511125e-12
-4.695735987547688950e-12
-5.194873177460923586e-12
-5.669804469671246849e-12
-6.113701558896345034e-12
-6.528623128221333616e-12
-6.917932806466131623e-12
-7.274646596916456431e-12
-7.590521960976204241e-12
-7.870129027642835950e-12
-8.119344606372091988e-12
-8.330392799182906316e-12
-8.494338045450522401e-12
-8.617924950049538069e-12
-8.709030892284364000e-12
-8.759722981699358257e-12
-8.761146322311397228e-12
-8.721655342380785214e-12
-8.650459688841483086e-12
-8.540100918108528560e-12
-8.382457922229136216e-12
-8.186803665544140074e-12
-7.962965356544948747e-12
-7.704306810574212960e-12
-7.403753825296899294e-12
-7.070766715189247265e-12
-6.715046053928919179e-12
-6.330921030472946853e-12
-5.912649276434978063e-12
-5.469235307697939419e-12
-5.009533586564085539e-12
-4.529227687344317133e-12
-4.024457850304585804e-12
-3.503133763974042303e-12
-2.972559698388721472e-12
-2.430324171076581052e-12
-1.874983241584304849e-12
-1.312654412249925073e-12
-7.484196097064244046e-13
-1.821708067598418190e-13
3.848698703484698669e-13
9.489929458580959043e-13
1.507829668415117119e-12
2.059057134864983318e-12
2.598833474809492117e-12
3.126259234126349540e-12
3.641943083915188950e-12
4.141213847536073800e-12
4.617801366985085920e-12
5.073775601049934636e-12
5.512779902711040236e-12
5.927887954809696325e-12
6.310563183120621034e-12
6.665791182913771706e-12
7.000088876607524213e-12
7.304389731954685772e-12
7.568187396223002850e-12
7.799155418708458853e-12
8.006297881613111400e-12
8.178867305641546182e-12
8.305133490649208028e-12
8.395012116024780369e-12
8.459339131960952329e-12
8.486620260705901586e-12
8.465022086068252349e-12
8.405933067667792358e-12
8.321108559139478444e-12
8.199460208024866859e-12
8.030218850985093582e-12
7.825219638935010380e-12
7.596077412908019966e-12
7.333208693061088468e-12
7.027919479013489124e-12
6.691366644800966768e-12
6.333929908342028625e-12
5.948485627682575938e-12
5.529307480628409266e-12
5.085785525354991066e-12
4.626032629878595870e-12
4.146290515788519926e-12
3.644604583408206366e-12
3.127631834076716189e-12
2.600350490489233835e-12
2.063098173202271290e-12
1.518196375907554518e-12
9.687822375911703254e-13
4.161087707038602090e-13
-1.351489991967269599e-13
-6.784840701420935538e-13
-1.214737186706893457e-12
-1.746574998344463392e-12
-2.265410081747631921e-12
-2.761278402110822761e-12
-3.238988938170095366e-12
-3.704873213772330587e-12
-4.147392498876634193e-12
-4.554240231463557720e-12
-4.933689741470903556e-12
-5.295058228688143132e-12
-5.625080696375350797e-12
-5.910385462298828330e-12
-6.161804573523443906e-12
-6.390640620856924414e-12
-6.583270387161554993e-12
-6.726647450855383070e-12
-6.833002046124914131e-12
-6.914404812596863792e-12
-6.958350562413784246e-12
-6.953547113108804467e-12
-6.912314037127442745e-12
-6.846203291777097633e-12
-6.745225471921356686e-12
-6.601059976407697150e-12
-6.424802096588466682e-12
-6.226296388189833664e-12
-5.999068429518583656e-12
-5.738471763744312781e-12
-5.453239856206826275e-12
-5.150586120800104695e-12
-4.827949671992737279e-12
-4.484473556387591486e-12
-4.125762231854679385e-12
-3.755854134646074982e-12
-3.375974196376252401e-12
-2.988742283174805614e-12
-2.596315957364980775e-12
-2.199427489094074595e-12
-1.802592363570054701e-12
-1.411284067040496915e-12
-1.024321686499130024e-12
-6.393927271322596972e-13
-2.634971505311584083e-13
9.594069110127265154e-14
4.429685242744729745e-13
7.823535656120705895e-13
1.105678699639400797e-12
1.404663494894431430e-12
1.685460365025148732e-12
1.954475643828335052e-12
2.203027473987595464e-12
2.423042669286168405e-12
2.621840678590503515e-12
2.806566827898149263e-12
2.969258085933068614e-12
3.102858031275856909e-12
3.214901001663550417e-12
3.312418048184717634e-12
3.388845410887131315e-12
3.438657995499805331e-12
3.468791009639260459e-12
3.485464521169046037e-12
3.483922568839337153e-12
3.460449158124156988e-12
3.420776465909436403e-12
3.369824167973045626e-12
3.304806081572131404e-12
3.223859764214798140e-12
3.131144649115569223e-12
3.030023714573060190e-12
2.919585146560210731e-12
2.799616658291648186e-12
2.672577220294569678e-12
2.540247092536196405e-12
2.403255762797873452e-12
2.262650570378221815e-12
2.119293672844801968e-12
1.973553482095824485e-12
1.827150193298154868e-12
1.681956440444110079e-12
1.537520653328849907e-12
1.393094407192707607e-12
1.251055357399943890e-12
1.113726190264674454e-12
9.797050323778755399e-13
8.474734043868725752e-13
7.196956789204400629e-13
5.988221528883952427e-13
4.828698205172621272e-13
3.698908312890075711e-13
2.625054308039859174e-13
1.630075062561062160e-13
6.917196985556720024e-14
-2.107396627538428435e-14
-1.054107972783824287e-13
-1.818900932648581659e-13
-2.526900130112030851e-13
-3.197694387925553716e-13
-3.812431869764515424e-13
-4.355741299328502736e-13
-4.846887322919324337e-13
-5.302789999640789009e-13
-5.709137047664458731e-13
-6.054479292048886574e-13
-6.354521943363611314e-13
-6.622833791797289038e-13
-6.849342599167529411e-13
-7.026161878871672872e-13
-7.165212433796197544e-13
-7.276636433163619078e-13
-7.354193209269110909e-13
-7.393149677528687569e-13
-7.401858531479177383e-13
-7.387336185479820294e-13
-7.346582110018262668e-13
-7.277385074763720318e-13
-7.185008881263610370e-13
-7.073870027067552524e-13
-6.943342385420936402e-13
-6.792915839201607575e-13
-6.625414192967804539e-13
-6.443276359506533435e-13
-6.247412526541595845e-13
-6.038430931491756137e-13
-5.817448844695760624e-13
-5.585516315957661515e-13
-5.344633156184608325e-13
-5.096318874721339487e-13
-4.840565882152647603e-13
-4.577468504067538912e-13
-4.309856508136200581e-13
-4.039960098227435292e-13
-3.767011388152580187e-13
-3.490466379471590663e-13
-3.213577407651380113e-13
-2.938846269204958839e-13
-2.665018542218761111e-13
-2.391182412665726620e-13
-2.120444932921655701e-13
-1.855106644471291033e-13
-1.593734503093149901e-13
-1.335290927308163678e-13
-1.082420150689752947e-13
-8.371354011469517298e-14
-5.981057527503982896e-14
-3.643254046972049798e-14
-1.380705547452103915e-14
7.871047733129955121e-15
2.871628716066831899e-14
4.882805111302603029e-14
6.799947296865990753e-14
8.603305513745634903e-14
1.030445192606692373e-13
1.191538323086840934e-13
1.341861327998697395e-13
1.479648380816461772e-13
1.606331983660530538e-13
1.723501576915767441e-13
1.829905991275124211e-13
1.924136983641813736e-13
2.007838068984052482e-13
2.082788287541617600e-13
2.147900862161863933e-13
2.201698296334236860e-13
2.245565658334086612e-13
2.280922575381011397e-13
2.306341966365477170e-13
2.320191022815720761e-13
2.323457452910876464e-13
2.317027049825864937e-13
2.300357712474443428e-13
2.273787982984970535e-13
2.238470232741526789e-13
2.195174245286576897e-13
2.147500384984402100e-13
2.100835781379539746e-13
2.056323861188147362e-13
2.014299778406794528e-13
1.983223156011570953e-13
1.971973067694046677e-13
1.979305255936023022e-13
2.003136832838883774e-13
2.050671779737708866e-13
2.126502370459332214e-13
2.224990347131014512e-13
2.340600315561131017e-13
2.472286156178504779e-13
2.615999051495260241e-13
2.764898770005186357e-13
2.913535840538827859e-13
3.056410105475165784e-13
3.188857869169253734e-13
3.309394587796415932e-13
3.417946806659466485e-13
3.516163326212212725e-13
3.608880772346112487e-13
3.700503987437431253e-13
3.795475760938471499e-13
3.903296685436180580e-13
4.032867789716121365e-13
4.186902018664395708e-13
4.367565608221629647e-13
4.578052889038508599e-13
4.816655971642824774e-13
5.080619627263749383e-13
5.368075775558089902e-13
5.668893089325055534e-13
5.970523554721385295e-13
6.272065657640657488e-13
6.574924524098413325e-13
6.866788496324993663e-13
7.137430295227342736e-13
7.394569982374643580e-13
7.647700289888093028e-13
7.889675241248839122e-13
8.113445896032467353e-13
8.330872341803796655e-13
8.554556802514712288e-13
8.771710571439661486e-13
8.965607661663710370e-13
9.146459631348413666e-13
9.325517788538739694e-13
9.476958063789342468e-13
9.573615771668597674e-13
9.627861658964564917e-13
9.653381609700528720e-13
9.621683874985742513e-13
9.507412218612287802e-13
9.329019761555867873e-13
9.105071297615952020e-13
8.811515970000294296e-13
8.426137934093580473e-13
7.968531433658054830e-13
7.457147421265075682e-13
6.866457814662385584e-13
6.171684799501087060e-13
5.389684466956812248e-13
4.535704223231767918e-13
3.585598885944701886e-13
2.520558360554620014e-13
1.356957487997842438e-13
1.082350643166101259e-14
-1.235308920042796355e-13
-2.676738225602243171e-13
-4.203715554904757790e-13
-5.808715596196389885e-13
-7.489695170483090525e-13
-9.243727745050778211e-13
-1.107150829349201615e-12
-1.297815045535333223e-12
-1.496137306926381694e-12
-1.701908254082840077e-12
-1.916273346599939309e-12
-2.140607786513260002e-12
-2.373640129935128407e-12
-2.613545447768816921e-12
-2.861534143319688361e-12
-3.118999416379386602e-12
-3.381826286022460160e-12
-3.645451128464483048e-12
-3.911347808138732063e-12
-4.181246061191190577e-12
-4.449008002282983654e-12
-4.708909911305125817e-12
-4.963657956880140887e-12
-5.216086677167774965e-12
-5.459926781525847872e-12
-5.689559500615670729e-12
-5.908673723908908215e-12
-6.120832573425216694e-12
-6.319454508296740158e-12
-6.498176562813595680e-12
-6.660658569829225328e-12
-6.810346123847788036e-12
-6.939562639807217437e-12
-7.040847072037337284e-12
-7.117717006066559549e-12
-7.173531300225244323e-12
-7.200503214510600714e-12
-7.191392013133901528e-12
-7.149988066890156091e-12
-7.079927789865880783e-12
-6.974776659007808632e-12
-6.828544674153391725e-12
-6.645115013803604143e-12
-6.428222971283092946e-12
-6.173167445971960987e-12
-5.875300246316328412e-12
-5.538167147101091814e-12
-5.165264917172951442e-12
-4.753765957266065101e-12
-4.300694782938263572e-12
-3.809191243681064876e-12
-3.282464144244157112e-12
-2.720174563028421311e-12
-2.121763051712854953e-12
-1.489978496485577786e-12
-8.276814563584755646e-13
-1.375209353945278101e-13
5.782013322991330639e-13
1.317392375743686728e-12
2.077883221388021617e-12
2.854133162449867811e-12
3.641093069411960315e-12
4.437763091030832996e-12
5.243148363393013156e-12
6.049339414809784543e-12
6.848908159357014469e-12
7.642260956008950501e-12
8.429921691255337635e-12
9.202080070158658032e-12
9.949136133002856042e-12
1.067300067769672012e-11
1.137589588501297655e-11
1.204646798980135713e-11
1.267329210324907862e-11
1.325997037865400685e-11
1.381065487665589231e-11
1.431336126012094923e-11
1.475591523969477237e-11
1.514388094092655734e-11
1.548353806279934020e-11
1.576359008603755996e-11
1.597232589245489720e-11
1.611709897486601761e-11
1.620604171692630047e-11
1.622929048095134164e-11
1.617620100369254743e-11
1.605531853299257961e-11
1.587597935059914533e-11
1.563015515626542395e-11
1.530892947132489468e-11
1.492153275939323009e-11
1.447791539432863317e-11
1.397265636526867638e-11
1.339952454548765104e-11
1.276787269660628610e-11
1.208755925213855775e-11
1.135619983466673588e-11
1.057059387937764328e-11
9.739321328583461224e-12
8.871194577542151904e-12
7.966614347376665961e-12
7.025322597969951843e-12
6.054374016017938231e-12
5.060766909703584560e-12
4.047606434048889312e-12
3.017742522884447887e-12
1.976260734920520790e-12
9.278596771120084519e-13
-1.217350737358832702e-13
-1.166751591175074765e-12
-2.204569643157738845e-12
-3.233268687508061845e-12
-4.245218326176525281e-12
-5.232496293888777572e-12
-6.195268256736774504e-12
-7.134620151616477557e-12
-8.041688842608252230e-12
-8.906896054039492583e-12
-9.733045099047377136e-12
-1.052402262557983192e-11
-1.127002224182716006e-11
-1.196019498717060259e-11
-1.259973462369723407e-11
-1.319503447477776703e-11
-1.373594380599252318e-11
-1.421116089389551362e-11
-1.462802795559881019e-11
-1.499509197366855062e-11
-1.530258732229672347e-11
-1.553951238519868383e-11
-1.571484782580956363e-11
-1.583865850973698031e-11
-1.590201234580312928e-11
-1.589476120167354622e-11
-1.582688494150552572e-11
-1.570927762872820210e-11
-1.553436893009241260e-11
-1.529361359775549545e-11
-1.499741476840288357e-11
-1.465680181389483749e-11
-1.426614035238138456e-11
-1.381908476538740160e-11
-1.332571379630831387e-11
-1.279638981582786883e-11
-1.222760781516285533e-11
-1.161544731925756579e-11
-1.096891414503753381e-11
-1.029694472048925391e-11
-9.598302187774354621e-12
-8.871762699480534309e-12
-8.124710973445026241e-12
-7.364091975103903565e-12
-6.591111770953839155e-12
-5.807374112848373571e-12
-5.018119600408432746e-12
-4.227809075052491039e-12
-3.439871000890382113e-12
-2.658385664378037916e-12
-1.886013697646737874e-12
-1.124393438599324835e-12
-3.787055033715319707e-13
3.449996636029767361e-13
1.046761202022628012e-12
1.727769186402050572e-12
2.381574104592942831e-12
3.000750689596820564e-12
3.587910784447201351e-12
4.146830882151286701e-12
4.670455428651409946e-12
5.150792986574614929e-12
5.592702082696243693e-12
6.002089016771128271e-12
6.371985838277138825e-12
6.694569811699357942e-12
6.976343547987484683e-12
7.224650131615328874e-12
7.433097540254784974e-12
7.594590754889107842e-12
7.716563499293727091e-12
7.807023257033751662e-12
7.860614936738841152e-12
7.871535888381853141e-12
7.847453589726605117e-12
7.796300063867001029e-12
7.714140957959525480e-12
7.596825946087903958e-12
7.451544589698322341e-12
7.285450888405708980e-12
7.096121433514124277e-12
6.881105494432881997e-12
6.646506262031337542e-12
6.398152407188772983e-12
6.135043861821287692e-12
5.856323238850880131e-12
5.566630923575788259e-12
5.270159742637448019e-12
4.967151256279889182e-12
4.658102462778979103e-12
4.346007928535122744e-12
4.033324021990303265e-12
3.721229054065577913e-12
3.411217705875935202e-12
3.104664312095217760e-12
2.802389396927562615e-12
2.506208565331013993e-12
2.218291522693149886e-12
1.938603357704016261e-12
1.666600559814546134e-12
1.404476253179243184e-12
1.154758146743040115e-12
9.162969862031022927e-13
6.875213289306292275e-13
4.707134747088115301e-13
2.684280749065681704e-13
7.873744516627423362e-14
-1.005952930004973267e-13
-2.674306902230444427e-13
-4.194098139533725123e-13
-5.588778680294670398e-13
-6.883760055031995506e-13
-8.060270658381829545e-13
-9.097890626627580524e-13
-1.002113106038371448e-12
-1.085547667381558945e-12
-1.158547975436963196e-12
-1.219461055572412800e-12
-1.270608509899850969e-12
-1.314327986723373698e-12
-1.349428164695853916e-12
-1.374653754541987905e-12
-1.392031021701933824e-12
-1.403543080369384910e-12
-1.408336663434595071e-12
-1.405536928164585753e-12
-1.396790560818927940e-12
-1.383665426159252920e-12
-1.365634059828646496e-12
-1.342176803725836365e-12
-1.314539189306573874e-12
-1.283873940320645612e-12
-1.249936894438807844e-12
-1.212495707135496925e-12
-1.172410584414362855e-12
-1.130453369801998065e-12
-1.086593597217355711e-12
-1.040814461526762269e-12
-9.936458123319114044e-13
-9.455414966622055495e-13
-8.966382866217037506e-13
-8.470903015492248223e-13
-7.971662067431106724e-13
-7.470725427172197897e-13
-6.970739090117472614e-13
-6.474495961063253535e-13
-5.982687218894500170e-13
-5.495521572529415977e-13
-5.016476058335161969e-13
-4.549141011805923895e-13
-4.092772128150290456e-13
-3.646293607762612909e-13
-3.213569818236172715e-13
-2.798496840077796532e-13
-2.399384673151122582e-13
-2.014355885869220653e-13
-1.647104355033748857e-13
-1.301270289438827277e-13
-9.746505225073295864e-14
-6.649780552592243765e-14
-3.752840120369201060e-14
-1.085647973023172799e-14
1.374669760076559222e-14
3.650904109738471737e-14
5.721948116059819012e-14
7.566217346665488064e-14
9.204224567845725735e-14
1.065626197851131385e-13
1.191217805819599906e-13
1.296042537613645296e-13
1.381736793124727081e-13
1.449930805844448778e-13
1.500806315161973270e-13
1.534282954591265069e-13
1.551479214198514534e-13
1.553560882369686702e-13
1.541852989684830422e-13
1.517250680562604037e-13
1.480328175578610184e-13
1.431796304782184670e-13
1.373843123682674805e-13
1.308024055821782605e-13
1.234419738736086680e-13
1.153366952725415340e-13
1.067453823900763044e-13
9.784566142338399497e-14
8.861165382186009243e-14
7.905522482302973497e-14
6.942222404576758876e-14
5.986670984252026595e-14
5.035265959610693565e-14
4.089210456251039794e-14
3.167269303273358150e-14
2.279106807792641298e-14
1.423126312703314883e-14
6.031516211908163547e-15
-1.711674544811715108e-15
-8.985064618325863672e-15
-1.575951046365545866e-14
-2.195159405269341002e-14
-2.758394641172445816e-14
-3.274565338394312686e-14
-3.734571991389178114e-14
-4.124567644348507700e-14
-4.459704361445965271e-14
-4.759010907248208133e-14
-5.006430586393904869e-14
-5.182601919774716681e-14
-5.314402618059738126e-14
-5.429169144962296689e-14
-5.504419213183189830e-14
-5.516418281913994248e-14
-5.500870483947373213e-14
-5.490233783008932611e-14
-5.457323842502671829e-14
-5.376046287829117087e-14
-5.286663305476696495e-14
-5.222782791100208377e-14
-5.155044888681924176e-14
-5.057438232851201032e-14
-4.969993261882098279e-14
-4.923420679936625632e-14
-4.889168361615556235e-14
-4.844021505526902027e-14
-4.823227524298166757e-14
-4.850898396619070241e-14
-4.902370894757819564e-14
-4.959879010865524129e-14
-5.049539142398286329e-14
-5.185478782476771187e-14
-5.349709322993549676e-14
-5.532036553021826841e-14
-5.746168514966787377e-14
-5.994391858972838993e-14
-6.267653496899727728e-14
-6.564741832819701028e-14
-6.885620952535795314e-14
-7.220556753418164164e-14
-7.570577194651595399e-14
-7.943719602465995622e-14
-8.326529705527177527e-14
-8.698543865455835022e-14
-9.070740306874741643e-14
-9.459562310982355671e-14
-9.840184358534190268e-14
-1.018398554505570153e-13
-1.051062990982398748e-13
-1.084327736649605411e-13
-1.114905016181763631e-13
-1.139459349357857532e-13
-1.160621756037330532e-13
-1.181163728023598702e-13
-1.197392743767719536e-13
-1.205858194330486355e-13
-1.209590831359810825e-13
-1.211558522777600455e-13
-1.208036492020281294e-13
-1.195769828640780297e-13
-1.177898517655887045e-13
-1.157327814312048009e-13
-1.130644785695550381e-13
-1.095068792047147743e-13
-1.053585455099322055e-13
-1.008814139538162513e-13
-9.579433736051426451e-14
-8.988832220875250800e-14
-8.342430885639393057e-14
-7.661823649487975452e-14
-6.927277355255404001e-14
-6.126693661949456082e-14
-5.280825215591040955e-14
-4.405400740384313174e-14
-3.490961250000694516e-14
-2.535598379210021042e-14
-1.553352207332801133e-14
-5.529911347357165802e-15
4.637498609953716322e-15
1.488274665995253238e-14
2.514353607046757033e-14
3.540905700702597081e-14
4.555780598147589344e-14
5.541526371349685121e-14
6.500402565398979982e-14
7.439124457501306020e-14
8.337888078536678793e-14
9.173557909396973242e-14
9.956247523472405714e-14
1.069928583122096988e-13
1.137863539285230430e-13
1.196879916140133893e-13
1.248581045412006096e-13
1.294756538311805927e-13
1.332907986458312100e-13
1.360527494701294082e-13
1.379576384770778152e-13
1.392096073832282954e-13
1.395746447021770087e-13
1.388256507363697101e-13
1.371751155590864024e-13
1.348367760761054468e-13
1.316127382858939265e-13
1.273192976828513290e-13
1.221734979893820960e-13
1.163887644031399993e-13
1.098269221335053392e-13
1.023714939858352824e-13
9.423392648881881439e-14
8.561546789445997896e-14
7.645399341827535666e-14
6.671356853451063107e-14
5.658064891177899680e-14
4.622223217782932270e-14
3.565082731522666026e-14
2.490897909484569850e-14
1.413345284448190575e-14
3.431639848111155307e-15
-7.117027473813649502e-15
-1.739577652390932039e-14
-2.733507119116219963e-14
-3.690223040336837457e-14
-4.595168307821272113e-14
-5.429208108477870387e-14
-6.192722251880181106e-14
-6.890222713131638477e-14
-7.500823015005667060e-14
-7.998910914056370225e-14
-8.392445131856149376e-14
-8.693557890715117309e-14
-8.877257652931125342e-14
-8.914584023224370046e-14
-8.820961132751173328e-14
-8.615596978249831506e-14
-8.273426160745195324e-14
-7.766531829548478649e-14
-7.116946328057302540e-14
-6.349850929354000639e-14
-5.443856696267686257e-14
-4.375133881486664711e-14
-3.170287451071014673e-14
-1.858461775856683207e-14
-4.227394903046337998e-15
1.156471023545241339e-14
2.850389873134198671e-14
4.628193105995180578e-14
6.503258760497121482e-14
8.491190199967982299e-14
1.056263231177453910e-13
1.268689743105094747e-13
1.487396225066314748e-13
1.713455359585516757e-13
1.944012035766731761e-13
2.176209787461275136e-13
2.410640589055323968e-13
2.647733378033367835e-13
2.884913445286296785e-13
3.119800695994962014e-13
3.352417898404985719e-13
3.582286919358301791e-13
3.807367019315749390e-13
4.026063878982688582e-13
4.237528568058063216e-13
4.440025278863724001e-13
4.632383344103929712e-13
4.814169896061315512e-13
4.983377534413524490e-13
5.136799189134344523e-13
5.274603453661597108e-13
5.397992166103482425e-13
5.503747956513149742e-13
5.587263507758621905e-13
5.650548388566600799e-13
5.696873094790388947e-13
5.721867749573783524e-13
5.719602309134375062e-13
5.694183731301538653e-13
5.651095910663705979e-13
5.584547039215459474e-13
5.486994322442817484e-13
5.364569465732271780e-13
5.224803879474992918e-13
5.059941723430105842e-13
4.860511949519863428e-13
4.634578311402126616e-13
4.391517260515093168e-13
4.121598353411248805e-13
3.813899066354431433e-13
3.478429838003199714e-13
3.126218630754989958e-13
2.746516935322323993e-13
2.328295434055049906e-13
1.883230848825565018e-13
1.423429923192928714e-13
9.385211114125088794e-14
4.188412583341211137e-14
-1.232592688668859154e-14
-6.758289538893666459e-14
-1.247710295542228676e-13
-1.846098821771738341e-13
-2.459528620265410970e-13
-3.077850474486609755e-13
-3.707425534106578713e-13
-4.351993754519306590e-13
-5.002559781350224277e-13
-5.652332443241425697e-13
-6.303917349063936637e-13
-6.956251438587635061e-13
-7.604114820453089507e-13
-8.245290843318653362e-13
-8.876950823716311945e-13
-9.491780191689391799e-13
-1.008949759677413294e-12
-1.067344455006613568e-12
-1.123414837718439419e-12
-1.175752854451483920e-12
-1.224936493383899094e-12
-1.271928526044852070e-12
-1.315134416299268416e-12
-1.352568014187371936e-12
-1.385473441702089747e-12
-1.415443933935889298e-12
-1.440380692323273149e-12
-1.457921782431481628e-12
-1.469922057337202936e-12
-1.478489422904183392e-12
-1.481220745017108875e-12
-1.475607288269065176e-12
-1.463940080270731414e-12
-1.448629519291977363e-12
-1.427191698155638733e-12
-1.397210255479897079e-12
-1.361179506782772552e-12
-1.321569698294056128e-12
-1.276060745784846073e-12
-1.222560247482462614e-12
-1.163521644483023199e-12
-1.101243445392197096e-12
-1.033780483092328062e-12
-9.595300899320480248e-13
-8.806781801214136340e-13
-7.991550672083180817e-13
-7.135323690406203401e-13
-6.228004765553019073e-13
-5.287060394522369311e-13
-4.326722628181928210e-13
-3.338983007184631591e-13
-2.320557212099477740e-13
-1.283414157284348822e-13
-2.358245434867789481e-14
8.230353518937777446e-14
1.889074563009990326e-13
2.956696844823303305e-13
4.024291750531761025e-13
5.085358132858597280e-13
6.128811650893406515e-13
7.156169645576582194e-13
8.172925769316108369e-13
9.166002375507464883e-13
1.011840025828825151e-12
1.103879249293726605e-12
1.193941104836448996e-12
1.280147537453812934e-12
1.360311494523480658e-12
1.435922236149578257e-12
1.508748096075429590e-12
1.576439716613475817e-12
1.636458329956624880e-12
1.690776208276845161e-12
1.741548745493037842e-12
1.786143823991059865e-12
1.821888776995517212e-12
1.851097834043580193e-12
1.876172177686652454e-12
1.894442935856943677e-12
1.903315179074827057e-12
1.905293631199178606e-12
1.902898194919289132e-12
1.893571454150699829e-12
1.874863762504896947e-12
1.849330367661994323e-12
1.819510904790822003e-12
1.782957462226342216e-12
1.737319598078823635e-12
1.685132935969058110e-12
1.628921390134374647e-12
1.566291801119445992e-12
1.494944034015344148e-12
1.417395931527232200e-12
1.336158072205717584e-12
1.248858004856967518e-12
1.153241456323950143e-12
1.051813475726193214e-12
9.470455019158774412e-13
8.365987481766257172e-13
7.183245426430062697e-13
5.946742664270088241e-13
4.679997708811889368e-13
3.361005050661614035e-13
1.970957170258427760e-13
5.329411364258726524e-14
-9.320038366284269515e-14
-2.442185451263789719e-13
-4.010955792759646199e-13
-5.618124780497335546e-13
-7.246984045847226774e-13
-8.908868109371026467e-13
-1.060823412619982253e-12
-1.233008270137836426e-12
-1.406466631527492073e-12
-1.581273740419719687e-12
-1.756635093462521890e-12
-1.931884123160254596e-12
-2.107072979637414356e-12
-2.280872756291185688e-12
-2.450945913237689844e-12
-2.617820673775361762e-12
-2.782919294314067926e-12
-2.943233330665595560e-12
-3.094699409927903488e-12
-3.239381419356535119e-12
-3.380338977482244545e-12
-3.512758877180499617e-12
-3.630861887191083603e-12
-3.738460062352455537e-12
-3.840345576267001348e-12
-3.929954452142059296e-12
-3.999979167335077079e-12
-4.055971270650049476e-12
-4.104311942393357171e-12
-4.136906529145223388e-12
-4.145264860533348639e-12
-4.136441623253661604e-12
-4.118047049195272535e-12
-4.080883634488552403e-12
-4.015831070458553143e-12
-3.931029113335426928e-12
-3.834809206293421369e-12
-3.717564017041707913e-12
-3.570329578858610908e-12
-3.401781677528359360e-12
-3.220340660803344690e-12
-3.016935659627684174e-12
-2.783737650113859985e-12
-2.529261739284138777e-12
-2.261272332576558242e-12
-1.972313154810501068e-12
-1.656718707533644253e-12
-1.322008691753695508e-12
-9.744530486341385078e-13
-6.092490878115142117e-13
-2.237838684976053982e-13
1.763174431760813898e-13
5.871017105633924427e-13
1.009901580764638318e-12
1.443689785773916157e-12
1.885551393840390055e-12
2.334506069359698621e-12
2.787948474511359187e-12
3.241002952125704439e-12
3.694023385791833647e-12
4.149351435361881002e-12
4.600359156115008119e-12
5.038477881441627559e-12
5.467531809244530194e-12
5.893175704374531421e-12
6.305044594062669816e-12
6.691356670140979901e-12
7.059249452351368248e-12
7.417360996242461368e-12
7.752227679236334268e-12
8.049631274043012041e-12
8.319582002480618854e-12
8.573136124623292886e-12
8.794724497274142294e-12
8.968788385577131095e-12
9.107556722676157790e-12
9.223751970544036283e-12
9.301026962504899132e-12
9.323847249831374029e-12
9.305809595128167189e-12
9.260388462994928460e-12
9.171989556744364336e-12
9.026568555114966586e-12
8.838043144554497133e-12
8.619584213054309885e-12
8.357849134998929230e-12
8.041618586307475169e-12
7.683968912541860874e-12
7.296660671507471108e-12
6.869856246372041397e-12
6.396206047448727006e-12
5.886805799770744585e-12
5.350997856617967230e-12
4.783361640808836412e-12
4.181097742333994560e-12
3.552373672999209475e-12
2.903323848696404141e-12
2.233468835224905469e-12
1.544883253441764470e-12
8.421219993039186225e-13
1.275820947369346592e-13
-5.941612761690973077e-13
-1.316232929940430729e-12
-2.038103626839093963e-12
-2.761376847668084444e-12
-3.476758160883552939e-12
-4.173082018832374729e-12
-4.853983534558459212e-12
-5.525051336580100170e-12
-6.173091985500755996e-12
-6.783633117041221183e-12
-7.364305346091448712e-12
-7.924347809884491056e-12
-8.447935059829880799e-12
-8.918681765335279010e-12
-9.347672809412177486e-12
-9.747097226564527261e-12
-1.010006054485979021e-11
-1.038985304041561974e-11
-1.063008014945410196e-11
-1.083484430647319030e-11
-1.098778273228573354e-11
-1.107340434625125880e-11
-1.110661215775188282e-11
-1.110216259203600231e-11
-1.104567565884950753e-11
-1.092422159676420534e-11
-1.075265917971357510e-11
-1.054508563802514232e-11
-1.029029986221452475e-11
-9.978980315683561031e-12
-9.624641361671848472e-12
-9.239513668046761552e-12
-8.816415479617756290e-12
-8.350306557325382073e-12
-7.852218875115113406e-12
-7.331499123075513324e-12
-6.785401667624979538e-12
-6.213380070868579352e-12
-5.623093570633619365e-12
-5.020276729050809905e-12
-4.406541104229333428e-12
-3.785533084915693181e-12
-3.160989048636708709e-12
-2.534686436433952750e-12
-1.912011564700333288e-12
-1.300015108583740808e-12
-6.983932204253362475e-13
-1.050661565128035990e-13
4.717798417555596480e-13
1.022799141388308630e-12
1.551975670373295646e-12
2.064709080790150253e-12
2.551166526296166914e-12
3.000905296826616997e-12
3.420827640251977719e-12
3.818785131864954607e-12
4.184446626004367786e-12
4.507401396569576946e-12
4.796472680840269120e-12
5.060933876838147327e-12
5.290982495881335623e-12
5.477198989495279946e-12
5.629266150442013839e-12
5.756836413822741250e-12
5.851469916245966019e-12
5.905480531670503908e-12
5.928401432958585460e-12
5.929323872166936127e-12
5.901757815091057680e-12
5.840211560886876541e-12
5.753203469183176821e-12
5.648492958088002780e-12
5.521823449872176326e-12
5.370029074192039786e-12
5.199956350926404625e-12
5.017508110383150921e-12
4.820620465306735269e-12
4.608271229888938336e-12
4.385256480859966999e-12
4.155386972015673308e-12
3.918493567817149525e-12
3.675294010102581055e-12
3.428469747684959046e-12
3.179794101637600789e-12
2.930560308311846995e-12
2.682751807162042645e-12
2.437134261762397003e-12
2.193720465698545397e-12
1.954813698065716032e-12
1.723198623723720679e-12
1.498088003475117613e-12
1.278129295109731167e-12
1.066206259565938286e-12
8.654789667057738445e-13
6.740278907929608820e-13
4.895636847301876315e-13
3.151522283157542903e-13
1.539444299033382313e-13
3.311895859148998936e-15
-1.395544920942959344e-13
-2.717488777406740219e-13
-3.904377906052691749e-13
-4.985544854556323013e-13
-5.990467995785342392e-13
-6.894091959634696121e-13
-7.673091762666617299e-13
-8.356298509051840462e-13
-8.971447716665803540e-13
-9.498570549895668513e-13
-9.919850314440981087e-13
-1.026097284397009535e-12
-1.054581877553417701e-12
-1.075955513921145190e-12
-1.088956399011853371e-12
-1.095695908136240515e-12
-1.098077141367670428e-12
-1.095094718031597303e-12
-1.085956303180368732e-12
-1.072275623327512140e-12
-1.055456395025744509e-12
-1.034929086873859205e-12
-1.010320299643652220e-12
-9.827623740840674138e-13
-9.531900008880045405e-13
-9.214162636009270990e-13
-8.874196408097112521e-13
-8.518907692982302660e-13
-8.153465966623252292e-13
-7.779024278030399753e-13
-7.397927214401744944e-13
-7.013224636448489591e-13
-6.626595973335813738e-13
-6.241182700858494137e-13
-5.860833736728854326e-13
-5.485550707250153035e-13
-5.114389272330155389e-13
-4.751577278340468613e-13
-4.401701171521249512e-13
-4.062679825802412159e-13
-3.731862637922772619e-13
-3.414000581802162371e-13
-3.113989643400982832e-13
-2.828524632396411942e-13
-2.553993258200271121e-13
-2.295303975097945370e-13
-2.057340165199580961e-13
-1.836160618082921525e-13
-1.627720039917152084e-13
-1.436666540940989556e-13
-1.267405912207600349e-13
-1.115773529884560300e-13
-9.777056009414863968e-14
-8.570371517503672099e-14
-7.571538746453318480e-14
-6.740812199873200128e-14
-6.041498410488260751e-14
-5.499222496645195246e-14
-5.134263443540808269e-14
-4.913277629799844837e-14
-4.807292124054882154e-14
-4.827560944856319758e-14
-4.980558812052969520e-14
-5.242748374106528941e-14
-5.595248588996341865e-14
-6.035733843062426884e-14
-6.558134975831117486e-14
-7.149900653089999447e-14
-7.802795681712687559e-14
-8.501899406926707869e-14
-9.229201875394360544e-14
-9.982716964260923698e-14
-1.076446128956722037e-13
-1.154748361818433433e-13
-1.230235938077736679e-13
-1.303728988915481279e-13
-1.376423389327918745e-13
-1.444601681116139402e-13
-1.504433378004751964e-13
-1.557747664584011038e-13
-1.606675269173393761e-13
-1.646896188216631640e-13
-1.674193823939656989e-13
-1.691295486907357093e-13
-1.701075532604262586e-13
-1.699203928604009484e-13
-1.681686338577889628e-13
-1.651844486931855482e-13
-1.612947514266493965e-13
-1.561210470797658179e-13
-1.493341447679139011e-13
-1.412803115599312043e-13
-1.322817587889532631e-13
-1.220513084045429797e-13
-1.103612372928969299e-13
-9.752702118115408325e-14
-8.382460307473915684e-14
-6.908926555859729035e-14
-5.322698458745146743e-14
-3.648766198579601883e-14
-1.906730456575737864e-14
-9.574100223692450298e-16
1.777059199120113731e-14
3.696499893289170724e-14
5.654176671136823540e-14
7.633345046548570267e-14
9.609272335090943140e-14
1.157994598648126594e-13
1.355093337887525173e-13
1.548864525134294179e-13
1.735284957176883025e-13
1.915701484164061830e-13
2.092188591427610045e-13
2.260079466241335377e-13
2.414289200416280812e-13
2.557707463792663338e-13
2.693800315190647554e-13
2.817128583361416805e-13
2.922107271863955136e-13
3.012883454008019601e-13
3.093962531921373715e-13
3.159657323108244764e-13
3.204401262564549047e-13
3.233157827835925202e-13
3.251005692948838455e-13
3.252512191867507063e-13
3.232633073984442218e-13
3.196659245901373181e-13
3.149738770583804248e-13
3.087206055032987173e-13
3.005052261716156803e-13
2.908391301230384141e-13
2.801935387267834310e-13
2.682272264541152307e-13
2.546851347439565982e-13
2.400101059736592379e-13
2.245819226117176659e-13
2.082140341218285950e-13
1.908134430626470812e-13
1.727072667821391572e-13
1.541461728225834715e-13
1.351000068110577712e-13
1.156269497466430596e-13
9.591018436264434066e-14
7.605468853441252342e-14
5.616937375830556578e-14
3.643726691356617697e-14
1.689270840994194084e-14
-2.500883199734924532e-15
-2.152537723803041314e-14
-3.990682906200061775e-14
-5.774609170830155569e-14
-7.520228201014084179e-14
-9.197942971508887844e-14
-1.077447457425648181e-13
-1.227086195241394728e-13
-1.371239276640179305e-13
-1.506489702950142284e-13
-1.629268551670004506e-13
-1.742472268903560995e-13
-1.849242737021403182e-13
-1.946059416044199075e-13
-2.029457060303413440e-13
-2.102779484824263134e-13
-2.169429187074550791e-13
-2.226076446657301866e-13
-2.269603504700262731e-13
-2.303441725554078445e-13
-2.330926250626585983e-13
-2.349089347521149396e-13
-2.355246802709237697e-13
-2.352615715087158499e-13
-2.344226971828095030e-13
-2.327499629660445546e-13
-2.300142769393748177e-13
-2.265000253326432400e-13
-2.224710080869427009e-13
-2.177074574219103886e-13
-2.120205730817351086e-13
-2.056585018386444808e-13
-1.988491836468764262e-13
-1.914218973218459463e-13
-1.832410904869380408e-13
-1.745230479230364118e-13
-1.654621535271405541e-13
-1.559450675146442644e-13
-1.458897293336175460e-13
-1.354721321017091085e-13
-1.248447146443704137e-13
-1.139295228253997538e-13
-1.026651772493072934e-13
-9.117434861564618909e-14
-7.955969731762366215e-14
-6.773994884988476795e-14
-5.564210591303513087e-14
-4.334475283578921589e-14
-3.091335510057441338e-14
-1.826498818185452733e-14
-5.341195371324223076e-15
7.790709199181726496e-15
2.107660393598203424e-14
3.453667744585803279e-14
4.813826813836359630e-14
6.181095538832989678e-14
7.551122541919058628e-14
8.913673293399482223e-14
1.025251457624672125e-13
1.156437142227351167e-13
1.285052386766974419e-13
1.409071291721616936e-13
1.526053453526285408e-13
1.636666469668687784e-13
1.742112855883382050e-13
1.839997338520804604e-13
1.927590303086451629e-13
2.006683258145083859e-13
2.079560346623585132e-13
2.143450754344897180e-13
2.195069619776932046e-13
2.236956686508737024e-13
2.272105572263816153e-13
2.296751927099299762e-13
2.306499988832116932e-13
2.304430517935385225e-13
2.294089939715304727e-13
2.270602054901121880e-13
2.228748462911392392e-13
2.172405593088566622e-13
2.105853740084345782e-13
2.024013958821721526e-13
1.921968308246299606e-13
1.804520346083277049e-13
1.676635718282637466e-13
1.534024643423670398e-13
1.372848910290505597e-13
1.198294257874141233e-13
1.015375663323409006e-13
8.207813633398161612e-14
6.117398661199466292e-14
3.929877121422106767e-14
1.688172916887963060e-14
-6.319893660998573623e-15
-3.047315885414993153e-14
-5.519491317446632850e-14
-8.016604415884975854e-14
-1.054991665317035754e-13
-1.311959709707904986e-13
-1.569788949436906611e-13
-1.826549978975466892e-13
-2.081474098983293608e-13
-2.332477743935412740e-13
-2.578169611393982263e-13
-2.818219290746937222e-13
-3.049852037584344089e-13
-3.268942191589352397e-13
-3.475919638923352650e-13
-3.672420982765711717e-13
-3.853747561951420542e-13
-4.013777157862996603e-13
-4.154939196518436795e-13
-4.280931349427002930e-13
-4.385037526231233551e-13
-4.459155755146687605e-13
-4.507771380560937624e-13
-4.536617663562086955e-13
-4.537353023685575248e-13
-4.500688558818632945e-13
-4.433293738625304625e-13
-4.342899737747041300e-13
-4.220808002153991767e-13
-4.058007727590628999e-13
-3.863109105609746630e-13
-3.645372849067629595e-13
-3.396881029498616256e-13
-3.109790799437489595e-13
-2.793651811619501935e-13
-2.458162796578622356e-13
-2.096390010371262935e-13
-1.701757631296027529e-13
-1.283620155697121068e-13
-8.510395486200847404e-14
-3.983534625751593283e-14
7.907188934923401608e-15
5.726386568703431545e-14
1.074493616369347204e-13
1.587717994187484716e-13
2.113495061470752057e-13
2.644471555797445195e-13
3.174617144684199754e-13
3.703259216208260041e-13
4.227396969806729299e-13
4.742077498905150623e-13
5.244251213842865411e-13
5.729761283490564239e-13
6.192116589441576391e-13
6.630028557413902845e-13
7.044443153803037205e-13
7.428527194416889579e-13
7.772993403445949134e-13
8.080562586242068246e-13
8.356274656604045781e-13
8.590694345125826636e-13
8.771802186523236511e-13
8.906022078668252018e-13
9.002037938861395805e-13
9.048007568873694950e-13
9.029929581849671649e-13
8.957748822216449192e-13
8.843411571611559108e-13
8.674133460118138572e-13
8.435890874736173828e-13
8.141792361832100866e-13
7.806359725304190533e-13
7.417743177508262509e-13
6.963727012566922614e-13
6.459327430569095085e-13
5.920141221867070147e-13
5.336295099377108553e-13
4.698297957281272197e-13
4.021263031762922768e-13
3.319995916638979194e-13
2.587256851902669519e-13
1.817142763300624853e-13
1.023318935014852493e-13
2.182756471229285733e-14
-6.015149587191431779e-14
-1.437209455178861672e-13
-2.277877593579585858e-13
-3.114607096538213327e-13
-3.946367158839253486e-13
-4.769102864357610549e-13
-5.575998105085411272e-13
-6.362941857435133741e-13
-7.124524494667161534e-13
-7.852078362513559284e-13
-8.543987999737323591e-13
-9.201701900440895088e-13
-9.816159387068812414e-13
-1.037501681788732810e-12
-1.088211335278921332e-12
-1.134434993860233831e-12
-1.174976023594898056e-12
-1.208335948660321790e-12
-1.235397743305777229e-12
-1.257318468089740904e-12
-1.272719885210549240e-12
-1.279991520761192270e-12
-1.280428779497355674e-12
-1.275540111901618534e-12
-1.263926897171474550e-12
-1.244056615536115462e-12
-1.217506564316073181e-12
-1.185980567225408677e-12
-1.148223118148383737e-12
-1.102944233340175106e-12
-1.051826919833132035e-12
-9.965828075969573874e-13
-9.362213695268684077e-13
-8.698132817307191456e-13
-7.989610492295518007e-13
-7.252021791241680670e-13
-6.479036599761622828e-13
-5.665802028931299361e-13
-4.825951378968629246e-13
-3.971671353342892674e-13
-3.100820381712887652e-13
-2.213378812914237881e-13
-1.319351664594639595e-13
-4.267012836275084486e-14
4.624671143000497198e-14
1.343595238323044838e-13
2.211144407762016817e-13
3.061962304800464052e-13
3.890209823113194298e-13
4.687528577101973681e-13
5.453163419953666047e-13
6.188827662151341613e-13
6.885789681498888370e-13
7.532922853201173830e-13
8.134028390074932169e-13
8.695232576495792731e-13
9.205890173433206591e-13
9.653266684270245257e-13
1.004508108637391928e-12
1.039105433642273368e-12
1.067974376468827646e-12
1.089813135568551417e-12
1.105694420570901837e-12
1.116839259962532083e-12
1.122151416926842060e-12
1.120447159531912096e-12
1.112980150749787178e-12
1.101081574007845010e-12
1.083835061629900842e-12
1.060320559652383476e-12
1.031823281330557229e-12
9.996208505044790193e-13
9.631036202925602474e-13
9.217460779017971895e-13
8.766997544595866998e-13
8.290212049830159025e-13
7.785152188709287824e-13
7.251440658877228440e-13
6.697678978269394623e-13
6.130786525150588862e-13
5.553538314981287805e-13
4.970629485269439929e-13
4.386508246478210138e-13
3.803550356618057293e-13
3.228956273367000751e-13
2.671672833052390894e-13
2.131396459065931781e-13
1.605807771910133797e-13
1.105322566330793621e-13
6.415390950680749382e-14
2.096913070156851411e-14
-1.965544866894698012e-14
-5.652474473726021298e-14
-8.839692758159933827e-14
-1.160878034325851793e-13
-1.405038737266328663e-13
-1.604699717289853611e-13
-1.748339564485237863e-13
-1.846043662986213141e-13
-1.908109629501775206e-13
-1.924537325294004009e-13
-1.886167681460285128e-13
-1.803495910555549808e-13
-1.686560504969569774e-13
-1.528425958930226813e-13
-1.323572328126854103e-13
-1.081435491829228768e-13
-8.103027526306511019e-14
-5.074770898644276329e-14
-1.723016294799626508e-14
1.883439591625086368e-14
5.695118178048949598e-14
9.684626418957759109e-14
1.379722752064063696e-13
1.800562737103161837e-13
2.231022034867094495e-13
2.661713622946482172e-13
3.079970631834905159e-13
3.488849834032414776e-13
3.894876229263571910e-13
4.281247123309739333e-13
4.627836742293611749e-13
4.944846073405562148e-13
5.246199525146821863e-13
5.507855998544697318e-13
5.703132193932147764e-13
5.849874621169370847e-13
5.969224138417661418e-13
6.031230202763193660e-13
6.004753443610011399e-13
5.914546196555958701e-13
5.787502096489538506e-13
5.590290600224201434e-13
5.290484304983078534e-13
4.917745355902114479e-13
4.502128650354236816e-13
4.010414504825032811e-13
3.412695473437032945e-13
2.740511268438383663e-13
2.023692763928122695e-13
1.233121948735621531e-13
3.454135645585866554e-14
-6.097017693235812219e-14
-1.606436609170175389e-13
-2.665664726713562471e-13
-3.800296665898428294e-13
-4.986396495362810377e-13
-6.206173812708937199e-13
-7.468176467864684476e-13
-8.771152749421917694e-13
-1.010100206602637662e-12
-1.145176184783047724e-12
-1.281600259944726261e-12
-1.417540780937476264e-12
-1.552953403892443074e-12
-1.688754496485811440e-12
-1.822349129237954557e-12
-1.950065109390664020e-12
-2.073527330739843855e-12
-2.195370404564633837e-12
-2.311083832987059772e-12
-2.415252676676860055e-12
-2.511313856520813736e-12
-2.603625431571443549e-12
-2.685964081358682698e-12
-2.751554843347103763e-12
-2.805556134632958276e-12
-2.853799661861611270e-12
-2.888846497087205201e-12
-2.903209573787424169e-12
-2.903402778614561086e-12
-2.896224276030534561e-12
-2.873764377506193846e-12
-2.828648990385596029e-12
-2.768130993521800143e-12
-2.699270277781162797e-12
-2.614576740875285132e-12
-2.507674623508648892e-12
-2.385771051202634219e-12
-2.255385982141699941e-12
-2.110359630103086914e-12
-1.946131840749321107e-12
-1.769025572730120732e-12
-1.584229383962132420e-12
-1.387723269630214418e-12
-1.177414069020166210e-12
-9.579524673508643673e-13
-7.325159901393207829e-13
-4.998263088140664223e-13
-2.606475419612147570e-13
-1.731966722546673249e-14
2.294749405686719035e-13
4.779693893279535200e-13
7.244846541264171602e-13
9.693938360366693985e-13
1.214717345807136972e-12
1.455710443680480193e-12
1.686102212711260151e-12
1.909067738961600647e-12
2.129204364903491964e-12
2.339258344322137084e-12
2.531059563326554240e-12
2.710312009546189671e-12
2.883716919768741782e-12
3.042336348124674572e-12
3.177061912162937318e-12
3.295502759570467788e-12
3.405700634701025464e-12
3.498081165009825355e-12
3.563668674391728963e-12
3.611093845820589898e-12
3.648805216305284205e-12
3.667695053916064651e-12
3.659922191701081573e-12
3.634143116645893734e-12
3.598267517279651884e-12
3.544637890498525401e-12
3.467347502866813258e-12
3.374130402161723552e-12
3.271536253707241215e-12
3.154099811192301317e-12
3.018350977143646752e-12
2.870330275545063259e-12
2.714624965788337008e-12
2.548388583489824555e-12
2.370764392092827855e-12
2.185582661032303697e-12
1.995138646307403896e-12
1.799286847986580895e-12
1.599636764194889427e-12
1.397583221027232092e-12
1.193089572450178881e-12
9.884603986015649824e-13
7.873310835758429160e-13
5.887358200777625949e-13
3.905429311109459567e-13
1.969730531025531972e-13
1.303093781967676335e-14
-1.642546369100619796e-13
-3.386372128891257383e-13
-5.046981170660214122e-13
-6.568151513126896379e-13
-7.993935916862648927e-13
-9.371867431412495009e-13
-1.064348912824253368e-12
-1.175354084892443751e-12
-1.275361869064461917e-12
-1.369467473449903494e-12
-1.452095605217196272e-12
-1.518389905995343181e-12
-1.573598564820477552e-12
-1.622573386414472019e-12
-1.660544965420562846e-12
-1.683706234330284435e-12
-1.696840801548860078e-12
-1.704113954982544588e-12
-1.701898821523939453e-12
-1.687622697837953822e-12
-1.665214407337023417e-12
-1.637871370648025238e-12
-1.603253337381649324e-12
-1.560036279844856377e-12
-1.511070999229979783e-12
-1.458463558257072634e-12
-1.401132682099515137e-12
-1.338875082849966258e-12
-1.273394801062921466e-12
-1.205718576195724534e-12
-1.135856274488145079e-12
-1.064487473861897016e-12
-9.922360242470285030e-13
-9.191793376786550063e-13
-8.461526835104593580e-13
-7.744200246351251593e-13
-7.037062989614928377e-13
-6.333586541514002466e-13
-5.647296866251316771e-13
-4.993666613030411927e-13
-4.363495513266119064e-13
-3.745541745682479107e-13
-3.155560665199508286e-13
-2.609336358094793695e-13
-2.093942288441605348e-13
-1.595894098295469465e-13
-1.130847734789712511e-13
-7.131582379759499046e-14
-3.285524589479067725e-14
3.672340565457699393e-15
3.686968739753486435e-14
6.554726515251366181e-14
9.109121741407086303e-14
1.147678550502198580e-13
1.354405140558539999e-13
1.522139077107798055e-13
1.663164777340048195e-13
1.788197004750149977e-13
1.888846338452682128e-13
1.959141534982680732e-13
2.009077176541931853e-13
2.046947545275221159e-13
2.067262512431625177e-13
2.066702928585351096e-13
2.052650855278309594e-13
2.030878313826270376e-13
1.998363632774516341e-13
1.953818508891591588e-13
1.902085395655631062e-13
1.846674126549513462e-13
1.786348304520790631e-13
1.721090175758888119e-13
1.653628948182495062e-13
1.585739460747970231e-13
1.517250273986789355e-13
1.448760003023435994e-13
1.381511821173936339e-13
1.316141477487181577e-13
1.252977349696163256e-13
1.192813615892227008e-13
1.135981364313795594e-13
1.082438243313506299e-13
1.032651747315607715e-13
9.873873908165103908e-14
9.464472391570999399e-14
9.093867016840215256e-14
8.766312599873399281e-14
8.488262854102271437e-14
8.254699278720939448e-14
8.058937089709672374e-14
7.904223472575064302e-14
7.795446146235951446e-14
7.726152752513329447e-14
7.688934124810975490e-14
7.685690327436170421e-14
7.719294496146000828e-14
7.783093017733194730e-14
7.870108373591450102e-14
7.980084420957517244e-14
8.112855141373734313e-14
8.262228385182493473e-14
8.422122455822508846e-14
8.588886302477935497e-14
8.758351845421924464e-14
8.925303394578462668e-14
9.084971815641329496e-14
9.230550351846389390e-14
9.354971360281752468e-14
9.455134700360467992e-14
9.528635476138691551e-14
9.568546313360598576e-14
9.568452800923221702e-14
9.528488431219048205e-14
9.449559190688461285e-14
9.328190211368644902e-14
9.161187162608913637e-14
8.951299174542876047e-14
8.702008569023284013e-14
8.412721067734343916e-14
8.081080563829973196e-14
7.710015758428598320e-14
7.303420292582157858e-14
6.858399346490115511e-14
6.368197662991528785e-14
5.834747154832495286e-14
5.261633820698510822e-14
4.640487958631166199e-14
3.959556817080718549e-14
3.222142808101922939e-14
2.433685916095225388e-14
1.584594509372507648e-14
6.645555806361223491e-15
-3.187692241719548673e-15
-1.356140321432308324e-14
-2.451249313663132756e-14
-3.606968510764391178e-14
-4.812600987755093207e-14
-6.057225440626520796e-14
-7.337752232000269159e-14
-8.651442057324917889e-14
-9.989737850954125142e-14
-1.134485775179487621e-13
-1.271250086535419266e-13
-1.408981302941300640e-13
-1.547344609213741062e-13
-1.686099854571534995e-13
-1.824914459998272509e-13
-1.963401771894190961e-13
-2.101555013995712318e-13
-2.239492364339637498e-13
-2.376366518928169080e-13
-2.510932542616750585e-13
-2.643311188422342584e-13
-2.773872982437391999e-13
-2.900620553209637409e-13
-3.021064843601595218e-13
-3.135733860071265866e-13
-3.245548090263089547e-13
-3.347546578044008347e-13
-3.438441751376503097e-13
-3.519623828496243334e-13
-3.592909119092685399e-13
-3.654944727947417871e-13
-3.702121346028236504e-13
-3.736713087391929644e-13
-3.761361068530671981e-13
-3.772409359718842392e-13
-3.765850207625848212e-13
-3.744527745600662039e-13
-3.711612451846174610e-13
-3.662976768691733609e-13
-3.594141856962801418e-13
-3.508383904574086110e-13
-3.409288097059454126e-13
-3.292467481378485994e-13
-3.153323956117670690e-13
-2.995574437374831644e-13
-2.823179244635515284e-13
-2.631877463361853575e-13
-2.417271840592788434e-13
-2.183330827330159929e-13
-1.934156909069381647e-13
-1.665735827266826008e-13
-1.373962656972191332e-13
-1.062790467068995548e-13
-7.362096636530715554e-14
-3.907461919132326766e-14
-2.312130166010539431e-15
3.627653055336341192e-14
7.631109557194176718e-14
1.179895347007062223e-13
1.614488436604138988e-13
2.063168022927233669e-13
2.522564676674804440e-13
2.992337009687789928e-13
3.471382523882043936e-13
3.956830522955367968e-13
4.446462729262856683e-13
4.937741296569264637e-13
5.427406028941927918e-13
5.914231235824851662e-13
6.397843951670700857e-13
6.873834184142890713e-13
7.336853563924550237e-13
7.787536891387669691e-13
8.227500169870338720e-13
8.650003456567301185e-13
9.046969987394626322e-13
9.420802896467628251e-13
9.775055114305541970e-13
1.010021168264263469e-12
1.038538938007149692e-12
1.063510174023618582e-12
1.085514924475949883e-12
1.103411307636081862e-12
1.115960405681515333e-12
1.123871720513924810e-12
1.127977052040041173e-12
1.127097221977069186e-12
1.119982362060567560e-12
1.107568897706912026e-12
1.090889856746046771e-12
1.068803357449910063e-12
1.040101490178135801e-12
1.005853928794098184e-12
9.671971340149965179e-13
9.230678287702742679e-13
8.723710772859383233e-13
8.162404671434309034e-13
7.558423288298032894e-13
6.903212810410730427e-13
6.188640095175501621e-13
5.426153775432707160e-13
4.627021422259902650e-13
3.786422130697131294e-13
2.900536798591812904e-13
1.979823097998656412e-13
1.033935374925194772e-13
6.237831838519156125e-15
-9.341169466626011997e-14
-1.947583533248170573e-13
-2.971384802704507555e-13
-4.001977785619836858e-13
-5.034329615509480771e-13
-6.063950882227719941e-13
-7.088037296855420610e-13
-8.099057991102498466e-13
-9.087601005909606844e-13
-1.005299793063740843e-12
-1.099653246065812606e-12
-1.190673319488577686e-12
-1.277011048989029618e-12
-1.359010343496280804e-12
-1.437226748203512816e-12
-1.510214045832847241e-12
-1.576344957343600583e-12
-1.636392735725189507e-12
-1.691337716581975403e-12
-1.739583412214973368e-12
-1.779376559291057092e-12
-1.811874652049572099e-12
-1.838415487551148253e-12
-1.857369509930539841e-12
-1.866973372774416440e-12
-1.868668197610445780e-12
-1.864033883844373740e-12
-1.851508746666952199e-12
-1.829441546169485733e-12
-1.799445358344198276e-12
-1.763223464804064555e-12
-1.719409662391535587e-12
-1.666607173447798296e-12
-1.606487946143042578e-12
-1.540755262090243161e-12
-1.468355385197961382e-12
-1.388256588678860037e-12
-1.302056661274531013e-12
-1.211322708805084858e-12
-1.115375153348807657e-12
