-8.308804490785026697e-13
-6.615755035813131180e-13
-4.670127132233581335e-13
-2.545592317666767190e-13
0.000000000000000000e+00
0.000000000000000000e+00
0.000000000000000000e+00
0.000000000000000000e+00
0.000000000000000000e+00
0.000000000000000000e+00
0.000000000000000000e+00
0.000000000000000000e+00
0.000000000000000000e+00
0.000000000000000000e+00
0.000000000000000000e+00
0.000000000000000000e+00
0.000000000000000000e+00
0.000000000000000000e+00
0.000000000000000000e+00
0.000000000000000000e+00
0.000000000000000000e+00
0.000000000000000000e+00
0.000000000000000000e+00
0.000000000000000000e+00
0.000000000000000000e+00
0.000000000000000000e+00
0.000000000000000000e+00
0.000000000000000000e+00
0.000000000000000000e+00
0.000000000000000000e+00
0.000000000000000000e+00
0.000000000000000000e+00
0.000000000000000000e+00
0.000000000000000000e+00
0.000000000000000000e+00
0.000000000000000000e+00
0.000000000000000000e+00
0.000000000000000000e+00
0.000000000000000000e+00
0.000000000000000000e+00
0.000000000000000000e+00
0.000000000000000000e+00
0.000000000000000000e+00
0.000000000000000000e+00
0.000000000000000000e+00
0.000000000000000000e+00
0.000000000000000000e+00
0.000000000000000000e+00
0.000000000000000000e+00
0.000000000000000000e+00
0.000000000000000000e+00
0.000000000000000000e+00
0.000000000000000000e+00
0.000000000000000000e+00
0.000000000000000000e+00
0.000000000000000000e+00
0.000000000000000000e+00
0.000000000000000000e+00
0.000000000000000000e+00
0.000000000000000000e+00
0.000000000000000000e+00
0.000000000000000000e+00
0.000000000000000000e+00
0.000000000000000000e+00
0.000000000000000000e+00
0.000000000000000000e+00
0.000000000000000000e+00
0.000000000000000000e+00
0.000000000000000000e+00
0.000000000000000000e+00
0.000000000000000000e+00
0.000000000000000000e+00
0.000000000000000000e+00
0.000000000000000000e+00
0.000000000000000000e+00
0.000000000000000000e+00
0.000000000000000000e+00
0.000000000000000000e+00
0.000000000000000000e+00
0.000000000000000000e+00
0.000000000000000000e+00
0.000000000000000000e+00
0.000000000000000000e+00
0.000000000000000000e+00
0.000000000000000000e+00
0.000000000000000000e+00
0.000000000000000000e+00
0.000000000000000000e+00
0.000000000000000000e+00
0.000000000000000000e+00
0.000000000000000000e+00
0.000000000000000000e+00
0.000000000000000000e+00
0.000000000000000000e+00
0.000000000000000000e+00
0.000000000000000000e+00
0.000000000000000000e+00
0.000000000000000000e+00
0.000000000000000000e+00
0.000000000000000000e+00
0.000000000000000000e+00
0.000000000000000000e+00
0.000000000000000000e+00
0.000000000000000000e+00
0.000000000000000000e+00
0.000000000000000000e+00
0.000000000000000000e+00
0.000000000000000000e+00
0.000000000000000000e+00
0.000000000000000000e+00
0.000000000000000000e+00
0.000000000000000000e+00
0.000000000000000000e+00
0.000000000000000000e+00
0.000000000000000000e+00
0.000000000000000000e+00
0.000000000000000000e+00
0.000000000000000000e+00
0.000000000000000000e+00
0.000000000000000000e+00
0.000000000000000000e+00
0.000000000000000000e+00
0.000000000000000000e+00
0.000000000000000000e+00
0.000000000000000000e+00
0.000000000000000000e+00
0.000000000000000000e+00
0.000000000000000000e+00
0.000000000000000000e+00
0.000000000000000000e+00
0.000000000000000000e+00
0.000000000000000000e+00
0.000000000000000000e+00
0.000000000000000000e+00
0.000000000000000000e+00
0.000000000000000000e+00
0.000000000000000000e+00
0.000000000000000000e+00
0.000000000000000000e+00
0.000000000000000000e+00
0.000000000000000000e+00
0.000000000000000000e+00
0.000000000000000000e+00
0.000000000000000000e+00
0.000000000000000000e+00
0.000000000000000000e+00
0.000000000000000000e+00
0.000000000000000000e+00
0.000000000000000000e+00
0.000000000000000000e+00
0.000000000000000000e+00
0.000000000000000000e+00
0.000000000000000000e+00
0.000000000000000000e+00
0.000000000000000000e+00
0.000000000000000000e+00
0.000000000000000000e+00
0.000000000000000000e+00
0.000000000000000000e+00
0.000000000000000000e+00
0.000000000000000000e+00
0.000000000000000000e+00
0.000000000000000000e+00
0.000000000000000000e+00
0.000000000000000000e+00
0.000000000000000000e+00
0.000000000000000000e+00
0.000000000000000000e+00
0.000000000000000000e+00
0.000000000000000000e+00
0.000000000000000000e+00
0.000000000000000000e+00
0.000000000000000000e+00
0.000000000000000000e+00
0.000000000000000000e+00
0.000000000000000000e+00
0.000000000000000000e+00
0.000000000000000000e+00
0.000000000000000000e+00
0.000000000000000000e+00
0.000000000000000000e+00
0.000000000000000000e+00
0.000000000000000000e+00
0.000000000000000000e+00
0.000000000000000000e+00
0.000000000000000000e+00
0.000000000000000000e+00
0.000000000000000000e+00
0.000000000000000000e+00
0.000000000000000000e+00
0.000000000000000000e+00
0.000000000000000000e+00
0.000000000000000000e+00
0.000000000000000000e+00
0.000000000000000000e+00
0.000000000000000000e+00
0.000000000000000000e+00
0.000000000000000000e+00
0.000000000000000000e+00
0.000000000000000000e+00
0.000000000000000000e+00
0.000000000000000000e+00
0.000000000000000000e+00
0.000000000000000000e+00
0.000000000000000000e+00
0.000000000000000000e+00
0.000000000000000000e+00
0.000000000000000000e+00
0.000000000000000000e+00
0.000000000000000000e+00
0.000000000000000000e+00
0.000000000000000000e+00
0.000000000000000000e+00
0.000000000000000000e+00
0.000000000000000000e+00
0.000000000000000000e+00
0.000000000000000000e+00
0.000000000000000000e+00
0.000000000000000000e+00
0.000000000000000000e+00
0.000000000000000000e+00
0.000000000000000000e+00
0.000000000000000000e+00
0.000000000000000000e+00
0.000000000000000000e+00
0.000000000000000000e+00
0.000000000000000000e+00
0.000000000000000000e+00
0.000000000000000000e+00
0.000000000000000000e+00
0.000000000000000000e+00
0.000000000000000000e+00
0.000000000000000000e+00
0.000000000000000000e+00
0.000000000000000000e+00
0.000000000000000000e+00
0.000000000000000000e+00
0.000000000000000000e+00
0.000000000000000000e+00
0.000000000000000000e+00
0.000000000000000000e+00
0.000000000000000000e+00
0.000000000000000000e+00
0.000000000000000000e+00
0.000000000000000000e+00
0.000000000000000000e+00
0.000000000000000000e+00
0.000000000000000000e+00
0.000000000000000000e+00
0.000000000000000000e+00
0.000000000000000000e+00
0.000000000000000000e+00
0.000000000000000000e+00
0.000000000000000000e+00
0.000000000000000000e+00
0.000000000000000000e+00
0.000000000000000000e+00
0.000000000000000000e+00
0.000000000000000000e+00
0.000000000000000000e+00
0.000000000000000000e+00
0.000000000000000000e+00
0.000000000000000000e+00
0.000000000000000000e+00
0.000000000000000000e+00
0.000000000000000000e+00
0.000000000000000000e+00
0.000000000000000000e+00
0.000000000000000000e+00
0.000000000000000000e+00
0.000000000000000000e+00
0.000000000000000000e+00
0.000000000000000000e+00
0.000000000000000000e+00
0.000000000000000000e+00
0.000000000000000000e+00
0.000000000000000000e+00
0.000000000000000000e+00
0.000000000000000000e+00
0.000000000000000000e+00
0.000000000000000000e+00
0.000000000000000000e+00
0.000000000000000000e+00
0.000000000000000000e+00
0.000000000000000000e+00
0.000000000000000000e+00
0.000000000000000000e+00
0.000000000000000000e+00
0.000000000000000000e+00
0.000000000000000000e+00
0.000000000000000000e+00
0.000000000000000000e+00
0.000000000000000000e+00
0.000000000000000000e+00
0.000000000000000000e+00
0.000000000000000000e+00
0.000000000000000000e+00
0.000000000000000000e+00
0.000000000000000000e+00
0.000000000000000000e+00
0.000000000000000000e+00
0.000000000000000000e+00
0.000000000000000000e+00
0.000000000000000000e+00
0.000000000000000000e+00
0.000000000000000000e+00
0.000000000000000000e+00
0.000000000000000000e+00
0.000000000000000000e+00
0.000000000000000000e+00
0.000000000000000000e+00
0.000000000000000000e+00
0.000000000000000000e+00
0.000000000000000000e+00
0.000000000000000000e+00
0.000000000000000000e+00
0.000000000000000000e+00
0.000000000000000000e+00
0.000000000000000000e+00
0.000000000000000000e+00
0.000000000000000000e+00
0.000000000000000000e+00
0.000000000000000000e+00
0.000000000000000000e+00
0.000000000000000000e+00
0.000000000000000000e+00
0.000000000000000000e+00
0.000000000000000000e+00
0.000000000000000000e+00
0.000000000000000000e+00
0.000000000000000000e+00
0.000000000000000000e+00
0.000000000000000000e+00
0.000000000000000000e+00
0.000000000000000000e+00
0.000000000000000000e+00
0.000000000000000000e+00
0.000000000000000000e+00
0.000000000000000000e+00
0.000000000000000000e+00
0.000000000000000000e+00
0.000000000000000000e+00
0.000000000000000000e+00
0.000000000000000000e+00
0.000000000000000000e+00
0.000000000000000000e+00
0.000000000000000000e+00
0.000000000000000000e+00
0.000000000000000000e+00
0.000000000000000000e+00
0.000000000000000000e+00
0.000000000000000000e+00
0.000000000000000000e+00
0.000000000000000000e+00
0.000000000000000000e+00
0.000000000000000000e+00
0.000000000000000000e+00
0.000000000000000000e+00
0.000000000000000000e+00
0.000000000000000000e+00
0.000000000000000000e+00
0.000000000000000000e+00
0.000000000000000000e+00
0.000000000000000000e+00
0.000000000000000000e+00
0.000000000000000000e+00
0.000000000000000000e+00
0.000000000000000000e+00
0.000000000000000000e+00
0.000000000000000000e+00
0.000000000000000000e+00
0.000000000000000000e+00
0.000000000000000000e+00
0.000000000000000000e+00
0.000000000000000000e+00
0.000000000000000000e+00
0.000000000000000000e+00
0.000000000000000000e+00
0.000000000000000000e+00
0.000000000000000000e+00
0.000000000000000000e+00
0.000000000000000000e+00
0.000000000000000000e+00
0.000000000000000000e+00
0.000000000000000000e+00
0.000000000000000000e+00
0.000000000000000000e+00
0.000000000000000000e+00
0.000000000000000000e+00
0.000000000000000000e+00
0.000000000000000000e+00
0.000000000000000000e+00
0.000000000000000000e+00
0.000000000000000000e+00
0.000000000000000000e+00
0.000000000000000000e+00
0.000000000000000000e+00
0.000000000000000000e+00
0.000000000000000000e+00
0.000000000000000000e+00
0.000000000000000000e+00
0.000000000000000000e+00
0.000000000000000000e+00
0.000000000000000000e+00
0.000000000000000000e+00
0.000000000000000000e+00
0.000000000000000000e+00
0.000000000000000000e+00
0.000000000000000000e+00
0.000000000000000000e+00
0.000000000000000000e+00
0.000000000000000000e+00
0.000000000000000000e+00
0.000000000000000000e+00
0.000000000000000000e+00
0.000000000000000000e+00
0.000000000000000000e+00
0.000000000000000000e+00
0.000000000000000000e+00
0.000000000000000000e+00
0.000000000000000000e+00
0.000000000000000000e+00
0.000000000000000000e+00
0.000000000000000000e+00
0.000000000000000000e+00
0.000000000000000000e+00
0.000000000000000000e+00
0.000000000000000000e+00
0.000000000000000000e+00
0.000000000000000000e+00
0.000000000000000000e+00
0.000000000000000000e+00
0.000000000000000000e+00
0.000000000000000000e+00
0.000000000000000000e+00
0.000000000000000000e+00
0.000000000000000000e+00
0.000000000000000000e+00
0.000000000000000000e+00
0.000000000000000000e+00
0.000000000000000000e+00
0.000000000000000000e+00
0.000000000000000000e+00
0.000000000000000000e+00
0.000000000000000000e+00
0.000000000000000000e+00
0.000000000000000000e+00
0.000000000000000000e+00
0.000000000000000000e+00
0.000000000000000000e+00
0.000000000000000000e+00
0.000000000000000000e+00
0.000000000000000000e+00
0.000000000000000000e+00
0.000000000000000000e+00
0.000000000000000000e+00
0.000000000000000000e+00
0.000000000000000000e+00
0.000000000000000000e+00
0.000000000000000000e+00
0.000000000000000000e+00
0.000000000000000000e+00
0.000000000000000000e+00
0.000000000000000000e+00
0.000000000000000000e+00
0.000000000000000000e+00
0.000000000000000000e+00
0.000000000000000000e+00
0.000000000000000000e+00
0.000000000000000000e+00
0.000000000000000000e+00
0.000000000000000000e+00
0.000000000000000000e+00
0.000000000000000000e+00
0.000000000000000000e+00
0.000000000000000000e+00
0.000000000000000000e+00
0.000000000000000000e+00
0.000000000000000000e+00
0.000000000000000000e+00
0.000000000000000000e+00
0.000000000000000000e+00
0.000000000000000000e+00
0.000000000000000000e+00
0.000000000000000000e+00
0.000000000000000000e+00
0.000000000000000000e+00
0.000000000000000000e+00
0.000000000000000000e+00
0.000000000000000000e+00
0.000000000000000000e+00
0.000000000000000000e+00
0.000000000000000000e+00
0.000000000000000000e+00
0.000000000000000000e+00
0.000000000000000000e+00
0.000000000000000000e+00
0.000000000000000000e+00
0.000000000000000000e+00
0.000000000000000000e+00
0.000000000000000000e+00
0.000000000000000000e+00
0.000000000000000000e+00
0.000000000000000000e+00
0.000000000000000000e+00
0.000000000000000000e+00
0.000000000000000000e+00
0.000000000000000000e+00
0.000000000000000000e+00
0.000000000000000000e+00
0.000000000000000000e+00
0.000000000000000000e+00
0.000000000000000000e+00
0.000000000000000000e+00
0.000000000000000000e+00
0.000000000000000000e+00
0.000000000000000000e+00
0.000000000000000000e+00
-0.000000000000000000e+00
0.000000000000000000e+00
1.401298464324817071e-45
7.006492321624085355e-45
1.261168617892335364e-44
1.681558157189780485e-44
2.101947696487225606e-44
2.522337235784670728e-44
2.802596928649634142e-44
3.082856621514597556e-44
3.783505853677006091e-44
4.624284932271896334e-44
4.904544625136859748e-44
4.063765546541969506e-44
2.942726775082115849e-44
2.101947696487225606e-44
8.407790785948902426e-45
-5.605193857299268284e-45
-1.961817850054743899e-44
-3.363116314379560970e-44
-4.904544625136859748e-44
-6.866362475191603648e-44
-8.688050478813865840e-44
-9.809089250273719496e-44
-9.949219096706201204e-44
-1.093012802173357315e-43
-1.191103694676094510e-43
-1.261168617892335364e-43
-1.233142648605839022e-43
-1.219129663962590852e-43
-1.191103694676094510e-43
-1.177090710032846340e-43
-1.177090710032846340e-43
-1.149064740746349998e-43
-1.107025786816605486e-43
-1.135051756103101827e-43
-1.177090710032846340e-43
-1.163077725389598169e-43
-1.036960863600364632e-43
-1.008934894313868291e-43
-9.668959403841237789e-44
-6.866362475191603648e-44
-2.802596928649634142e-44
-8.407790785948902426e-45
2.382207389352189021e-44
1.177090710032846340e-43
2.382207389352189021e-43
2.984765729011860361e-43
3.629363022601276214e-43
5.338947149077553040e-43
7.581024691997260354e-43
8.631998540240873157e-43
9.668959403841237789e-43
1.275181602535583535e-42
1.673150366403831583e-42
1.866529554480656338e-42
2.062711339486130728e-42
2.623230725216057557e-42
3.342096837414688714e-42
3.688217558102918531e-42
4.045548666505746884e-42
5.047477068497991089e-42
6.325461267962224258e-42
6.972861158480289745e-42
7.630070138248628951e-42
9.371884129404376570e-42
1.154389674910784303e-41
1.262149526817362736e-41
1.369348859338211242e-41
1.655774265446203851e-41
2.012124464924004832e-41
2.188547941582499301e-41
2.363149730237371508e-41
2.829361729318238148e-41
3.406696696620062781e-41
3.692001063956595537e-41
3.972120626975126469e-41
4.716350241378036816e-41
5.631678398275007326e-41
6.080654426244678716e-41
6.518139806806886605e-41
7.681778051582214701e-41
9.108019628572013516e-41
9.807267562270097234e-41
1.048381446084611892e-40
1.227593506687112747e-40
1.446083963244638225e-40
1.552512581610108081e-40
1.654344941012592538e-40
1.924599362842276758e-40
2.252559255432856945e-40
2.410737826085842296e-40
2.560564657891451737e-40
2.960285044840105807e-40
3.443396703400729740e-40
3.672943404841778025e-40
3.887552264653123759e-40
4.466470699219635436e-40
5.163308399559080469e-40
5.488591812082800255e-40
5.788511722402240853e-40
6.609280258926572708e-40
7.592823625066875313e-40
8.040286250695075901e-40
8.444490792729569385e-40
9.575562861193988732e-40
1.092355593193588976e-39
1.151561854609776822e-39
1.203562639322406459e-39
1.353868715202814988e-39
1.531458072183627705e-39
1.604298967657696021e-39
1.664588432786806950e-39
1.852480136077335723e-39
2.072909989709486747e-39
2.155296530322535717e-39
2.221568138595849291e-39
2.452468494353435349e-39
2.725201813166510170e-39
2.826320911650653295e-39
2.903137290868011117e-39
3.163425678019417238e-39
3.439400200180475362e-39
3.466476089108159477e-39
3.406227261634513967e-39
3.508388926176114756e-39
3.633579529680429588e-39
3.581170967114681430e-39
3.667453117458553391e-39
4.311854229262963770e-39
5.390624233844923644e-39
6.589580805115094429e-39
7.942788107442748103e-39
9.267544847049215016e-39
9.550604334245899415e-39
7.543915506065010548e-39
2.899231872047937852e-39
-3.126341715459525279e-39
-8.279007253182058762e-39
-9.144550078238497172e-39
1.609800465428635253e-39
3.265800059667902534e-38
8.480146551894621490e-38
1.514151980097277641e-37
2.184161989493039770e-37
2.536926882771957847e-37
2.093360315290088835e-37
3.305372728300435368e-38
-3.094922361811819961e-37
-7.775095336788321547e-37
-1.224915389903646015e-36
-1.421218247096438069e-36
-9.985168568029375791e-37
4.267412104518840769e-37
2.940657247826899242e-36
6.311836431783206347e-36
9.756709296617418993e-36
1.146667690803663681e-35
9.052075623611936988e-36
-4.335771030932674017e-38
-1.795958065232678378e-35
-4.335739166526634043e-35
-6.932957200470015095e-35
-8.440169972992731671e-35
-7.082857410989449212e-35
-9.158775555780875558e-36
1.084995175927765266e-34
2.776287379135626931e-34
4.681904459716417103e-34
6.002118695514236641e-34
5.607755952847706041e-34
2.193411847206924216e-34
-5.531583459736941021e-34
-1.750576860300267326e-33
-3.122384828852623275e-33
-4.215617717662382471e-33
-4.272458379654409552e-33
-2.344559849571530999e-33
2.189364105878264595e-33
9.572108538779459028e-33
1.914601411454773763e-32
2.809883769916746019e-32
3.173109467205718920e-32
2.404102532265716960e-32
-1.966533723316545455e-33
-4.940457582953747843e-32
-1.125495639005542167e-31
-1.779315941283185715e-31
-2.193456942108957636e-31
-1.968768132365947230e-31
-7.327867801564200616e-32
1.836665724572233313e-31
5.838993122031620781e-31
1.059218399299965591e-30
1.453693238577158543e-30
1.540991937798038152e-30
1.013483675691393015e-30
-3.886085582293013429e-31
-2.682437859649887938e-30
-5.671874594807985218e-30
-8.733500977117876950e-30
-1.054612906472991934e-29
-9.456981074625249256e-30
-3.576052802885105796e-30
8.848302952763815785e-30
2.748934277330141435e-29
4.886219084006524466e-29
6.687414971839305747e-29
7.148399544796758310e-29
5.030879293248095477e-29
-5.569569346625412155e-30
-1.020417027252768987e-28
-2.355256562401337131e-28
-3.774819561362822643e-28
-4.765586536009885561e-28
-4.625426984307104472e-28
-2.467075092007487851e-28
2.317857169552524446e-28
9.581504362221414950e-28
1.854893366539473730e-27
2.722769014402871783e-27
3.186099995959819926e-27
2.803909213331883784e-27
1.072882127462172348e-27
-2.457829039382224999e-27
-7.669349631761408801e-27
-1.366938484715760358e-26
-1.891206197861911746e-26
-2.087476331824854992e-26
-1.646827874632130857e-26
-3.331882685321228428e-27
2.043168849747468897e-26
5.469252158285379152e-26
9.353958859298572941e-26
1.257802228558036852e-25
1.354402683744941616e-25
1.014742720524414122e-25
6.993121731920029078e-27
-1.511464150417346421e-25
-3.658757092975749042e-25
-6.063352057432990438e-25
-8.008208254050675654e-25
-8.549994965528071983e-25
-6.496601862151356569e-25
-5.720769364558619096e-26
9.615425573738912896e-25
2.310266724500212604e-24
3.784375204915529809e-24
4.984544636244703675e-24
5.309704029476394700e-24
4.153586168816572575e-24
8.420797298623237722e-25
-5.135153960269499249e-24
-1.338395926838624696e-23
-2.251377784608920941e-23
-3.026871599563143745e-23
-3.313964273155123279e-23
-2.714475423575295037e-23
-9.305798457300570984e-24
2.303022772579749097e-23
7.009463331930923536e-23
1.251795786405420703e-22
1.756486653024988197e-22
2.030825843916695841e-22
1.825532555724234894e-22
9.241280205989622179e-23
-7.701796692434195630e-23
-3.287373475979678248e-22
-6.438874054515068764e-22
-9.594512555597141785e-22
-1.183202500539153613e-21
-1.188996298923880197e-21
-8.242382749725236527e-22
7.389428126578029657e-24
1.305041297422295391e-21
3.004046748618576924e-21
4.881458962655725121e-21
6.470501596041717878e-21
7.186310901726290008e-21
6.263051322320667497e-21
2.864015733788433030e-21
-3.343606005658728677e-21
-1.204272543652919502e-20
-2.244446024707243011e-20
-3.276118609380450268e-20
-3.999954959739767940e-20
-4.079463495594879605e-20
-3.086846437413819616e-20
-5.962733061175633887e-21
3.464213664561326748e-20
8.783889732072274571e-20
1.475259174147278818e-19
2.018764399479839799e-19
2.335299665780946228e-19
2.243656842704079138e-19
1.516973116956503735e-19
-5.437215282159821965e-21
-2.465724593383420599e-19
-5.507286317304685802e-19
-8.799822393892782287e-19
-1.165816568008508324e-18
-1.314877616317860985e-18
-1.233617047301876652e-18
-8.048144759702063596e-19
7.589118456353777639e-20
1.396794036162023300e-18
3.044326575118723699e-18
4.818683169375090285e-18
6.365538211809466286e-18
7.214183747667938753e-18
6.896134870092830995e-18
4.814085285940214280e-18
4.290800387283935491e-19
-6.228338726688970904e-18
-1.465688275699855183e-17
-2.396505520019039142e-17
-3.252254138515565712e-17
-3.810678476094194356e-17
-3.844816219974257808e-17
-3.056156746803334590e-17
-1.158766218134504476e-17
1.882030611874332943e-17
5.901524050726516201e-17
1.058676503747751072e-16
1.529701665722965859e-16
1.907429920501712704e-16
2.088991168047875965e-16
1.933959786503105442e-16
1.296038892195598550e-16
1.255637835978957079e-17
-1.551460750997846758e-16
-3.666872597206258461e-16
-6.021666806918372136e-16
-8.251200990297131825e-16
-9.932352808733656627e-16
-1.046241332163118896e-15
-9.147511138049135154e-16
-5.591800762560366917e-16
3.691807989858893982e-17
8.877778789951923551e-16
1.965475367841375796e-15
3.164853480604494160e-15
4.350798286098869760e-15
5.323550404483495119e-15
5.825180680022910493e-15
5.654301100276775197e-15
4.666746234105933686e-15
2.674828191717173141e-15
-4.100262298624841569e-16
-4.382168151300432773e-15
-8.901808902907291238e-15
-1.344023261011951381e-14
-1.719481795717323763e-14
-1.931148891785774285e-14
-1.895044112409059733e-14
-1.486902303214111820e-14
-5.817128784826311114e-15
8.642490613138334443e-15
2.874433411561780338e-14
5.481872212566817060e-14
8.657676897443067343e-14
1.227821555364883022e-13
1.623166932893799208e-13
2.034234732701742376e-13
2.437264799703964258e-13
2.816145211990972452e-13
3.162582771620153776e-13
3.459660401043673783e-13
3.694588580384350340e-13
3.877366093127387892e-13
4.023950226847428091e-13
4.149587845645591466e-13
4.279114226585917224e-13
4.442848270270333133e-13
4.665581614625435858e-13
4.978712754566405607e-13
5.411554451079103600e-13
5.968350813567724344e-13
6.646121912361191431e-13
7.443990085800877843e-13
8.347339204399506496e-13
9.325042907987191043e-13
1.035510869759614927e-12
1.140841761337885174e-12
1.245163694374440411e-12
1.347358964849665330e-12
1.448068661508150612e-12
1.547214179692391056e-12
1.645574410243100250e-12
1.746256676586621648e-12
1.852617451808535876e-12
1.967634171914922625e-12
2.094123702570116485e-12
2.233511335950066901e-12
2.386414199931352620e-12
2.552629765548153351e-12
2.730303613404649887e-12
2.916172945482964352e-12
3.107685333028631369e-12
3.300814916534777765e-12
3.490956655693988608e-12
3.676102391242386247e-12
3.855870050334386789e-12
4.028700550245956080e-12
4.193894363735406472e-12
4.353465938439216032e-12
4.509272295838417932e-12
4.662318274506471738e-12
4.813443480605750224e-12
4.962621893284113739e-12
5.108398079545217740e-12
5.248140897556874407e-12
5.378111150866615731e-12
5.494205784772887569e-12
5.591921890812923124e-12
5.665786416420015570e-12
5.710969891437045476e-12
5.725332100775526456e-12
5.706176416792052564e-12
5.651268515649565671e-12
5.560368571827511985e-12
5.434223817463168515e-12
5.270766462173170908e-12
5.069689026221402273e-12
4.831824610557200472e-12
4.555483594514964096e-12
4.235263615509632373e-12
3.868487127856035102e-12
3.453889734980619686e-12
2.988251790111973172e-12
2.465165441570271732e-12
1.883043200534562089e-12
1.243713790809175546e-12
5.472516970833618544e-13
-2.102912841691478851e-13
-1.025369025797751021e-12
-1.890639988316733522e-12
-2.804454151544844009e-12
-3.770360759713931031e-12
-4.782629153821105206e-12
-5.832818169432263389e-12
-6.920729180709406236e-12
-8.050383276669847987e-12
-9.215486880542744785e-12
-1.040669894009083052e-11
-1.162236452911802331e-11
-1.286366239222624941e-11
-1.412031602754382220e-11
-1.537894291081531861e-11
-1.663505271032317268e-11
-1.788607109642903481e-11
-1.911840130652819880e-11
-2.031735543694956903e-11
-2.147871464019956989e-11
-2.259804496307360466e-11
-2.366257710606500808e-11
-2.466061556349874451e-11
-2.558849659939355092e-11
-2.643896906961984428e-11
-2.720062543259960108e-11
-2.786441043178822241e-11
-2.842539224834350620e-11
-2.887239579363320985e-11
-2.919544814239394270e-11
-2.938930349083435090e-11
-2.944952615102636173e-11
-2.936291834676474366e-11
-2.912475122185398391e-11
-2.873775176159831801e-11
-2.819961451849817280e-11
-2.749651027700306116e-11
-2.663114347101203094e-11
-2.561488347818663414e-11
-2.444626966136009827e-11
-2.311089514206443596e-11
-2.161809273260040243e-11
-1.998635285049843446e-11
-1.821521405931392223e-11
-1.629149246062944201e-11
-1.423164103925289581e-11
-1.206149589927374421e-11
-9.782864622553955058e-12
-7.385926072134285647e-12
-4.894230853924597113e-12
-2.339283064131669754e-12
2.759308623603851096e-13
2.957403419379112108e-12
5.677685318422609484e-12
8.404216558788313307e-12
1.113377532530046565e-11
1.386774983042071696e-11
1.657800459409219940e-11
1.923445604179452317e-11
2.183312731995901146e-11
2.436972498798262166e-11
2.681804257831377214e-11
2.915357885657776649e-11
3.137235957129114183e-11
3.346515772828517754e-11
3.541155910169457854e-11
3.719704058657846701e-11
3.881885438095089569e-11
4.026374372800844981e-11
4.152044680294508794e-11
4.258672234302984805e-11
4.346022153267625754e-11
4.412405857356915817e-11
4.457684568692776850e-11
4.482832161034622231e-11
4.487619303938927828e-11
4.470148209922975013e-11
4.431316424913234187e-11
4.373258699619242407e-11
4.295865399517317940e-11
4.197309166897866817e-11
4.079522483713127201e-11
3.945662199744681686e-11
3.795738723333386133e-11
3.628131128863287813e-11
3.445554605518985625e-11
3.251763441847188574e-11
3.046733351719232985e-11
2.829080719690679757e-11
2.601902200638495088e-11
2.369031533444587723e-11
2.130361512198142293e-11
1.884891721870562975e-11
1.635734082905404563e-11
1.386412425835592543e-11
1.136846606436536788e-11
8.865555858883489293e-12
6.383734686699060745e-12
3.951797222789821262e-12
1.569237253161437362e-12
-7.637062098171665259e-13
-3.024664503234464341e-12
-5.193984565360354466e-12
-7.272525463786205790e-12
-9.256240739163867914e-12
-1.113057476048728844e-11
-1.288658936504649688e-11
-1.452530370288362960e-11
-1.603896876423149820e-11
-1.742177756225427032e-11
-1.867520027509783631e-11
-1.979956303077567981e-11
-2.078448697873103157e-11
-2.163243022212935074e-11
-2.235398671723842767e-11
-2.294909748346007916e-11
-2.340627171248943483e-11
-2.373502436259222748e-11
-2.395269399491084528e-11
-2.405876886601987508e-11
-2.404167143144064767e-11
-2.391574785431949124e-11
-2.370227104864230938e-11
-2.339991568567345581e-11
-2.299782586590026767e-11
-2.251307820722026065e-11
-2.196815299115861819e-11
-2.136135886232626291e-11
-2.068376546426886620e-11
-1.995303575141882391e-11
-1.919039059605776032e-11
-1.839397037461942830e-11
-1.755705476835789369e-11
-1.669573680695979334e-11
-1.582791710197373192e-11
-1.495142031016083450e-11
-1.406166762890626032e-11
-1.317196872407944142e-11
-1.229577984568352989e-11
-1.143111126589158033e-11
-1.057596718534448144e-11
-9.740086341636366996e-12
-8.932164903552308743e-12
-8.150661569283901287e-12
-7.395470520699110040e-12
-6.672464230444985489e-12
-5.985487713106030228e-12
-5.333092474579803621e-12
-4.716566113366349455e-12
-4.138064457065437907e-12
-3.597391915605152590e-12
-3.093594607914140759e-12
-2.629042166260586733e-12
-2.203005789944145754e-12
-1.812225499872588408e-12
-1.456163857029013631e-12
-1.137637618657538763e-12
-8.535671626973273529e-13
-5.986220633774630429e-13
-3.723725429567725786e-13
-1.774279101461953556e-13
-9.387595003651841297e-15
1.380082707185328883e-13
2.649282431887306499e-13
3.689879077197616430e-13
4.550533127395395283e-13
5.292833771090854622e-13
5.917079977033057325e-13
6.406612978841763617e-13
6.808231821191224054e-13
7.176359658432607258e-13
7.512187486652388557e-13
7.806417188019332265e-13
8.097651238783698524e-13
8.426436089691013986e-13
8.792387391071132541e-13
9.191426916452249962e-13
9.649590154703346911e-13
1.019083797383635304e-12
1.081442769536311577e-12
1.152188370753814972e-12
1.232608199536189275e-12
1.323497518176952603e-12
1.424775011513168543e-12
1.536832727050407854e-12
1.659574062375102077e-12
1.792249183264760237e-12
1.934513313428531944e-12
2.086660705336029764e-12
2.247407772035248108e-12
2.414874723799531608e-12
2.588599473662966943e-12
2.768706921715824443e-12
2.953176982470329115e-12
3.139545264388421408e-12
3.327187050178315175e-12
3.515763201400456950e-12
3.702862669263673467e-12
3.885903317873973251e-12
4.063996101449918186e-12
4.236219014464026600e-12
4.400310411184493731e-12
4.554173444609732613e-12
4.696864425168811863e-12
4.827005115060067908e-12
4.942967042620427520e-12
5.043624372313981752e-12
5.127966627715974113e-12
5.194105128641934854e-12
5.241344684658866271e-12
5.269762057280580336e-12
5.278311208251063036e-12
5.264828070034033303e-12
5.229800099926240620e-12
5.174694006626623377e-12
5.098641994716324177e-12
4.999453542126053307e-12
4.878837351479647921e-12
4.739519974400474567e-12
4.580759382921684164e-12
4.400482582489484429e-12
4.201402680620303087e-12
3.987178209124975226e-12
3.757274873172899987e-12
3.510024952982360169e-12
3.248883150355763583e-12
2.978036220402380252e-12
2.697229809292545077e-12
2.405369089672482197e-12
2.106185668579452219e-12
1.803840171850368268e-12
1.498271775743353906e-12
1.188997901871435836e-12
8.795589582187568478e-13
5.735586701763328854e-13
2.711562528331934452e-13
-2.741433145216857353e-14
-3.192255758777823305e-13
-6.016306701960016934e-13
-8.742773215456023372e-13
-1.136325517188396805e-12
-1.385804231784915075e-12
-1.621342383267831977e-12
-1.842493388762300732e-12
-2.047918041744867246e-12
-2.236794733809222002e-12
-2.409107852444081210e-12
-2.564304020860608269e-12
-2.700687980541904842e-12
-2.818595400480572444e-12
-2.919283521515825264e-12
-3.002168826038431604e-12
-3.065420313419497944e-12
-3.110419040386336320e-12
-3.139457444012450082e-12
-3.151965450795546353e-12
-3.146137430437567772e-12
-3.124129427378719015e-12
-3.088900663028582017e-12
-3.039898194279189170e-12
-2.975497886276157189e-12
-2.898309630489093180e-12
-2.811568469360259392e-12
-2.714800172859410665e-12
-2.606698060528267469e-12
-2.489990852394541321e-12
-2.367802785438466451e-12
-2.239738342707520147e-12
-2.104860990365109430e-12
-1.965691281621828601e-12
-1.824921940993262659e-12
-1.682252102376546876e-12
-1.537145410956952674e-12
-1.391693726406073583e-12
-1.247947383452296943e-12
-1.105719574061303501e-12
-9.648600278119867646e-13
-8.268705273435650316e-13
-6.930539584067141323e-13
-5.633197359099229029e-13
-4.378247710126043080e-13
-3.174403285805676989e-13
-2.027253012812021971e-13
-9.368784095959217795e-14
9.256843609781878479e-15
1.058351065748482089e-13
1.961317122167044458e-13
2.800501258844179109e-13
3.570237638514384138e-13
4.272789804263266156e-13
4.914079126255854746e-13
5.492590974057187658e-13
6.001901449795288279e-13
6.447925960523237521e-13
6.839815172576813040e-13
7.175542712095639430e-13
7.448604450246976150e-13
7.667071730103891536e-13
7.841684116285940753e-13
7.970267783437290365e-13
8.046922503335274257e-13
8.080601075419191481e-13
8.082192142107313959e-13
8.049537598975309294e-13
7.977594821718947404e-13
7.875010864764886431e-13
7.751644920568623309e-13
7.605433752395918123e-13
7.432423274923716239e-13
7.240220792695262197e-13
7.037049437087772308e-13
6.821221105318686639e-13
6.589955360916666116e-13
6.349411556423600889e-13
6.105836322656266191e-13
5.857842965036053062e-13
5.603640923675101693e-13
5.347705785141432244e-13
5.094279490434894253e-13
4.842325000177505334e-13
4.590945137071533733e-13
4.343104923008184182e-13
4.101304799247751376e-13
3.864914031176391873e-13
3.633783269944845795e-13
3.409516050566219203e-13
3.193154020277727545e-13
2.984355655395037887e-13
2.783449740226956459e-13
2.590965365433656187e-13
2.406840189390219154e-13
2.231043447860001083e-13
2.064299658944765414e-13
1.906372602096181867e-13
1.756516752795395098e-13
1.614887423003613653e-13
1.482274182952950103e-13
1.357967693372055806e-13
1.240844449759692658e-13
1.131006299357438516e-13
1.029100239811724105e-13
9.342266543699295767e-14
8.452181961054669457e-14
7.620422711905258661e-14
6.851019317827278243e-14
6.135730487057122762e-14
5.464217674253785129e-14
4.834853898532179284e-14
4.250535334945557131e-14
3.704560258815242646e-14
3.188108346654887348e-14
2.700830282077043565e-14
2.247316475436061251e-14
1.822052064618957107e-14
1.417114835173356388e-14
1.035649058102761783e-14
6.847965764052426491e-15
3.589104755313387435e-15
5.054693994332862868e-16
-2.353036986923475425e-15
-4.923341736465941532e-15
-7.264344291033064671e-15
-9.436191824934662270e-15
-1.141674035583066515e-14
-1.319819125137570298e-14
-1.482324937167149581e-14
-1.631897572531692403e-14
-1.772753900055809573e-14
-1.911055576211007773e-14
-2.047182749384014733e-14
-2.179926025932740763e-14
-2.318472325203106005e-14
-2.471582000748793334e-14
-2.635704459861502175e-14
-2.807342981128377324e-14
-2.994568433284036657e-14
-3.202337483729222889e-14
-3.425645184185199810e-14
-3.661215888838345589e-14
-3.911492779521720531e-14
-4.175904617215696335e-14
-4.451091391625104643e-14
-4.735305843186349284e-14
-5.026922007453880903e-14
-5.323554978461410292e-14
-5.623788517121128261e-14
-5.926423224779722720e-14
-6.229610875546284787e-14
-6.531766501369912215e-14
-6.831600579291705055e-14
-7.127775474881359319e-14
-7.417762964197910369e-14
-7.696921306690404641e-14
-7.964017900013997675e-14
-8.219910619137668628e-14
-8.456751195585338055e-14
-8.662672358952794305e-14
-8.842190488914797308e-14
-9.004905518082348403e-14
-9.137823961044566623e-14
-9.223187941468855011e-14
-9.276238631394928547e-14
-9.317703943481636664e-14
-9.323385840491818510e-14
-9.259229532187704392e-14
-9.144123853293065207e-14
-9.000383039770368243e-14
-8.774212367952671787e-14
-8.401948841524342626e-14
-7.902450124396692699e-14
-7.298153102902951717e-14
-6.520498930292356610e-14
-5.507823269191615412e-14
-4.299382030947818123e-14
-2.940900764559183089e-14
-1.402536805228046801e-14
3.331767040333348008e-15
2.197367450756243512e-14
4.116276208234424805e-14
6.097355151161998332e-14
8.163167543187924147e-14
1.025398028205865009e-13
1.231239638238915135e-13
1.441029506008342786e-13
1.663667982673353030e-13
1.896281525901044596e-13
2.136759194061588207e-13
2.395184473934913738e-13
2.678371305124549462e-13
2.982816630411194714e-13
3.305992361379156419e-13
3.648087691307533298e-13
4.005220092216654759e-13
4.372916688043931854e-13
4.747919180210502521e-13
5.123880378148093495e-13
5.494933392850842591e-13
5.860524197008609715e-13
6.221388421795426282e-13
6.574432296312104906e-13
6.916158184350207350e-13
7.249752013993582267e-13
7.580003248339184374e-13
7.900376858792357293e-13
8.200289947947470015e-13
8.484610041457896212e-13
8.760467937012073047e-13
9.012544942114952828e-13
9.223636394592449328e-13
9.403199789995153601e-13
9.562688097972116275e-13
9.684890693237302450e-13
9.752488530287428681e-13
9.779489501191007683e-13
9.780851259119649477e-13
9.737890832237083849e-13
9.631069813192949525e-13
9.475860851190787137e-13
9.288176781516166436e-13
9.047605329867702828e-13
8.735387088155965873e-13
8.369176120355537041e-13
7.966340803168547868e-13
7.511252904379706052e-13
6.990763762142193638e-13
6.422527440430592094e-13
5.822504479426060531e-13
5.177462191613413367e-13
4.475095966537112613e-13
3.728074977633194509e-13
2.946576630694780485e-13
2.118198872596080418e-13
1.234315655327528072e-13
3.034733380390119972e-14
-6.686610222765218547e-14
-1.684033229705506063e-13
-2.739204804820538630e-13
-3.829312897590114728e-13
-4.952663713170268878e-13
-6.099785932432710833e-13
-7.259120062864943268e-13
-8.432806861656538810e-13
-9.625678075789179111e-13
-1.082363474021186267e-12
-1.201188996359514594e-12
-1.319953044434662992e-12
-1.439759552898656203e-12
-1.558713553194424062e-12
-1.674825100654586674e-12
-1.789485335086660189e-12
-1.904204008015830674e-12
-2.016465119880628265e-12
-2.123778149870636511e-12
-2.227870232046624821e-12
-2.330463946820238164e-12
-2.428636718815324613e-12
-2.519667634259814548e-12
-2.605437350242101324e-12
-2.687696636430314534e-12
-2.763501883926156033e-12
-2.830249055951750137e-12
-2.889794089785957532e-12
-2.943784105369218196e-12
-2.989557386368080216e-12
-3.024750805727394187e-12
-3.050978306801122031e-12
-3.069621379997444777e-12
-3.078311043569481598e-12
-3.074889952034420837e-12
-3.060628356657546512e-12
-3.036611760653951109e-12
-3.000960807977848255e-12
-2.951956387664544934e-12
-2.890589894180561892e-12
-2.817744735456040317e-12
-2.732241733208184975e-12
-2.632853353737307778e-12
-2.520284111615089806e-12
-2.395248712913633504e-12
-2.257177951492383983e-12
-2.105268650381963980e-12
-1.940048599199939439e-12
-1.762199869533020991e-12
-1.571871539179925392e-12
-1.368869535951777738e-12
-1.153721974726795718e-12
-9.272131673565553456e-13
-6.902350327582518208e-13
-4.431834673551682258e-13
-1.866057492989209310e-13
7.863436464472517429e-14
3.510517614449537582e-13
6.296492190485669660e-13
9.138109106215930311e-13
1.202610819088512084e-12
1.493911873547137947e-12
1.785963195909123780e-12
2.078134756292038254e-12
2.369586731693074100e-12
2.657660116284210616e-12
2.939959473785558330e-12
3.216056110658116474e-12
3.485464304328611540e-12
3.745192524162721526e-12
3.992236662780923595e-12
4.226534920659386074e-12
4.448176202376252775e-12
4.653889686817569427e-12
4.840115287729762628e-12
5.007399443007765072e-12
5.156662857136451450e-12
5.284607387107120857e-12
5.387408835016982422e-12
5.466432861922498887e-12
5.523603709839397524e-12
5.555815356383941861e-12
5.559191561949061722e-12
5.535970553499636182e-12
5.489076207454424150e-12
5.415764624955299311e-12
5.312412402341815110e-12
5.182114719975983164e-12
5.028690137909297420e-12
4.850015788288031260e-12
4.643071083859640069e-12
4.411619940886124525e-12
4.160082868465142525e-12
3.887074256220257595e-12
3.590391005336979191e-12
3.274135086314688969e-12
2.942910672099063873e-12
2.596161350135184342e-12
2.232740901886298701e-12
1.856707929764889187e-12
1.472392628827645655e-12
1.080130017545866128e-12
6.799264927123682689e-13
2.753484289533258966e-13
-1.300419868359783959e-13
-5.351221852786802735e-13
-9.387803034943686953e-13
-1.338345883769576083e-12
-1.731419586696592017e-12
-2.116197191440183367e-12
-2.490565262705524141e-12
-2.853040720340871417e-12
-3.202654504444457650e-12
-3.537109407453220555e-12
-3.853542051429625914e-12
-4.151841197230776714e-12
-4.432579303603745302e-12
-4.693204158634500800e-12
-4.930396368951761588e-12
-5.145412308033003868e-12
-5.340277265536430562e-12
-5.512386554162862495e-12
-5.658274196407298007e-12
-5.780415208989087006e-12
-5.882052223765699139e-12
-5.960755326828159895e-12
-6.013241987679052158e-12
-6.042930912608657223e-12
-6.053910844849852424e-12
-6.044087973167133754e-12
-6.010605641676436406e-12
-5.957441571308175199e-12
-5.889091297950344028e-12
-5.803893823874695101e-12
-5.699601814818100465e-12
-5.580362127249882676e-12
-5.450639939397206035e-12
-5.309263445552048211e-12
-5.154700017523383693e-12
-4.990877936622561961e-12
-4.821831735973836075e-12
-4.646854082079876491e-12
-4.465111873991345348e-12
-4.279998230827253280e-12
-4.094812162958039181e-12
-3.909240986477158231e-12
-3.723086942908349073e-12
-3.538991148743786397e-12
-3.359339499284241803e-12
-3.184115514656693513e-12
-3.013608460000760658e-12
-2.849610955188430772e-12
-2.693543738746528859e-12
-2.545553177968340464e-12
-2.406244040825677999e-12
-2.276579315688143090e-12
-2.157096116311985057e-12
-2.047979841268698920e-12
-1.949961459662974406e-12
-1.863298794771428568e-12
-1.787826614182974616e-12
-1.723638484545098049e-12
-1.671397178645839254e-12
-1.630860919400733966e-12
-1.601419734667541839e-12
-1.582953386425334230e-12
-1.575882978797904510e-12
-1.579724849196106895e-12
-1.593728187615495173e-12
-1.617441749111880878e-12
-1.650873123100471407e-12
-1.693585376105755103e-12
-1.744999110486755711e-12
-1.804203813259019906e-12
-1.870644915011321352e-12
-1.944218223914884192e-12
-2.024830823843526417e-12
-2.110981528469224600e-12
-2.201394014994528803e-12
-2.296587399419625086e-12
-2.397243211230137838e-12
-2.501102189939041764e-12
-2.606005905861352723e-12
-2.713356882927397962e-12
-2.824890928815326774e-12
-2.937392083041112656e-12
-3.047612726417292528e-12
-3.158102468772683302e-12
-3.271892088860250958e-12
-3.384544597709315816e-12
-3.491494203131106921e-12
-3.596658344415248898e-12
-3.704592188569222344e-12
-3.809340863580867875e-12
-3.904734174886570486e-12
-3.996284640012115474e-12
-4.090253743344041126e-12
-4.178846938623914653e-12
-4.254029420391880478e-12
-4.323078353629661308e-12
-4.394126121992636413e-12
-4.457256178730384377e-12
-4.502315621018881941e-12
-4.538498916961675178e-12
-4.575891315167224249e-12
-4.602236560596884019e-12
-4.605120104694826466e-12
-4.595693183645499502e-12
-4.586008222479120988e-12
-4.561399001568045009e-12
-4.507138585962966459e-12
-4.436296382331894605e-12
-4.362752780567857869e-12
-4.269530909373209226e-12
-4.139740199943231502e-12
-3.988132307036762469e-12
-3.830127187631759966e-12
-3.646786865540985190e-12
-3.419422514236436506e-12
-3.164059292348753161e-12
-2.897110286045889715e-12
-2.598359461619681454e-12
-2.248065449073077815e-12
-1.862813505879024056e-12
-1.459181300095258038e-12
-1.016809141225760715e-12
-5.160574658574779150e-13
2.696304754446453289e-14
5.967187464636647398e-13
1.212085987134514653e-12
1.890945950169808931e-12
2.619106754392364067e-12
3.383657069810919182e-12
4.199843164215399938e-12
5.081694180036899766e-12
6.018741494778767631e-12
7.002599888839000641e-12
8.042313343059603881e-12
9.145613953653874972e-12
1.030784745753576814e-11
1.152729908054928032e-11
1.280396708797093552e-11
1.413660508098324442e-11
1.552866689402687683e-11
1.698735076216539852e-11
1.850064025588071814e-11
2.005556831718990907e-11
2.166600232555992989e-11
2.335032341094223085e-11
2.508161213443660387e-11
2.683248762069823101e-11
2.862948420001565353e-11
3.050417557437512528e-11
3.241215629223859196e-11
3.430937825510405048e-11
3.623683991760273670e-11
3.824091737714141459e-11
4.025788730155355211e-11
4.222545924026377406e-11
4.420034477314871424e-11
4.624439026157389776e-11
4.827385366446002024e-11
5.020798707344731326e-11
5.211927070480903978e-11
5.408464301415172315e-11
5.600137020778106489e-11
5.777144734819827931e-11
5.948200959560168144e-11
6.122321399848473789e-11
6.287621118206132564e-11
6.432889637641991953e-11
6.568024596420585226e-11
6.703036736777079341e-11
6.824929510429456059e-11
6.921569567497343201e-11
7.003611579570190315e-11
7.081567970912416854e-11
7.142035574059235614e-11
7.172650667852664697e-11
7.184223355105601172e-11
7.187127282204386347e-11
7.168460963713485512e-11
7.116488648373220371e-11
7.041434796350998226e-11
6.952761977263577364e-11
6.839138283476486890e-11
6.690455828239905145e-11
6.515493700121055554e-11
6.321949214127542405e-11
6.101218141818520735e-11
5.845874478938029029e-11
5.562347110688037333e-11
5.255705246010045073e-11
4.921218987874453887e-11
4.555156599139742468e-11
4.160722807955430369e-11
3.739553458559363719e-11
3.291808492456027579e-11
2.818332199561179863e-11
2.318335974582641512e-11
1.789375418670413609e-11
1.237278682286735432e-11
6.680989528967673508e-12
7.650160886718548880e-13
-5.444734073323242995e-12
-1.182906810698325373e-11
-1.827223268524580391e-11
-2.487591035937875006e-11
-3.175595897353389319e-11
-3.873244433516553897e-11
-4.563568967164144397e-11
-5.261476324069924715e-11
-5.982945389115812418e-11
-6.704459210027380323e-11
-7.404239027453130007e-11
-8.101463944143461049e-11
-8.815867480471695217e-11
-9.519493526788380677e-11
-1.018684234188604876e-10
-1.084046533095239795e-10
-1.150285769413450510e-10
-1.214322392639743953e-10
-1.273382232991338014e-10
-1.329932969307279222e-10
-1.386366577094122476e-10
-1.439515867618368361e-10
-1.486563788732908620e-10
-1.530032489593935452e-10
-1.572300206698074021e-10
-1.610333949519926477e-10
-1.641470570579173227e-10
-1.668115090502908515e-10
-1.692465334546255917e-10
-1.711854130670431573e-10
-1.723979847767509455e-10
-1.730955101475473157e-10
-1.734635352024227473e-10
-1.732944066024089125e-10
-1.724133752434298117e-10
-1.709860170118204792e-10
-1.691491946509415811e-10
-1.667725679777021242e-10
-1.637514290830921482e-10
-1.601916793658730853e-10
-1.561696882923513385e-10
-1.516438363768912723e-10
-1.465882276674435047e-10
-1.410390693123986239e-10
-1.350051320736511684e-10
-1.285384854110560582e-10
-1.216951539539934402e-10
-1.144381256423798732e-10
-1.067071847549172503e-10
-9.864684763494224740e-11
-9.039336640315198679e-11
-8.183850819243332353e-11
-7.285772679610502678e-11
-6.367916610683366230e-11
-5.450941087392635609e-11
-4.517648755086867141e-11
-3.550007857122672306e-11
-2.577382404722605713e-11
-1.625763412782532669e-11
-6.727525220934227335e-12
3.039455622952380587e-12
1.270767865935162888e-11
2.198479419346366370e-11
3.112951563188914861e-11
4.039058323912492199e-11
4.941530518109971126e-11
5.789977872150409155e-11
6.611793057498260850e-11
7.432554571806804233e-11
8.217820174349910189e-11
8.938288303950159275e-11
9.620901991747032866e-11
1.029016039044705622e-10
1.091500501093634057e-10
1.146937128604363920e-10
1.197793114693368466e-10
1.246249631270401892e-10
1.289749834709752463e-10
1.326177223592850396e-10
1.357610135421793984e-10
1.385825204591739634e-10
1.408954897197389755e-10
1.425480428141057132e-10
1.436973318114098674e-10
1.444717956378127610e-10
1.447616193583911581e-10
1.444807329331609935e-10
1.437295144013361892e-10
1.425831397394716760e-10
1.410099814691534448e-10
1.389894449532746989e-10
1.365632190664101131e-10
1.337535776579912294e-10
1.306001556899971661e-10
1.271401872671162891e-10
1.233600582795091327e-10
1.192334009303408493e-10
1.148588099630920567e-10
1.103214256059636966e-10
1.055603035537977519e-10
1.005092467587509475e-10
9.531226502490497410e-11
9.009066409548793786e-11
8.474759088938910168e-11
7.918758010427850991e-11
7.358359060960495412e-11
6.807902852568048502e-11
6.255235218688426357e-11
5.688951046356471863e-11
5.127429730800159291e-11
4.585678017865468803e-11
4.050294127866393978e-11
3.509069076979010049e-11
2.979896190913322584e-11
2.477303431835942149e-11
1.987807835002186607e-11
1.499410491601071982e-11
1.028419970711125231e-11
5.880223825222019585e-12
1.656325684246118257e-12
-2.497565956133263043e-12
-6.442658906369302940e-12
-1.006707477796409123e-11
-1.348119792882185308e-11
-1.678016753325906052e-11
-1.985478274846297353e-11
-2.261693783645046807e-11
-2.515740220310203057e-11
-2.755348033067761548e-11
-2.972675577916916723e-11
-3.161320510924880978e-11
-3.328221379050866346e-11
-3.479242588477760023e-11
-3.609424217843049121e-11
-3.714593563297619028e-11
-3.799615136412803906e-11
-3.868578374310871482e-11
-3.919047725231550316e-11
-3.948819743415654671e-11
-3.960902439370528327e-11
-3.957837876877867700e-11
-3.939285009302295748e-11
-3.904674153454301688e-11
-3.855478089564989830e-11
-3.792956573822614530e-11
-3.718372831862382100e-11
-3.632442610590480569e-11
-3.535410852961717865e-11
-3.427528053046025036e-11
-3.311174598397137459e-11
-3.187972455465093446e-11
-3.057262082384326618e-11
-2.918523062112043931e-11
-2.774826722562462322e-11
-2.628434102314169962e-11
-2.478049015985916981e-11
-2.322594894188512171e-11
-2.165536673592871608e-11
-2.009548777381908735e-11
-1.852917472233706064e-11
-1.694158875686913035e-11
-1.536867681728448787e-11
-1.383938103005633025e-11
-1.233366447167538738e-11
-1.083365862297736015e-11
-9.374639953207974941e-12
-7.986140394822260902e-12
-6.646411285921027812e-12
-5.335448229060180125e-12
-4.086669804642673043e-12
-2.929181203148445434e-12
-1.840287904703030719e-12
-7.986042382945868212e-13
1.654261038049054111e-13
1.024625046266991468e-12
1.802104255752001727e-12
2.520035612477156128e-12
3.152248861243434064e-12
3.674881579596167569e-12
4.110785930405702615e-12
4.482070964373363609e-12
4.767530988047941065e-12
4.947495538254464975e-12
5.043679449784344015e-12
5.077113209017714013e-12
5.032012133365793005e-12
4.893745131351323607e-12
4.682070269684812658e-12
4.415964122150839444e-12
4.085472845444249046e-12
3.681570673319534137e-12
3.221120202165361768e-12
2.719946663731764858e-12
2.173723440829222753e-12
1.578949969903431505e-12
9.486377612263896530e-13
2.945335490257827704e-13
-3.825434706419134079e-13
-1.080877249683143138e-12
-1.791803576171868695e-12
-2.508121965325016411e-12
-3.224464965867479549e-12
-3.934540193650803985e-12
-4.634260423325153866e-12
-5.321059998869559493e-12
-5.986260098733708901e-12
-6.620427296655240212e-12
-7.223926751925846546e-12
-7.798573418982268635e-12
-8.334007962906841982e-12
-8.819219660116672799e-12
-9.258424756020122715e-12
-9.657084160119566718e-12
-1.000461952865849824e-11
-1.028995465224280537e-11
-1.052023919367872651e-11
-1.070358992411035715e-11
-1.083067923540736999e-11
-1.089188288172504571e-11
-1.089619453692458606e-11
-1.085319247667859699e-11
-1.075596989946747684e-11
-1.059748122589354580e-11
-1.038722493434951488e-11
-1.013486343459657490e-11
-9.836532630091987528e-12
-9.488403118762533950e-12
-9.099208365948019406e-12
-8.677458057659848123e-12
-8.222681216474292398e-12
-7.734621103316907664e-12
-7.220253041284596662e-12
-6.686008517664543405e-12
-6.134725973744314942e-12
-5.569520972886765620e-12
-4.994873004787736548e-12
-4.414537312091848520e-12
-3.833991717855367298e-12
-3.258967314762051259e-12
-2.691130521551010624e-12
-2.131346748396323321e-12
-1.586762947598796547e-12
-1.064751151830245490e-12
-5.642164253166770393e-13
-8.329666437937449652e-14
3.703267347724553682e-13
7.888354140901665534e-13
1.175725749397171782e-12
1.535151454741534582e-12
1.860049007179620517e-12
2.143259961867594043e-12
2.390012450101397512e-12
2.605979668168778574e-12
2.785533956273233969e-12
2.922982602487911308e-12
3.024375021254410711e-12
3.095962505458849101e-12
3.134102569482544176e-12
3.135153161387682630e-12
3.105088451985094089e-12
3.049829052498287396e-12
2.968039009010325913e-12
2.858433108265945322e-12
2.726102763667137552e-12
2.575879180094498011e-12
2.408682194671163401e-12
2.225483035703246237e-12
2.029892096425123249e-12
1.825124903639951945e-12
1.613983144181652118e-12
1.399294200475631467e-12
1.182862510197557615e-12
9.660274967113191558e-13
7.528495513629829272e-13
5.473603341410449019e-13
3.494612368579175232e-13
1.585921742238219356e-13
-2.070237461548971730e-14
-1.839649716199251439e-13
-3.330155162045711492e-13
-4.700634955064064702e-13
-5.907590497518377948e-13
-6.908571479648240032e-13
-7.734579036272615227e-13
-8.419050504492042730e-13
-8.925241730579902555e-13
-9.217957343612970256e-13
-9.335038167815334909e-13
-9.315030300924287410e-13
-9.131611482596224683e-13
-8.760594788666253852e-13
-8.240616305651982110e-13
-7.609155276352974617e-13
-6.852280787054965128e-13
-5.958774055778159884e-13
-4.962623194326720721e-13
-3.895214771391930508e-13
-2.755156942434860978e-13
-1.544061102934368712e-13
-2.873551819670278062e-14
9.932543475850083570e-14
2.288478380321062877e-13
3.586071598091905566e-13
4.871808251954989899e-13
6.135775481447280910e-13
7.361605899522394303e-13
8.530281515872761844e-13
9.639619831525170213e-13
1.069181852428324753e-12
1.166724486120762627e-12
1.254377678117091222e-12
1.333009657517036928e-12
1.403871485207430769e-12
1.464956845068088320e-12
1.514042580544328054e-12
1.552804976615029808e-12
1.583205680270871607e-12
1.603419220314039606e-12
1.611465843577575274e-12
1.609487608293658223e-12
1.599790612483165120e-12
1.580920182091272164e-12
1.551356482512589174e-12
1.513371784660211272e-12
1.469281402273481252e-12
1.418149126776457880e-12
1.359062818881429102e-12
1.294139166489738368e-12
1.225429371691511005e-12
1.152562203662887974e-12
1.075252950913374583e-12
9.952217001896190851e-13
9.140346899499940392e-13
8.317925341561061003e-13
7.487171147825544271e-13
6.659624024116239660e-13
5.844678582257734067e-13
5.046466716729369750e-13
4.270701901929602196e-13
3.522673147106358815e-13
2.805272561554744692e-13
2.124509606866303857e-13
1.488310749598806271e-13
8.962609436080973269e-14
3.456186142944579764e-14
-1.565909131962667233e-14
-6.013255621521371164e-14
-9.935025621198717571e-14
-1.340040952551094233e-13
-1.633852558455273218e-13
-1.866107366289143643e-13
-2.044852731152707603e-13
-2.179679776514314993e-13
-2.264645312640214958e-13
-2.292530043839641207e-13
-2.273155079966782122e-13
-2.217350380997323844e-13
-2.121206042846740525e-13
-1.979939785257470164e-13
-1.803716545697650608e-13
-1.603146191101953444e-13
-1.376401163183382792e-13
-1.121102248037054994e-13
-8.463818160870870133e-14
-5.612786236762652703e-14
-2.655487083751215810e-14
4.118787915032917982e-15
3.518259427824806107e-14
6.597990925318042432e-14
9.641582237457368976e-14
1.263585996903390796e-13
1.553427118926656303e-13
1.829865604744199126e-13
2.090980654682189632e-13
2.334084802605579378e-13
2.556980777286554929e-13
2.758456440696277490e-13
2.936041167134195717e-13
3.086344385356404318e-13
3.209409734500345834e-13
3.306287535420615598e-13
3.374707468768028962e-13
3.411479540700590452e-13
3.418517639103280104e-13
3.398651531646285084e-13
3.350485308032530307e-13
3.271704196623759220e-13
3.165471899359284524e-13
3.035714041255133111e-13
2.882086388121540832e-13
2.703297926221620573e-13
2.503028708779331257e-13
2.285505769014650745e-13
2.051225807047848959e-13
1.799850145225295739e-13
1.534913553679836951e-13
1.260279451327853129e-13
9.771332777196856112e-14
6.860895044365905582e-14
3.901438837250990888e-14
9.239437082715802607e-15
-2.053077421070546860e-14
-5.013801467100911791e-14
-7.936280620310029454e-14
-1.079945188180511662e-13
-1.358043451998858231e-13
-1.625719686908916328e-13
-1.881775713984817910e-13
-2.125262043174008797e-13
-2.354004578070112430e-13
-2.565760375428799422e-13
-2.760404209899147698e-13
-2.938157258724344301e-13
-3.097448784007000855e-13
-3.236434557851719518e-13
-3.355896018974319217e-13
-3.457011966186834817e-13
-3.538961929495237912e-13
-3.600429958512674222e-13
-3.642770492803121263e-13
-3.667733976774056881e-13
-3.675171332626764320e-13
-3.664310066313347658e-13
-3.636737178763782552e-13
-3.594391494513016205e-13
-3.537763615044098309e-13
-3.466728857107193029e-13
-3.382845761325248279e-13
-3.287968042362671151e-13
-3.183240075612520092e-13
-3.069220225193625140e-13
-2.947251004446066469e-13
-2.818907488075922396e-13
-2.685829531869077247e-13
-2.549083177611627393e-13
-2.409640141500662969e-13
-2.268667973750679301e-13
-2.127908987252860595e-13
-1.988525853311925995e-13
-1.851049559941850275e-13
-1.716164238713471790e-13
-1.585277319571948285e-13
-1.459315795374754865e-13
-1.338420883454857768e-13
-1.222859704122503111e-13
-1.113496163221254498e-13
-1.010865653336412429e-13
-9.148840132743377151e-14
-8.255573416722505886e-14
-7.431259248366281489e-14
-6.676365867487946137e-14
-5.989354384628928218e-14
-5.369453999807226319e-14
-4.811893545837546415e-14
-4.310837304526485281e-14
-3.865577156330138320e-14
-3.476086335007372297e-14
-3.129958857199521827e-14
-2.814795685218089011e-14
-2.532384736208138226e-14
-2.285138190596860269e-14
-2.054688816549403441e-14
-1.824290772698550223e-14
-1.599797903742775085e-14
-1.387328159253506388e-14
-1.166409854038439123e-14
-9.197036307442146841e-15
-6.574280524948615881e-15
-3.893357719417711235e-15
-9.618084527060997979e-16
2.374758723339338330e-15
5.986158021099169391e-15
9.753815627627868828e-15
1.384389209036418142e-14
1.838459431620451806e-14
2.323759504859867348e-14
2.828206419058787446e-14
3.365414704185019923e-14
3.945105418561023480e-14
4.554321668599238537e-14
5.182258363211310337e-14
5.838293851189238493e-14
6.527254865079656909e-14
7.237826738773142643e-14
7.961442919854344602e-14
8.700724467075246493e-14
9.453038124409424148e-14
1.021005247578768427e-13
1.096684930910508948e-13
1.171800287011470765e-13
1.245305941699470509e-13
1.316870061347091836e-13
1.386555936256153587e-13
1.453128389101651652e-13
1.514917613012686792e-13
1.572264589572505700e-13
1.625906169682583835e-13
1.674094348390331444e-13
1.714714524883587110e-13
1.748782867648512873e-13
1.777670214806945093e-13
1.799230659208991834e-13
1.811025288067646954e-13
1.814643812818317326e-13
1.811949705944962408e-13
1.800573308074343570e-13
1.778002387247540339e-13
1.746272261992851127e-13
1.707589419256555496e-13
1.659694652761736777e-13
1.600354641558346391e-13
1.531890526972404243e-13
1.456674949933123298e-13
1.372870729859226868e-13
1.278793152099944042e-13
1.176817568089918997e-13
1.069246010091881582e-13
9.548454014225368769e-14
8.326427383947149208e-14
7.048125917532427342e-14
5.733343758518999467e-14
4.377148803461593241e-14
2.978320647289804668e-14
1.554402189374217563e-14
1.199076463154777426e-15
-1.321601875381656424e-14
-2.762150554667160834e-14
-4.190253355342184183e-14
-5.598108511039451285e-14
-6.974249059125622874e-14
-8.303135333150371555e-14
-9.580610773034931027e-14
-1.080628980938171113e-13
-1.196361531976414261e-13
-1.303262239880226270e-13
-1.401631496414021405e-13
-1.492087025765573283e-13
-1.572732558335204756e-13
-1.641360929550278458e-13
-1.698783122635813547e-13
-1.746060164942858650e-13
-1.781226262407425986e-13
-1.802033728400681545e-13
-1.809605118746962504e-13
-1.805248387842101065e-13
-1.787220003067468976e-13
-1.753592930586744814e-13
-1.705689625999817771e-13
-1.644974981966987326e-13
-1.570390681642636066e-13
-1.480792078583162419e-13
-1.377617502495639967e-13
-1.262383074593018129e-13
-1.135149849010134993e-13
-9.959679700974680139e-14
-8.462225738930032048e-14
-6.873139752651413747e-14
-5.206304273331144317e-14
-3.475054987690795461e-14
-1.689962019879153593e-14
1.388538039939540749e-15
1.987221625861061713e-14
3.833116143285922317e-14
5.672230670187780599e-14
7.500654963668931807e-14
9.290325128120946463e-14
1.101622794179822618e-13
1.268043423085021826e-13
1.428488675004474517e-13
1.580132644738233005e-13
1.720332860541406994e-13
1.849624105135574959e-13
1.968490745841294798e-13
2.074100168957676571e-13
2.163663264396001318e-13
2.237805481284521614e-13
2.297121911090660440e-13
2.339116313837541483e-13
2.361399107937006692e-13
2.364744413740210716e-13
2.349933127861886240e-13
2.315734138735175973e-13
2.261093059747337763e-13
2.186968461144120357e-13
2.094316067140569726e-13
1.983828682924904108e-13
1.856193963725022433e-13
1.712209882339874034e-13
1.552673056315692635e-13
1.380013453771561371e-13
1.196335104548459927e-13
1.001870705537658002e-13
7.968736212343383030e-14
5.850239726250955341e-14
3.695289313800954878e-14
1.499076538358408428e-14
-7.423531427975301605e-15
-2.982553101520644956e-14
-5.180627655381256358e-14
-7.347888844686650822e-14
-9.494384174257158859e-14
-1.156823660301842249e-13
-1.352367247050081933e-13
-1.537774085586668393e-13
-1.714563685256340064e-13
-1.877539058470559241e-13
-2.022069035649554092e-13
-2.150224985043858172e-13
-2.263910765668356029e-13
-2.358309402795966125e-13
-2.428987458218123674e-13
-2.478257941744554937e-13
-2.508348075688088263e-13
-2.515229235826310639e-13
-2.495174748241846263e-13
-2.450796455968212717e-13
-2.384717857212281800e-13
-2.294426042388775233e-13
-2.177692298406877502e-13
-2.037396401761981668e-13
-1.876376793741654780e-13
-1.694167809512814316e-13
-1.490506936624447221e-13
-1.267971594691094661e-13
-1.028892005231971107e-13
-7.748757012556936608e-14
-5.077744323102317825e-14
-2.290990510636029681e-14
6.014487038020089466e-15
3.559786403910074337e-14
6.538950018388986485e-14
9.539188151408764527e-14
1.256767584965901019e-13
1.555552697285814134e-13
1.842870338752619630e-13
2.120587234456794423e-13
2.391190002080934018e-13
2.645619996948650465e-13
2.875075936874249560e-13
3.083391018638553804e-13
3.274590884908001875e-13
3.439952045002775405e-13
3.571967483080584760e-13
3.675856548399775159e-13
3.756441501173019004e-13
3.807652977638742442e-13
3.824767922083055494e-13
3.813043901890883491e-13
3.777136752241422313e-13
3.713739927559134291e-13
3.619939905556007753e-13
3.500090842156744486e-13
3.358423565288926049e-13
3.192558793285033003e-13
2.999197569984735079e-13
2.782192878858502638e-13
2.546138755561699885e-13
2.287512627235921414e-13
2.001115879989370794e-13
1.691550952044248990e-13
1.364620222377155301e-13
1.014998970831106073e-13
6.362303668931354461e-14
2.344200950975955378e-14
-1.836316946483666779e-14
-6.232202796364882946e-14
-1.088978218580574642e-13
-1.573969904064553837e-13
-2.071891378081780477e-13
-2.584433318394974144e-13
-3.110881777873553133e-13
-3.645594568411902880e-13
-4.184879168461080878e-13
-4.724576307436889611e-13
-5.257915413822700224e-13
-5.783057409683434180e-13
-6.300469044054346490e-13
-6.801475615353380633e-13
-7.276117100322998521e-13
-7.727369091825586622e-13
-8.159817222949672377e-13
-8.563688495312471449e-13
-8.929196358004043432e-13
-9.262981007229775798e-13
-9.572424233481036104e-13
-9.848601968676096163e-13
-1.008243076701387242e-12
-1.028233596357674973e-12
-1.045745955108312586e-12
-1.059833427616285739e-12
-1.069383080351538062e-12
-1.075360286928450648e-12
-1.078893051287277416e-12
-1.078638155356526074e-12
-1.072940672940114748e-12
-1.063016645194703180e-12
-1.050340153394002662e-12
-1.032940334828869045e-12
-1.008540364937082767e-12
-9.787805331853971502e-13
-9.455549407691443697e-13
-9.063723621464958580e-13
-8.586104917329695496e-13
-8.043691038760181211e-13
-7.458749872076009257e-13
-6.805064866645393895e-13
-6.057516142334018472e-13
-5.239895973715991140e-13
-4.375511183842689666e-13
-3.441156322565863679e-13
-2.416496907090004420e-13
-1.325105932099834849e-13
-1.884185150025259603e-14
1.010696178984325788e-13
2.285212492326993416e-13
3.614925199457719174e-13
4.983128710014939067e-13
6.398042902769351947e-13
7.862231915858886033e-13
9.361616299871644564e-13
1.088734245986711091e-12
1.243461496963638169e-12
1.399083106312648539e-12
1.555143058599994799e-12
1.711911211746408590e-12
1.867113668535536064e-12
2.017535010584436961e-12
2.164092689771468514e-12
2.308611418352923828e-12
2.446724246818465787e-12
2.573131811789419743e-12
2.690527488302674186e-12
2.802552677774738932e-12
2.902831837750530219e-12
2.984274069181558353e-12
3.051501976450432529e-12
3.109941991430442698e-12
3.151641708026842181e-12
3.168291800789702073e-12
3.166231382981110620e-12
3.152302420830754848e-12
3.117633104801620370e-12
3.053444866743526553e-12
2.967277465404372094e-12
2.866757829386723522e-12
2.742991597748378751e-12
2.587743604468006886e-12
2.409034126696352196e-12
2.214477516290780379e-12
1.996411065977032884e-12
1.748474845811309741e-12
1.478307819040292070e-12
1.192560481790005955e-12
8.863222655808300487e-13
5.566280401013423695e-13
2.096585031237038765e-13
-1.499667631830320369e-13
-5.229597679380637576e-13
-9.076929203925832024e-13
-1.300633537502926540e-12
-1.700285095010412029e-12
-2.102313982621506483e-12
-2.500012783596128330e-12
-2.893620239252658877e-12
-3.285612884193489514e-12
-3.666584397210570501e-12
-4.025123550438491904e-12
-4.365908242570659681e-12
-4.695748564292889782e-12
-5.000886423717210150e-12
-5.266198501580054980e-12
-5.500826790599822047e-12
-5.715602036798772545e-12
-5.893659692224328950e-12
-6.017642547456736324e-12
-6.100473425030283892e-12
-6.156046158944938895e-12
-6.166131407553399058e-12
-6.113080094211076343e-12
-6.012346003003710138e-12
-5.879412408316131433e-12
-5.696950289985069915e-12
-5.449401346835358595e-12
-5.153064606966406558e-12
-4.823206938009416689e-12
-4.445972669880893235e-12
-4.010371461998785136e-12
-3.531564363862260691e-12
-3.022660463938842135e-12
-2.475622137843025428e-12
-1.886001120901537043e-12
-1.265764077752751238e-12
-6.240141866772908052e-13
3.996074779129103749e-14
7.230774139166395997e-13
1.418400986941126263e-12
2.122314693778215577e-12
2.827831935628410953e-12
3.524494932016786208e-12
4.211660967895491936e-12
4.892054643323984209e-12
5.551706230150221799e-12
6.173910341300548055e-12
6.764774070772139325e-12
7.333390839026066033e-12
7.860387687963488190e-12
8.324726324948628076e-12
8.738797012408650033e-12
9.117210458819968721e-12
9.437469902784378917e-12
9.676709086803292337e-12
9.852288256062546878e-12
9.982710838518649155e-12
1.004512271973734272e-11
1.001768546587955555e-11
9.920742179148067663e-12
9.774550960295336210e-12
9.558813809928956573e-12
9.255498277516149841e-12
8.885552883752811937e-12
8.468642453962615946e-12
7.989583820922074864e-12
7.436381371794809070e-12
6.828131809966109245e-12
6.181647208003404614e-12
5.488626046712408169e-12
4.744421001900978041e-12
3.964070391382357172e-12
3.159605606664617206e-12
2.330333408878670909e-12
1.479231342450815223e-12
6.155643486258077779e-13
-2.547547134183758555e-13
-1.125133840262915186e-12
-1.985717363109373856e-12
-2.833972856733368850e-12
-3.670674441486054818e-12
-4.483188993653630661e-12
-5.256356981619969559e-12
-5.994463606051603222e-12
-6.704655493988687098e-12
-7.370172180887202273e-12
-7.972693685798226682e-12
-8.522510822062123736e-12
-9.032022525723437667e-12
-9.482618683331889287e-12
-9.855171366479620332e-12
-1.016446215390542918e-11
-1.042644963422656446e-11
-1.062298339571388084e-11
-1.073639007559412661e-11
-1.078399956139231008e-11
-1.078335337689750872e-11
-1.071881212261205363e-11
-1.057604784998611436e-11
-1.037286836286233083e-11
-1.012638063679904832e-11
-9.825007127317597622e-12
-9.459076751039408038e-12
-9.044888969744757645e-12
-8.597285210132366018e-12
-8.109606736139696181e-12
-7.577411788306509521e-12
-7.013802733046858862e-12
-6.429910857225218379e-12
-5.824084704092458153e-12
-5.196892829267829583e-12
-4.557092984219801579e-12
-3.911231581665841617e-12
-3.262074421347960218e-12
-2.614371609824250875e-12
-1.972051862086932061e-12
-1.336900208592783912e-12
-7.150704182425082767e-13
-1.143040333608305592e-13
4.660807330358895939e-13
1.028624017559987003e-12
1.565003335257664219e-12
2.065773984163965515e-12
2.535499371222882381e-12
2.980158654575237875e-12
3.390505324413206623e-12
3.756681597744115919e-12
4.086078697618233946e-12
4.386988168569860846e-12
4.650426311397781731e-12
4.867299705640926177e-12
5.046627612331766599e-12
5.197783609772743674e-12
5.313043408006201673e-12
5.385001472513195608e-12
5.423067810789161669e-12
5.436506713557553994e-12
5.419492545705173470e-12
5.366792947547605053e-12
5.287087607996898697e-12
5.188524089538848472e-12
5.067369267253152287e-12
4.920606890695955471e-12
4.755351494523107903e-12
4.577953901380160673e-12
4.386632983938154595e-12
4.180345306026289620e-12
3.964199628281317445e-12
3.742453829475023142e-12
3.514979973751053421e-12
3.282354206143867081e-12
3.047598848629484714e-12
2.812902471713285557e-12
2.579430809571126026e-12
2.348964555851096314e-12
2.122600923151751751e-12
1.900700950796530009e-12
1.685290904225589248e-12
1.478856316919352487e-12
1.280885879133275562e-12
1.090295388694872969e-12
9.094751861338234988e-13
7.410878551453170537e-13
5.834482745027680384e-13
4.345007155719809999e-13
2.965544476651871264e-13
1.720337739451183179e-13
5.858696503196342276e-14
-4.631429110666870907e-14
-1.407073107117726152e-13
-2.226052594209507185e-13
-2.945459902457120416e-13
-3.590947526312116000e-13
-4.147127790916221857e-13
-4.598880954873041382e-13
-4.969909575026909554e-13
-5.283219066225253169e-13
-5.527650819708851415e-13
-5.692780773690342411e-13
-5.798649863227034462e-13
-5.863980091433407260e-13
-5.881846659033795888e-13
-5.846488657784698617e-13
-5.773367352766844984e-13
-5.676277048220768062e-13
-5.552281182562290862e-13
-5.399657500640420160e-13
-5.228957457997784886e-13
-5.049017302340141899e-13
-4.859786618266470626e-13
-4.662085062619170106e-13
-4.461774645494326341e-13
-4.263290566929034409e-13
-4.067857433277116685e-13
-3.877158468411356917e-13
-3.693284014120307157e-13
-3.517323964637858458e-13
-3.350586409885114580e-13
-3.194689250553967019e-13
-3.049290149808453476e-13
-2.913427691372122430e-13
-2.788215892977202737e-13
-2.675122493314696648e-13
-2.572613888411623417e-13
-2.478777816686261737e-13
-2.394664870043750060e-13
-2.321638703766532030e-13
-2.257718480485476631e-13
-2.200730374844750425e-13
-2.151551641927165748e-13
-2.111177850377607412e-13
-2.077574494819406370e-13
-2.048677796417236463e-13
-2.024915743978686344e-13
-2.006709143471951950e-13
-1.992263369251026650e-13
-1.979859012195619994e-13
-1.969554212647231517e-13
-1.961484224826878786e-13
-1.954314395860232145e-13
-1.946761165900340318e-13
-1.939038935926812313e-13
-1.931602393225734238e-13
-1.923541350073304512e-13
-1.913898998052304679e-13
-1.903536735788774470e-13
-1.893568038913856499e-13
-1.883219600228025481e-13
-1.871611725193580988e-13
-1.860261077124558682e-13
-1.850751404344416762e-13
-1.842148531156287405e-13
-1.833455804713113313e-13
-1.826451587628313833e-13
-1.822765571292406239e-13
-1.821230883117253008e-13
-1.820720765995098578e-13
-1.822911667535148661e-13
-1.829216980794509673e-13
-1.838391906153896693e-13
-1.849327711366671734e-13
-1.863440635520643984e-13
-1.881833176699959642e-13
-1.903386302737342106e-13
-1.927202565284516500e-13
-1.954293931544226481e-13
-1.985252240377377575e-13
-2.019246315293488081e-13
-2.055766174695675130e-13
-2.095056983800192008e-13
-2.136781149155581039e-13
-2.180552017162079581e-13
-2.226432878121506476e-13
-2.273466517040828583e-13
-2.320029476692020420e-13
-2.366443900645581744e-13
-2.413574440134069743e-13
-2.459098463053477346e-13
-2.500128196917389412e-13
-2.537968479040392245e-13
-2.574466247823314902e-13
-2.606168590397334173e-13
-2.629288930675044433e-13
-2.646227692266328591e-13
-2.659805698173450805e-13
-2.665856630498092406e-13
-2.660133127229541428e-13
-2.645947968105827330e-13
-2.626844596877175864e-13
-2.598304600989753688e-13
-2.555952411525952428e-13
-2.503651582927424180e-13
-2.445272988000485315e-13
-2.376311224617372320e-13
-2.292688337356824091e-13
-2.198443521412435375e-13
-2.097392490804997345e-13
-1.985656783312986229e-13
-1.860142763562486201e-13
-1.724727945098120108e-13
-1.582797207102387693e-13
-1.431879923874737615e-13
-1.270572595702887386e-13
-1.102100114186259361e-13
-9.289386615615388698e-14
-7.504481519711447834e-14
-5.670535587853735293e-14
-3.806934693699470795e-14
-1.924016704963303626e-14
-3.142844282382156827e-16
1.852518992698747036e-14
3.725699490673278769e-14
5.594775266985416162e-14
7.438076169525784098e-14
9.226984004325269884e-14
1.097572079338145212e-13
1.270573679905059872e-13
1.438355863450993533e-13
1.596958513778307109e-13
1.748995506799591593e-13
1.897610622239240263e-13
2.038151955150932504e-13
2.165611033598871527e-13
2.283485900367310251e-13
2.395601349670234415e-13
2.496559003365567131e-13
2.581156859429722950e-13
2.653687003213028861e-13
2.718492748618461796e-13
2.770662388754119299e-13
2.806011445335293564e-13
2.829281947613893067e-13
2.844913703486245948e-13
2.849354866635289696e-13
2.839935318160735633e-13
2.821020056009010402e-13
2.796383730043622284e-13
2.763691781936666869e-13
2.721323329440278327e-13
2.672472974255685196e-13
2.619646307603501478e-13
2.561217026224998916e-13
2.496193627233439516e-13
2.426459369802430599e-13
2.353284125726495812e-13
2.275861790690392183e-13
2.194084215527414283e-13
2.108888828540947391e-13
2.020698062002446171e-13
1.929945461255633266e-13
1.837657359182037764e-13
1.744017256999352838e-13
1.648807636646723584e-13
1.553457883163300579e-13
1.459559740863564103e-13
1.366492368478494646e-13
1.273410901465182876e-13
1.181846097765906767e-13
1.093091139521898403e-13
1.005907596801636217e-13
9.190957321386292178e-14
8.337390023163693265e-14
7.505554202235850680e-14
6.682650174330215243e-14
5.858312966677825528e-14
5.039474019292652929e-14
4.229504523304769559e-14
3.419779311618874329e-14
2.604938698557920929e-14
1.789228860286495165e-14
9.736200730456768399e-15
1.549054489213374901e-15
-6.671768087946955070e-15
-1.489939424549786839e-14
-2.312191914712394269e-14
-3.132036459612547175e-14
-3.945826074192547439e-14
-4.748497873120066659e-14
-5.533736378740376771e-14
-6.296457360490878563e-14
-7.031943522481723385e-14
-7.729936618095303857e-14
-8.377818566922962118e-14
-8.972485162619600607e-14
-9.513440382691307207e-14
-9.988130521233415382e-14
-1.038143028031339454e-13
-1.069715537395203586e-13
-1.094308088697877601e-13
-1.110622485363081668e-13
-1.116886327889345110e-13
-1.114179007302013025e-13
-1.104039480822292807e-13
-1.084630567868907769e-13
-1.053416048509871195e-13
-1.012029679893847178e-13
-9.625954140767348233e-14
-9.025181453960542943e-14
-8.287608202787663525e-14
-7.437054308978216510e-14
-6.501578924756126754e-14
-5.457236767515694087e-14
-4.281057658980097491e-14
-3.005436882436846036e-14
-1.664411609838406525e-14
-2.460570995950961057e-15
1.258149790269889531e-14
2.813704198562257119e-14
4.387751623082143670e-14
5.981705338302042985e-14
7.593538563785764972e-14
9.195420168578785636e-14
1.076379789336293080e-13
1.229352313307160993e-13
1.377296172076769576e-13
1.518432731981156358e-13
1.651610841363684856e-13
1.775206771945786466e-13
1.886511102498419912e-13
1.984817475306210888e-13
2.070283099684169792e-13
2.139793333841288892e-13
2.189072084409285357e-13
2.218916239984936034e-13
2.231142652358783507e-13
2.221786665236591407e-13
2.185969368842174965e-13
2.126355596590231989e-13
2.046598432175680826e-13
1.942763983540929384e-13
1.810146813257390574e-13
1.652994960962134163e-13
1.476334245825716707e-13
1.276529473489065869e-13
1.049335247057907317e-13
7.999169767325051139e-14
5.339317245170276116e-14
2.483493825086030560e-14
-6.000566898564912294e-15
-3.855918270226008082e-14
-7.227560021826062719e-14
-1.073092759399860152e-13
-1.437758603579225580e-13
-1.811455580804852139e-13
-2.189231733179183848e-13
-2.570653650883769625e-13
-2.954507569586511950e-13
-3.336634625279027988e-13
-3.713622291623419613e-13
-4.083213801797658249e-13
-4.442225125071697089e-13
-4.788371305367022934e-13
-5.120358889491860577e-13
-5.434582363121609472e-13
-5.726350925557011085e-13
-5.995467794103759296e-13
-6.242808462016136151e-13
-6.463772117375199411e-13
-6.652609236060258446e-13
-6.811079478197257231e-13
-6.942015864062900388e-13
-7.040377395656216564e-13
-7.100058388442853641e-13
-7.124555936530163613e-13
-7.118333158161183061e-13
-7.076638537314994259e-13
-6.993808201842532934e-13
-6.874644625266823628e-13
-6.724745543404408998e-13
-6.540237643994084582e-13
-6.316485962748474847e-13
-6.059018304443997138e-13
-5.773913248560691436e-13
-5.458570336187851257e-13
-5.109847549429613611e-13
-4.733376776470954450e-13
-4.335090229498628212e-13
-3.913966319015610429e-13
-3.468677168411149481e-13
-3.004413395586019719e-13
-2.526415220690386709e-13
-2.035323000632374701e-13
-1.531650647241741825e-13
-1.019667951961643337e-13
-5.035008461594728257e-14
1.483226370805441289e-15
5.333377850144128962e-14
1.048966076218176002e-13
1.558923752890614689e-13
2.060362649805927426e-13
2.550370396640910808e-13
3.027136646818057164e-13
3.489153681691253839e-13
3.933367032690066045e-13
4.356530056408985940e-13
4.757884624478903035e-13
5.136995971828650642e-13
5.491195605861198814e-13
5.817463481425089178e-13
6.115815319451822774e-13
6.386657695756081665e-13
6.628210892471730897e-13
6.838105385750803400e-13
7.016908213329509092e-13
7.165671593416245155e-13
7.283789999097678436e-13
7.369763436668175238e-13
7.424517814783038183e-13
7.449621431884767553e-13
7.445582778792259049e-13
7.411635866670651662e-13
7.348970607404248234e-13
7.259584643495853307e-13
7.144708544411237927e-13
7.004002412769327890e-13
6.838940763524703481e-13
6.651990156619769223e-13
6.444636491131916500e-13
6.216598958698471566e-13
5.969812860197321047e-13
5.707325887935321695e-13
5.430338253717414965e-13
5.138223288687904233e-13
4.833547841490148933e-13
4.520055933276284632e-13
4.198064422131220219e-13
3.866161676826379567e-13
3.527728781836658722e-13
3.187264905127329406e-13
2.843738157280728540e-13
2.494751367293490674e-13
2.144605971759680485e-13
1.798514950249879840e-13
1.453952247227469075e-13
1.107612333556447226e-13
7.646467958593791692e-14
4.307286881224774155e-14
1.020012152270089595e-14
-2.254148982001793339e-14
-5.458409738741051842e-14
-8.535992821866872360e-14
-1.153406526104711061e-13
-1.449149909229716093e-13
-1.735129509690402916e-13
-2.006222743272320641e-13
-2.267249837309068261e-13
-2.521390756772545760e-13
-2.763526170054819708e-13
-2.989683966971717899e-13
-3.203947795005906984e-13
-3.408114990308824810e-13
-3.598319558983931188e-13
-3.772293350086386443e-13
-3.932662301277950467e-13
-4.079401475908656094e-13
-4.210474200197489303e-13
-4.325749556732122469e-13
-4.425888095686142387e-13
-4.508787277996556542e-13
-4.574650662621249086e-13
-4.625667253746468255e-13
-4.660260892463963245e-13
-4.674330041955221393e-13
-4.670464319109224327e-13
-4.653121421158146198e-13
-4.618634034253554788e-13
-4.561326902123574722e-13
-4.486068092522665918e-13
-4.399214282788110886e-13
-4.295478632076327186e-13
-4.168310932962243642e-13
-4.024358157914825762e-13
-3.871224900971886873e-13
-3.702701394190516249e-13
-3.512160722841939364e-13
-3.307306414412208850e-13
-3.096146115096759521e-13
-2.872423436259263774e-13
-2.630345485692131557e-13
-2.377800105250738039e-13
-2.122334968358841056e-13
-1.858558879713756440e-13
-1.582281533444099275e-13
-1.300683465012969497e-13
-1.020036648462924189e-13
-7.365063284725179016e-14
-4.479568639311794220e-14
-1.600675260469541089e-14
1.227931805173297641e-14
4.025497654398108027e-14
6.791939108569469696e-14
9.490983845193701196e-14
1.210144181043593115e-13
1.462321745897970926e-13
1.703710821509760165e-13
1.932964151154376031e-13
2.150255071654144645e-13
2.353902120964812550e-13
2.540508493679982660e-13
2.710951038306652627e-13
2.867478932251643631e-13
3.007132032533527122e-13
3.125525825566771720e-13
3.225442916227061474e-13
3.310819500501605006e-13
3.377777929320507910e-13
3.421315151758835826e-13
3.445697503365319214e-13
3.456076028661436705e-13
3.447954812288434034e-13
3.416080352619532690e-13
3.365753856177100545e-13
3.302877990638691807e-13
3.222726176633355921e-13
3.120253892503060955e-13
3.001363263824274874e-13
2.872187893337291298e-13
2.728297459914791334e-13
2.565496372199799202e-13
2.389727142299707952e-13
2.206720998423547520e-13
2.013027602682654349e-13
1.805996487341116064e-13
1.590928858921300537e-13
1.372434067434258331e-13
1.148691059806028480e-13
9.190913275673034954e-14
6.875411833829128683e-14
4.569158297703344862e-14
2.272726278007564105e-14
-9.254088066020672431e-18
-2.231918771707693677e-14
-4.411081620954958316e-14
-6.523537406880747236e-14
-8.545906495481536691e-14
-1.047743231692883914e-13
-1.232486606262545026e-13
-1.406958859313800492e-13
-1.569061178728625716e-13
-1.719982663239694176e-13
-1.861144430844591247e-13
-1.991481252908849919e-13
-2.110155041153138900e-13
-2.218593554313350036e-13
-2.318025328976180965e-13
-2.408801782170788552e-13
-2.491535623649898668e-13
-2.567008292129330238e-13
-2.635711744344848562e-13
-2.699151666063492883e-13
-2.758686562607387538e-13
-2.814190937575067331e-13
-2.865523573633566023e-13
-2.914401033872471292e-13
-2.961838402575772689e-13
-3.007227713375248968e-13
-3.050374351980938981e-13
-3.092202600744886620e-13
-3.132577476496617441e-13
-3.171177784342532613e-13
-3.208395734418528766e-13
-3.243849958610434125e-13
-3.276110665303283431e-13
-3.305753294800123365e-13
-3.334136894524164507e-13
-3.359599924646072822e-13
-3.379574181269773270e-13
-3.395759151300636880e-13
-3.410611094760429562e-13
-3.421155231938394214e-13
-3.423432869652243138e-13
-3.420312264749286735e-13
-3.415594630046259184e-13
-3.404300224964934563e-13
-3.379968017708928629e-13
-3.347030768860448369e-13
-3.311347778010148568e-13
-3.264481512801203911e-13
-3.195851515282871480e-13
-3.112436252738354225e-13
-3.023304263188864027e-13
-2.915046405215643288e-13
-2.771802698389030928e-13
-2.604450129953944648e-13
-2.426334957603137887e-13
-2.218528366657729345e-13
-1.960185079573698030e-13
-1.667007189839336823e-13
-1.356902329212317238e-13
-1.006450578802144113e-13
-5.917233933741550267e-14
-1.330420081285636769e-14
3.480968632915346084e-14
8.771581822431678832e-14
1.478129278047538020e-13
2.127665719390409160e-13
2.802831480363393579e-13
3.527906048891860102e-13
4.323542121108941982e-13
5.166047169040399734e-13
6.033979197371530656e-13
6.946951152352054404e-13
7.918823474555025665e-13
8.928764845539394202e-13
9.960170709033544512e-13
1.102424033137816561e-12
1.212425884515588859e-12
1.324576082498141183e-12
1.438056379705898724e-12
1.552725938276655615e-12
1.667449381695385036e-12
1.781793354353744530e-12
1.896163131023809179e-12
2.008734541550372121e-12
2.116541100369295769e-12
2.220562926244507018e-12
2.322784759672957833e-12
2.419380668028381365e-12
2.505375030700807137e-12
2.583505458175761049e-12
2.657581186366053672e-12
2.721713913272916230e-12
2.769055384294061284e-12
2.804283714963329288e-12
2.833040442865031316e-12
2.847668281735771245e-12
2.839964374778958245e-12
2.816432633986898360e-12
2.784251995624487108e-12
2.734652998839792737e-12
2.658900226729099536e-12
2.564881683778108545e-12
2.460702214907017904e-12
2.337406527011531843e-12
2.186755984623367510e-12
2.017270248413916001e-12
1.837130491136318433e-12
1.638285969558783695e-12
1.414080766544423273e-12
1.172720124134607467e-12
9.214687389860753974e-13
6.542992059613284006e-13
3.671959383690776013e-13
6.699508840486007033e-14
-2.409694622659830365e-13
-5.596638603944104062e-13
-8.895972608731483877e-13
-1.226325790047722020e-12
-1.567371124382155312e-12
-1.911856523789667861e-12
-2.256257897528812784e-12
-2.599405283035260972e-12
-2.942352524820668336e-12
-3.280025773558237212e-12
-3.604861418052274225e-12
-3.919518789391451818e-12
-4.228867256372836891e-12
-4.523850044568789031e-12
-4.793440384204261662e-12
-5.044217647742765820e-12
-5.284641647895771399e-12
-5.502472175816786049e-12
-5.684340151357325510e-12
-5.840285286634605555e-12
-5.981615376626781000e-12
-6.094202833345496728e-12
-6.163828128458170852e-12
-6.203019868589176866e-12
-6.224773300977926027e-12
-6.214666802006885149e-12
-6.159254963694626994e-12
-6.072222152181394605e-12
-5.966828160036685702e-12
-5.829994906975111135e-12
-5.650590238770458740e-12
-5.441918617121732638e-12
-5.216028130250460748e-12
-4.962652684625812327e-12
-4.674181614677808128e-12
-4.362056722773122175e-12
-4.035767813687085592e-12
-3.688947151220256515e-12
-3.318298977608713507e-12
-2.932127847812826538e-12
-2.536356758300883918e-12
-2.129152540039647157e-12
-1.711768530740509497e-12
-1.288541972774281952e-12
-8.612760027740251623e-13
-4.327340894470788069e-13
-8.428786741644916231e-15
4.116296604787794688e-13
8.297729907694173512e-13
1.239157973280391456e-12
1.630895071769167259e-12
2.009097966118589262e-12
2.379775630029223876e-12
2.733073749955350351e-12
3.057989842250585788e-12
3.362098576972782915e-12
3.654202374719917046e-12
3.922801319888868932e-12
4.156202292049382407e-12
4.364357833464005409e-12
4.557713147862463288e-12
4.724496835417646423e-12
4.853585415520722535e-12
4.956032546160615837e-12
5.042666371274373560e-12
5.102627088221511897e-12
5.126365477947647520e-12
5.124778639647997736e-12
5.107937076781476904e-12
5.066841043954717350e-12
4.994268453656358631e-12
4.899902532329303284e-12
4.792178372875488535e-12
4.664652344943398532e-12
4.512867076561510871e-12
4.344526041005769557e-12
4.165839548320171559e-12
3.973230598697252702e-12
3.765062480537428868e-12
3.546561265152514686e-12
3.321435791334148568e-12
3.088861848590807035e-12
2.849657359041413152e-12
2.606434165719484497e-12
2.360423271771661113e-12
2.113098758471654293e-12
1.867182190112837148e-12
1.622849749548238574e-12
1.379184093319718585e-12
1.139395544060006760e-12
9.074920719401302627e-13
6.816757987075650060e-13
4.593753762799357432e-13
2.449297817515294629e-13
4.305830662181854562e-14
-1.494771645869918952e-13
-3.363471881654561679e-13
-5.126836455371375223e-13
-6.736234291725151646e-13
-8.232776439742739427e-13
-9.658968503495346525e-13
-1.096625069398060592e-12
-1.210889027936090656e-12
-1.313150976844923434e-12
-1.407762144703395002e-12
-1.490269496348672895e-12
-1.556687179334048654e-12
-1.611375854797258977e-12
-1.658416459715539304e-12
-1.694034235805164101e-12
-1.715025257226221456e-12
-1.725339706173945054e-12
-1.728549269865153892e-12
-1.721751755924538774e-12
-1.702641174751440278e-12
-1.674565651074710892e-12
-1.640451988658975235e-12
-1.598329541635523654e-12
-1.546771283104930728e-12
-1.488396862356355932e-12
-1.425412739231024517e-12
-1.356688741384337593e-12
-1.281543773011539766e-12
-1.201834530333012463e-12
-1.119037588287463691e-12
-1.032743118453693931e-12
-9.429293283680362237e-13
-8.507442255008268450e-13
-7.570065451226182240e-13
-6.619825130768641763e-13
-5.662732110479906655e-13
-4.704121749250778084e-13
-3.746408565319381267e-13
-2.798240155213460589e-13
-1.870868640129613736e-13
