-9.639098059229661564e-14
-7.449593784729369172e-15
7.846165801491181147e-14
1.598992477053889916e-13
2.374206517150034834e-13
0.000000000000000000e+00
0.000000000000000000e+00
0.000000000000000000e+00
0.000000000000000000e+00
0.000000000000000000e+00
0.000000000000000000e+00
0.000000000000000000e+00
0.000000000000000000e+00
0.000000000000000000e+00
0.000000000000000000e+00
0.000000000000000000e+00
0.000000000000000000e+00
0.000000000000000000e+00
0.000000000000000000e+00
0.000000000000000000e+00
0.000000000000000000e+00
0.000000000000000000e+00
0.000000000000000000e+00
0.000000000000000000e+00
0.000000000000000000e+00
0.000000000000000000e+00
0.000000000000000000e+00
0.000000000000000000e+00
0.000000000000000000e+00
0.000000000000000000e+00
0.000000000000000000e+00
0.000000000000000000e+00
0.000000000000000000e+00
0.000000000000000000e+00
0.000000000000000000e+00
0.000000000000000000e+00
0.000000000000000000e+00
0.000000000000000000e+00
0.000000000000000000e+00
0.000000000000000000e+00
0.000000000000000000e+00
0.000000000000000000e+00
0.000000000000000000e+00
0.000000000000000000e+00
0.000000000000000000e+00
0.000000000000000000e+00
0.000000000000000000e+00
0.000000000000000000e+00
0.000000000000000000e+00
0.000000000000000000e+00
0.000000000000000000e+00
0.000000000000000000e+00
0.000000000000000000e+00
0.000000000000000000e+00
0.000000000000000000e+00
0.000000000000000000e+00
0.000000000000000000e+00
0.000000000000000000e+00
0.000000000000000000e+00
0.000000000000000000e+00
0.000000000000000000e+00
0.000000000000000000e+00
0.000000000000000000e+00
0.000000000000000000e+00
0.000000000000000000e+00
0.000000000000000000e+00
0.000000000000000000e+00
0.000000000000000000e+00
0.000000000000000000e+00
0.000000000000000000e+00
0.000000000000000000e+00
0.000000000000000000e+00
0.000000000000000000e+00
0.000000000000000000e+00
0.000000000000000000e+00
0.000000000000000000e+00
0.000000000000000000e+00
0.000000000000000000e+00
0.000000000000000000e+00
0.000000000000000000e+00
0.000000000000000000e+00
0.000000000000000000e+00
0.000000000000000000e+00
0.000000000000000000e+00
0.000000000000000000e+00
0.000000000000000000e+00
0.000000000000000000e+00
0.000000000000000000e+00
0.000000000000000000e+00
0.000000000000000000e+00
0.000000000000000000e+00
0.000000000000000000e+00
0.000000000000000000e+00
0.000000000000000000e+00
0.000000000000000000e+00
0.000000000000000000e+00
0.000000000000000000e+00
0.000000000000000000e+00
0.000000000000000000e+00
0.000000000000000000e+00
0.000000000000000000e+00
0.000000000000000000e+00
0.000000000000000000e+00
0.000000000000000000e+00
0.000000000000000000e+00
0.000000000000000000e+00
0.000000000000000000e+00
0.000000000000000000e+00
0.000000000000000000e+00
0.000000000000000000e+00
0.000000000000000000e+00
0.000000000000000000e+00
0.000000000000000000e+00
0.000000000000000000e+00
0.000000000000000000e+00
0.000000000000000000e+00
0.000000000000000000e+00
0.000000000000000000e+00
0.000000000000000000e+00
0.000000000000000000e+00
0.000000000000000000e+00
0.000000000000000000e+00
0.000000000000000000e+00
0.000000000000000000e+00
0.000000000000000000e+00
0.000000000000000000e+00
0.000000000000000000e+00
0.000000000000000000e+00
0.000000000000000000e+00
0.000000000000000000e+00
0.000000000000000000e+00
0.000000000000000000e+00
0.000000000000000000e+00
0.000000000000000000e+00
0.000000000000000000e+00
0.000000000000000000e+00
0.000000000000000000e+00
0.000000000000000000e+00
0.000000000000000000e+00
0.000000000000000000e+00
0.000000000000000000e+00
0.000000000000000000e+00
0.000000000000000000e+00
0.000000000000000000e+00
0.000000000000000000e+00
0.000000000000000000e+00
0.000000000000000000e+00
0.000000000000000000e+00
0.000000000000000000e+00
0.000000000000000000e+00
0.000000000000000000e+00
0.000000000000000000e+00
0.000000000000000000e+00
0.000000000000000000e+00
0.000000000000000000e+00
0.000000000000000000e+00
0.000000000000000000e+00
0.000000000000000000e+00
0.000000000000000000e+00
0.000000000000000000e+00
0.000000000000000000e+00
0.000000000000000000e+00
0.000000000000000000e+00
0.000000000000000000e+00
0.000000000000000000e+00
0.000000000000000000e+00
0.000000000000000000e+00
0.000000000000000000e+00
0.000000000000000000e+00
0.000000000000000000e+00
0.000000000000000000e+00
0.000000000000000000e+00
0.000000000000000000e+00
0.000000000000000000e+00
0.000000000000000000e+00
0.000000000000000000e+00
0.000000000000000000e+00
0.000000000000000000e+00
0.000000000000000000e+00
0.000000000000000000e+00
0.000000000000000000e+00
0.000000000000000000e+00
0.000000000000000000e+00
0.000000000000000000e+00
0.000000000000000000e+00
0.000000000000000000e+00
0.000000000000000000e+00
0.000000000000000000e+00
0.000000000000000000e+00
0.000000000000000000e+00
0.000000000000000000e+00
0.000000000000000000e+00
0.000000000000000000e+00
0.000000000000000000e+00
0.000000000000000000e+00
0.000000000000000000e+00
0.000000000000000000e+00
0.000000000000000000e+00
0.000000000000000000e+00
0.000000000000000000e+00
0.000000000000000000e+00
0.000000000000000000e+00
0.000000000000000000e+00
0.000000000000000000e+00
0.000000000000000000e+00
0.000000000000000000e+00
0.000000000000000000e+00
0.000000000000000000e+00
0.000000000000000000e+00
0.000000000000000000e+00
0.000000000000000000e+00
0.000000000000000000e+00
0.000000000000000000e+00
0.000000000000000000e+00
0.000000000000000000e+00
0.000000000000000000e+00
0.000000000000000000e+00
0.000000000000000000e+00
0.000000000000000000e+00
0.000000000000000000e+00
0.000000000000000000e+00
0.000000000000000000e+00
0.000000000000000000e+00
0.000000000000000000e+00
0.000000000000000000e+00
0.000000000000000000e+00
0.000000000000000000e+00
0.000000000000000000e+00
0.000000000000000000e+00
0.000000000000000000e+00
0.000000000000000000e+00
0.000000000000000000e+00
0.000000000000000000e+00
0.000000000000000000e+00
0.000000000000000000e+00
0.000000000000000000e+00
0.000000000000000000e+00
0.000000000000000000e+00
0.000000000000000000e+00
0.000000000000000000e+00
0.000000000000000000e+00
0.000000000000000000e+00
0.000000000000000000e+00
0.000000000000000000e+00
0.000000000000000000e+00
0.000000000000000000e+00
0.000000000000000000e+00
0.000000000000000000e+00
0.000000000000000000e+00
0.000000000000000000e+00
0.000000000000000000e+00
0.000000000000000000e+00
0.000000000000000000e+00
0.000000000000000000e+00
0.000000000000000000e+00
0.000000000000000000e+00
0.000000000000000000e+00
0.000000000000000000e+00
0.000000000000000000e+00
0.000000000000000000e+00
0.000000000000000000e+00
0.000000000000000000e+00
0.000000000000000000e+00
0.000000000000000000e+00
0.000000000000000000e+00
0.000000000000000000e+00
0.000000000000000000e+00
0.000000000000000000e+00
0.000000000000000000e+00
0.000000000000000000e+00
0.000000000000000000e+00
0.000000000000000000e+00
0.000000000000000000e+00
0.000000000000000000e+00
0.000000000000000000e+00
0.000000000000000000e+00
0.000000000000000000e+00
0.000000000000000000e+00
0.000000000000000000e+00
0.000000000000000000e+00
0.000000000000000000e+00
0.000000000000000000e+00
0.000000000000000000e+00
0.000000000000000000e+00
0.000000000000000000e+00
0.000000000000000000e+00
0.000000000000000000e+00
0.000000000000000000e+00
0.000000000000000000e+00
0.000000000000000000e+00
0.000000000000000000e+00
0.000000000000000000e+00
0.000000000000000000e+00
0.000000000000000000e+00
0.000000000000000000e+00
0.000000000000000000e+00
0.000000000000000000e+00
0.000000000000000000e+00
0.000000000000000000e+00
0.000000000000000000e+00
0.000000000000000000e+00
0.000000000000000000e+00
0.000000000000000000e+00
0.000000000000000000e+00
0.000000000000000000e+00
0.000000000000000000e+00
0.000000000000000000e+00
0.000000000000000000e+00
0.000000000000000000e+00
0.000000000000000000e+00
0.000000000000000000e+00
0.000000000000000000e+00
0.000000000000000000e+00
0.000000000000000000e+00
0.000000000000000000e+00
0.000000000000000000e+00
0.000000000000000000e+00
0.000000000000000000e+00
0.000000000000000000e+00
0.000000000000000000e+00
0.000000000000000000e+00
0.000000000000000000e+00
0.000000000000000000e+00
0.000000000000000000e+00
0.000000000000000000e+00
0.000000000000000000e+00
0.000000000000000000e+00
0.000000000000000000e+00
0.000000000000000000e+00
0.000000000000000000e+00
0.000000000000000000e+00
0.000000000000000000e+00
0.000000000000000000e+00
0.000000000000000000e+00
0.000000000000000000e+00
0.000000000000000000e+00
0.000000000000000000e+00
0.000000000000000000e+00
0.000000000000000000e+00
0.000000000000000000e+00
0.000000000000000000e+00
0.000000000000000000e+00
0.000000000000000000e+00
0.000000000000000000e+00
0.000000000000000000e+00
0.000000000000000000e+00
0.000000000000000000e+00
0.000000000000000000e+00
0.000000000000000000e+00
0.000000000000000000e+00
0.000000000000000000e+00
0.000000000000000000e+00
0.000000000000000000e+00
0.000000000000000000e+00
0.000000000000000000e+00
0.000000000000000000e+00
0.000000000000000000e+00
0.000000000000000000e+00
0.000000000000000000e+00
0.000000000000000000e+00
0.000000000000000000e+00
0.000000000000000000e+00
0.000000000000000000e+00
0.000000000000000000e+00
0.000000000000000000e+00
0.000000000000000000e+00
0.000000000000000000e+00
0.000000000000000000e+00
0.000000000000000000e+00
0.000000000000000000e+00
0.000000000000000000e+00
0.000000000000000000e+00
0.000000000000000000e+00
0.000000000000000000e+00
0.000000000000000000e+00
0.000000000000000000e+00
0.000000000000000000e+00
0.000000000000000000e+00
0.000000000000000000e+00
0.000000000000000000e+00
0.000000000000000000e+00
0.000000000000000000e+00
0.000000000000000000e+00
0.000000000000000000e+00
0.000000000000000000e+00
0.000000000000000000e+00
0.000000000000000000e+00
0.000000000000000000e+00
0.000000000000000000e+00
0.000000000000000000e+00
0.000000000000000000e+00
0.000000000000000000e+00
0.000000000000000000e+00
0.000000000000000000e+00
0.000000000000000000e+00
0.000000000000000000e+00
0.000000000000000000e+00
0.000000000000000000e+00
0.000000000000000000e+00
0.000000000000000000e+00
0.000000000000000000e+00
0.000000000000000000e+00
0.000000000000000000e+00
0.000000000000000000e+00
0.000000000000000000e+00
0.000000000000000000e+00
0.000000000000000000e+00
0.000000000000000000e+00
0.000000000000000000e+00
0.000000000000000000e+00
0.000000000000000000e+00
0.000000000000000000e+00
0.000000000000000000e+00
0.000000000000000000e+00
0.000000000000000000e+00
0.000000000000000000e+00
0.000000000000000000e+00
0.000000000000000000e+00
0.000000000000000000e+00
0.000000000000000000e+00
0.000000000000000000e+00
0.000000000000000000e+00
0.000000000000000000e+00
0.000000000000000000e+00
0.000000000000000000e+00
0.000000000000000000e+00
0.000000000000000000e+00
0.000000000000000000e+00
0.000000000000000000e+00
0.000000000000000000e+00
0.000000000000000000e+00
0.000000000000000000e+00
0.000000000000000000e+00
0.000000000000000000e+00
0.000000000000000000e+00
0.000000000000000000e+00
0.000000000000000000e+00
0.000000000000000000e+00
0.000000000000000000e+00
0.000000000000000000e+00
0.000000000000000000e+00
0.000000000000000000e+00
0.000000000000000000e+00
0.000000000000000000e+00
0.000000000000000000e+00
0.000000000000000000e+00
0.000000000000000000e+00
0.000000000000000000e+00
0.000000000000000000e+00
0.000000000000000000e+00
0.000000000000000000e+00
0.000000000000000000e+00
0.000000000000000000e+00
0.000000000000000000e+00
0.000000000000000000e+00
0.000000000000000000e+00
0.000000000000000000e+00
0.000000000000000000e+00
0.000000000000000000e+00
0.000000000000000000e+00
0.000000000000000000e+00
0.000000000000000000e+00
0.000000000000000000e+00
0.000000000000000000e+00
0.000000000000000000e+00
0.000000000000000000e+00
0.000000000000000000e+00
0.000000000000000000e+00
0.000000000000000000e+00
0.000000000000000000e+00
0.000000000000000000e+00
0.000000000000000000e+00
0.000000000000000000e+00
0.000000000000000000e+00
0.000000000000000000e+00
0.000000000000000000e+00
0.000000000000000000e+00
0.000000000000000000e+00
0.000000000000000000e+00
0.000000000000000000e+00
0.000000000000000000e+00
0.000000000000000000e+00
0.000000000000000000e+00
0.000000000000000000e+00
0.000000000000000000e+00
0.000000000000000000e+00
0.000000000000000000e+00
0.000000000000000000e+00
0.000000000000000000e+00
0.000000000000000000e+00
0.000000000000000000e+00
0.000000000000000000e+00
0.000000000000000000e+00
0.000000000000000000e+00
0.000000000000000000e+00
0.000000000000000000e+00
0.000000000000000000e+00
0.000000000000000000e+00
0.000000000000000000e+00
0.000000000000000000e+00
0.000000000000000000e+00
0.000000000000000000e+00
0.000000000000000000e+00
0.000000000000000000e+00
0.000000000000000000e+00
0.000000000000000000e+00
0.000000000000000000e+00
0.000000000000000000e+00
0.000000000000000000e+00
0.000000000000000000e+00
0.000000000000000000e+00
0.000000000000000000e+00
0.000000000000000000e+00
0.000000000000000000e+00
0.000000000000000000e+00
0.000000000000000000e+00
0.000000000000000000e+00
-1.401298464324817071e-45
-1.401298464324817071e-45
0.000000000000000000e+00
2.802596928649634142e-45
5.605193857299268284e-45
7.006492321624085355e-45
9.809089250273719496e-45
9.809089250273719496e-45
7.006492321624085355e-45
5.605193857299268284e-45
5.605193857299268284e-45
8.407790785948902426e-45
1.401298464324817071e-44
2.382207389352189021e-44
3.363116314379560970e-44
4.344025239406932920e-44
4.484155085839414627e-44
4.764414778704378041e-44
5.184804318001823162e-44
5.184804318001823162e-44
4.484155085839414627e-44
3.643376007244524384e-44
2.802596928649634142e-44
2.522337235784670728e-44
2.802596928649634142e-44
3.783505853677006091e-44
5.324934164434304870e-44
6.586102782326640233e-44
7.567011707354012183e-44
8.127531093083939011e-44
8.547920632381384133e-44
9.108440018111310961e-44
9.388699710976274375e-44
8.968310171678829254e-44
7.707141553786493890e-44
6.165713243029195112e-44
4.344025239406932920e-44
2.382207389352189021e-44
1.401298464324817071e-45
-1.681558157189780485e-44
-3.363116314379560970e-44
-4.904544625136859748e-44
-6.726232628759121940e-44
-8.547920632381384133e-44
-1.064986832886860974e-43
-1.387285479681568900e-43
-1.821688003622262192e-43
-2.396220373995437191e-43
-3.124895575444342068e-43
-4.021726592612224994e-43
-5.100726410142334138e-43
-6.516037859110399380e-43
-8.309699893446165231e-43
-1.053776445172262437e-42
-1.324227048786952132e-42
-1.640920501724360790e-42
-1.991245117805565058e-42
-2.392016478602462740e-42
-2.847438479508028288e-42
-3.378530597487133958e-42
-3.989496727932754201e-42
-4.691547258559487553e-42
-5.495892577081932552e-42
-6.419348265071987002e-42
-7.482933799494523159e-42
-8.703464761921438828e-42
-1.010476322624625590e-41
-1.170504607250519699e-41
-1.353233926998475845e-41
-1.562307657875738552e-41
-1.799547487885930082e-41
-2.069577701961322332e-41
-2.375901546262727344e-41
-2.724404474340309349e-41
-3.119570641279907763e-41
-3.566584851399524409e-41
-4.071332558249323518e-41
-4.641661033229524066e-41
-5.284016249276020211e-41
-6.005264568864003557e-41
-6.815215081243747824e-41
-7.725778823362013957e-41
-8.747045144161940638e-41
-9.892746768593911076e-41
-1.117675655145474096e-40
-1.261392825646627335e-40
-1.421883538765748634e-40
-1.601053560414319744e-40
-1.800836682473108914e-40
-2.023573073377538588e-40
-2.271224550977663509e-40
-2.546593712202133311e-40
-2.852567231887457119e-40
-3.192424148440155003e-40
-3.569009097742806342e-40
-3.986203676541590881e-40
-4.447833429644115368e-40
-4.958606719890511191e-40
-5.522377118057671595e-40
-6.144371467417528148e-40
-6.829774572288082674e-40
-7.585060431574515827e-40
-8.415189641840537460e-40
-9.326972513622766183e-40
-1.032706521462674488e-39
-1.142360928893020073e-39
-1.262289656663795217e-39
-1.393376924105988880e-39
-1.536445293418159729e-39
-1.692538731956229752e-39
-1.862432157770970573e-39
-2.047186353799876080e-39
-2.247772419878723370e-39
-2.465524392145549669e-39
-2.701560506774886181e-39
-2.957488053105313472e-39
-3.234914320475412106e-39
-3.536007117609492576e-39
-3.862600744197356066e-39
-4.216588354464305406e-39
-4.599096592375657747e-39
-5.010643938363213273e-39
-5.450246680905015961e-39
-5.916328359228700392e-39
-6.407566147583943940e-39
-6.925657018411043957e-39
-7.477600457539302905e-39
-8.078213794930491399e-39
-8.750951964280478228e-39
-9.523888579023546777e-39
-1.041880822508609065e-38
-1.143396908847695411e-38
-1.252587766746042346e-38
-1.359110692498161263e-38
-1.447403425878646472e-38
-1.500073050348298344e-38
-1.506864303225802138e-38
-1.477855603326274802e-38
-1.458363401557670164e-38
-1.537924784336793870e-38
-1.847036932322512403e-38
-2.522417109797137242e-38
-3.636682284740137598e-38
-5.106985730122780231e-38
-6.595036900815789537e-38
-7.437405612388609852e-38
-6.718063619231493987e-38
-3.506584894533142986e-38
2.665042668794581449e-38
1.108070482847728924e-37
1.914581311965002922e-37
2.202006012033874845e-37
1.303808112291950920e-37
-1.443392797569871700e-37
-6.333989682519982241e-37
-1.283939964566143362e-36
-1.912172513535991705e-36
-2.175421474399721583e-36
-1.613046904027681272e-36
2.361844616899637947e-37
3.605487407896029401e-36
8.156637923112326085e-36
1.265269862007084779e-35
1.478384462335021160e-35
1.134746080219210326e-35
-9.301186940321032359e-37
-2.375780841776126718e-35
-5.523191646892393981e-35
-8.758940737678585953e-35
-1.057075577974553173e-34
-8.846227506917501662e-35
-1.330262990581797134e-35
1.343009757448526315e-34
3.461870582023725042e-34
5.763277988058821788e-34
7.308943315972221061e-34
6.712591613748554321e-34
2.416736258820225269e-34
-6.684635511185619426e-34
-2.041722750098954548e-33
-3.633123165289491183e-33
-4.885578600628052382e-33
-4.941488418031022063e-33
-2.772079247112927379e-33
2.501729321748224950e-33
1.105959672272524397e-32
2.172744378999163683e-32
3.143241625119263122e-32
3.501413872194051009e-32
2.582069144370746528e-32
-2.382981066099149782e-33
-5.257316787195298730e-32
-1.205579483039492806e-31
-1.907620679477698067e-31
-2.343639040765493746e-31
-2.109931720813539668e-31
-7.683663492935213543e-32
1.985855470897805248e-31
6.082856007878068929e-31
1.083270236231914448e-30
1.473133282032413336e-30
1.544737062799757960e-30
1.021768559875988497e-30
-3.400690580798927564e-31
-2.627619573974997185e-30
-5.604171010257120878e-30
-8.567203697267499871e-30
-1.028368575093708572e-29
-9.088050385868261072e-30
-3.240129619341015182e-30
8.388120048145714408e-30
2.546754665666676572e-29
4.525570646326785922e-29
6.182620307471904535e-29
6.621085342701501723e-29
4.756385225144643255e-29
-3.975710725893492444e-30
-9.249376058123134788e-29
-2.104399853802524789e-28
-3.334296308875783121e-28
-4.174369376506752867e-28
-4.013176262398832678e-28
-2.192923297766339698e-28
1.791901470291790005e-28
7.995380200914515926e-28
1.565759763260937270e-27
2.293403540752142493e-27
2.681422187391794410e-27
2.342021331082264997e-27
8.850195058563554720e-28
-1.931988149620300342e-27
-6.026829908340476640e-27
-1.079874928719349631e-26
-1.497471237072922961e-26
-1.663729989898468790e-26
-1.344498935673320245e-26
-3.180735895878712596e-27
1.534248178993359413e-26
4.114632229642710656e-26
7.004601044760554758e-26
9.397605054070254235e-26
1.011507219847601786e-25
7.793437914375860611e-26
1.200663014818297249e-26
-1.025356659114888175e-25
-2.586396341712541540e-25
-4.304205057779843954e-25
-5.697386664511253220e-25
-6.080706011271721172e-25
-4.662174359351034691e-25
-7.539872134939374852e-26
5.956863723837206055e-25
1.506723145680774717e-24
2.511367090763679039e-24
3.341213658745901123e-24
3.613641644768093614e-24
2.884681511878455203e-24
7.549498456654367131e-25
-2.967910281683798053e-24
-8.093785462770861457e-24
-1.387640568847046358e-23
-1.889438461646114940e-23
-2.111237591429494459e-23
-1.810943172816460248e-23
-7.600705587379752365e-24
1.175764441504351424e-23
3.937433232076221926e-23
7.180646779452607275e-23
1.021284571448088956e-22
1.198922415787418595e-22
1.123773885125382151e-22
6.678721091186892889e-23
-2.597987015828385975e-23
-1.663525643123061306e-22
-3.409913740601517033e-22
-5.189020506767174611e-22
-6.504836457707987570e-22
-6.708894200396255160e-22
-5.110556993254782222e-22
-1.132661886281198664e-22
5.461014193306606725e-22
1.429927798459329751e-21
2.417904062403443980e-21
3.293678304769694245e-21
3.753042031568829347e-21
3.437777973848154997e-21
2.009583195512512699e-21
-7.570721583906589674e-22
-4.853848982434283510e-21
-9.909964627270522890e-21
-1.510525825693021086e-20
-1.914215814013040873e-20
-2.034270740167455927e-20
-1.687872056554683105e-20
-7.193220767897948795e-21
9.507240760056570897e-21
3.266178547980462459e-20
5.977515360333324693e-20
8.610760183630072322e-20
1.046733863417178643e-19
1.068936037292955463e-19
8.387214623087616593e-20
2.853264849595622856e-20
-6.199107999148331008e-20
-1.836384903837763318e-19
-3.228800517921178588e-19
-4.555807342054846041e-19
-5.472931438513827180e-19
-5.566480395914746154e-19
-4.414306207556345208e-19
-1.684112843788056373e-19
2.758729026949836907e-19
8.731037156080169579e-19
1.562037735782633687e-18
2.233491465060050127e-18
2.731265596637310697e-18
2.866464545446346582e-18
2.442496637999895598e-18
1.296089449474637791e-18
-6.576273019410160138e-19
-3.373914829034099331e-18
-6.629547379966484747e-18
-9.996118706317491437e-18
-1.283525485868631109e-17
-1.434633599398899375e-17
-1.365298906864398319e-17
-9.955391641677830566e-18
-2.701793565002352598e-18
8.204941807895165310e-18
2.219929921635304494e-17
3.790623978451213732e-17
5.306313336946429310e-17
6.462200966549249250e-17
6.897381348557887152e-17
6.242119307539920579e-17
4.173700584547381442e-17
4.909156048873077686e-18
-4.806732642911352928e-17
-1.144874216055043908e-16
-1.884059222695782490e-16
-2.606167912770976369e-16
-3.189481651760182586e-16
-3.493625507432988192e-16
-3.373909841135005637e-16
-2.704005776832564415e-16
-1.401466436162381144e-16
5.445717423835501022e-17
3.048061824979992653e-16
5.910493732591245216e-16
8.810272381638123949e-16
1.131164961333953455e-15
1.288272102995089048e-15
1.294129971100062976e-15
1.090763183815817838e-15
6.276185384491712437e-16
-1.312333820867301161e-16
-1.200396140486599626e-15
-2.567056589947982678e-15
-4.187418759584197667e-15
-5.984992927280221101e-15
-7.855165865368936989e-15
-9.671008839671341173e-15
-1.129364783386977572e-14
-1.258429649955662352e-14
-1.341936087126622060e-14
-1.370495835822374206e-14
-1.338924630889248846e-14
-1.247348087313323792e-14
-1.101443951643339345e-14
-9.124669200560528437e-15
-6.964582295615083171e-15
-4.731503173472945828e-15
-2.639545457815768888e-15
-8.989414556026488132e-16
3.047926299708431964e-16
8.326938441275875090e-16
6.061762170267838510e-16
-3.811184776803525813e-16
-2.061890375370254228e-15
-4.297049810430848132e-15
-6.892863592454587934e-15
-9.619840426360656144e-15
-1.223494199562632362e-14
-1.450851056319663740e-14
-1.624677971909065100e-14
-1.731416151130957953e-14
-1.764363699900076826e-14
-1.724669703112666902e-14
-1.620454496227465707e-14
-1.465709200060630324e-14
-1.278442836213618608e-14
-1.078164013417707429e-14
-8.834566345356561351e-15
-7.091550840342608283e-15
-5.647362206372867968e-15
-4.524474768636838756e-15
-3.674371750465215206e-15
-2.979835438661026896e-15
-2.268001020008011265e-15
-1.332045283401533595e-15
4.713999409671503122e-17
2.071512881409299893e-15
4.907093526955235915e-15
8.659310146371963085e-15
1.337013470450358968e-14
1.901403635777045020e-14
2.550625590727259584e-14
3.271994423992806433e-14
4.050593546559358438e-14
4.872203985747947108e-14
5.725059776294852409e-14
6.602270135767571158e-14
7.501964815418565857e-14
8.427823326370709189e-14
9.387874185711256314e-14
1.039246271504479235e-13
1.145205078770944462e-13
1.257453884941084343e-13
1.376251678808851353e-13
1.501084413019215802e-13
1.630746454756373809e-13
1.763353325119274007e-13
1.896437108912796266e-13
2.027213303907454689e-13
2.153077792010210656e-13
2.271927356531713849e-13
2.382487924394022238e-13
2.484618684839984271e-13
2.579361962733173197e-13
2.668852823201756097e-13
2.756209431693801282e-13
2.845209690679334491e-13
2.939527961320909100e-13
3.042316561435026712e-13
3.155684806348257876e-13
3.280254214955979908e-13
3.414755999665841646e-13
3.556038384762427729e-13
3.698951138875888889e-13
3.836502513246409229e-13
3.960801684462639249e-13
4.063427112149797793e-13
4.135963219045052375e-13
4.170543847336477539e-13
4.160999886662630765e-13
4.103009436113441710e-13
3.994649392085464212e-13
3.836789555771574767e-13
3.632577637129041914e-13
3.387449012699078610e-13
3.109027521108059799e-13
2.806958766983502773e-13
2.491257525792656136e-13
2.172129121534582818e-13
1.859392902234940914e-13
1.561716793212208909e-13
1.286296102184086854e-13
1.038331475921444591e-13
8.208821941418573132e-14
6.344314722010746532e-14
4.785642639549420041e-14
3.517700724892797171e-14
2.522665541358163482e-14
1.788863280866460209e-14
1.318308357172847528e-14
1.134371002215134663e-14
1.287872769312106008e-14
1.866072536294352546e-14
2.974086837806248773e-14
4.737654157329317106e-14
7.298380107732815869e-14
1.080383815721917828e-13
1.539054663877645335e-13
2.117434239013935016e-13
2.824311151703590150e-13
3.664225227493350667e-13
4.638747610856419623e-13
5.745763565455364041e-13
6.979752604878430855e-13
8.332336556837738328e-13
9.793858432582958073e-13
1.135417172608288450e-12
1.300332129298975570e-12
1.473295877657543329e-12
1.653502204948531507e-12
1.840264485936105032e-12
2.032986192584962382e-12
2.231121971202343346e-12
2.433998532239134427e-12
2.640760657021679059e-12
2.850292050993186166e-12
3.061055315473071303e-12
3.271206439406371125e-12
3.478503292700385607e-12
3.680309529352498998e-12
3.873609766280594613e-12
4.055216232257130571e-12
4.221840325252523840e-12
4.370158315086802858e-12
4.496990453628502138e-12
4.599250667813858939e-12
4.674091842737926328e-12
4.718900617484145243e-12
4.731332513274733031e-12
4.709176625039557251e-12
4.650336973138768926e-12
4.552782196381999213e-12
4.414422386661565056e-12
4.233231386957525544e-12
4.007172631909083904e-12
3.734218229772823250e-12
3.412395366275688957e-12
3.040012252347734645e-12
2.615736403518975628e-12
2.138664896220165978e-12
1.608490684396057802e-12
1.025464218748495249e-12
3.904973133045386291e-13
-2.948747745545182708e-13
-1.028490010171467794e-12
-1.807697980020506190e-12
-2.629419034935742694e-12
-3.490205520428890651e-12
-4.386354994501129312e-12
-5.313801048484334544e-12
-6.268189526453804561e-12
-7.244863996919148619e-12
-8.238844502461706298e-12
-9.244714369027740020e-12
-1.025660546077888924e-11
-1.126822506830604809e-11
-1.227279215754162323e-11
-1.326319696431932371e-11
-1.423201227007675485e-11
-1.517158620956138293e-11
-1.607412120074869222e-11
-1.693182746786980886e-11
-1.773701498175572766e-11
-1.848213596056247354e-11
-1.915991844347875173e-11
-1.976332465736252431e-11
-2.028565163070261690e-11
-2.072056241864128623e-11
-2.106213987940197541e-11
-2.130491442986492956e-11
-2.144390394420714330e-11
-2.147466406088316404e-11
-2.139329338679551995e-11
-2.119659482657798577e-11
-2.088207731731905881e-11
-2.044795756328543490e-11
-1.989322075124366762e-11
-1.921770034774006319e-11
-1.842210932412324809e-11
-1.750800719679812545e-11
-1.647789543701705384e-11
-1.533517063334599584e-11
-1.408416005349577560e-11
-1.273006092900041963e-11
-1.127892050589718309e-11
-9.737620432215265964e-12
-8.113783950269848333e-12
-6.415686992083946549e-12
-4.652167106405924457e-12
-2.832648395359460558e-12
-9.670444783491105589e-13
9.343514460399826582e-13
2.860896415601832388e-12
4.801628712691741185e-12
6.745326953244701329e-12
8.680610917577435970e-12
1.059599109842768172e-11
1.247999186632098301e-11
1.432123603734014594e-11
1.610856240064073575e-11
1.783115495535003703e-11
1.947862530993216268e-11
2.104112196976704041e-11
2.250938498093990603e-11
2.387487429977852571e-11
2.512975591506538819e-11
2.626696776752979190e-11
2.728023709708260469e-11
2.816413248452054319e-11
2.891410895433654815e-11
2.952651664833716438e-11
2.999861123398339657e-11
3.032857298634894505e-11
3.051556923816534095e-11
3.055974917565151827e-11
3.046217098012782287e-11
3.022481570580382026e-11
2.985060462701305539e-11
2.934332984927401355e-11
2.870758318562760536e-11
2.794874054412588293e-11
2.707293243753294831e-11
2.608698153327981828e-11
2.499829683533238978e-11
2.381481470359325670e-11
2.254499364973128195e-11
2.119769984543218300e-11
1.978208742647868945e-11
1.830753083853497998e-11
1.678355891765459518e-11
1.521979070551182645e-11
1.362581575348187357e-11
1.201113427468092354e-11
1.038510683698534720e-11
8.756900586603943992e-12
7.135403379265881085e-12
5.529159595452082243e-12
3.946334144883101303e-12
2.394662376378753343e-12
8.813983072043785061e-13
-5.867528685143952316e-13
-2.003635755573607291e-12
-3.363667200675934943e-12
-4.661840791869709122e-12
-5.893747295759865779e-12
-7.055573573305773394e-12
-8.144089569395163153e-12
-9.156615569938519883e-12
-1.009103738069949685e-11
-1.094583104710444843e-11
-1.172004160387984939e-11
-1.241323970696539547e-11
-1.302554071547223913e-11
-1.355758821180996776e-11
-1.401052711347272606e-11
-1.438593428410017694e-11
-1.468581159458359764e-11
-1.491254862651114621e-11
-1.506886802837836825e-11
-1.515776046345784778e-11
-1.518244731324447372e-11
-1.514637373856153602e-11
-1.505315143368601838e-11
-1.490650658464431899e-11
-1.471023997057230304e-11
-1.446823130052399264e-11
-1.418440451900204735e-11
-1.386266882535958089e-11
-1.350690479601235339e-11
-1.312095484345965346e-11
-1.270860239960258653e-11
-1.227354416016845917e-11
-1.181937620692297131e-11
-1.134957319098850448e-11
-1.086748659812064588e-11
-1.037632132994126266e-11
-9.879117489342004177e-12
-9.378737370058232159e-12
-8.877860252498592786e-12
-8.378971128042422833e-12
-7.884342484443251919e-12
-7.396039509999230432e-12
-6.915938741830496284e-12
-6.445721994347008987e-12
-5.986885466546798540e-12
-5.540741910420310390e-12
-5.108433207695606271e-12
-4.690949018115730951e-12
-4.289122876310891286e-12
-3.903626553947159294e-12
-3.534979167024721036e-12
-3.183566257836112356e-12
-2.849633506593618471e-12
-2.533290200876225917e-12
-2.234518126087436940e-12
-1.953192815817850203e-12
-1.689081491861033069e-12
-1.441850762048946244e-12
-1.211077895954537631e-12
-9.962655700412881288e-13
-7.968468007830964428e-13
-6.121867335978636859e-13
-4.415923735619914359e-13
-2.843280352913396536e-13
-1.396212518430667293e-13
-6.664633529432232098e-15
1.153751708971376133e-13
2.273435346228369625e-13
3.300929950385278477e-13
4.244798956776207888e-13
5.113610273069224554e-13
5.915870007408563502e-13
6.659970968811435021e-13
7.354140625463745362e-13
8.006387436712558703e-13
8.624448269260731603e-13
9.215683771657268153e-13
9.787024706289781939e-13
1.034490852355740564e-12
1.089526906195015243e-12
1.144346119599792821e-12
1.199422505759883961e-12
1.255168061500833154e-12
1.311934393587177450e-12
1.370007731392453021e-12
1.429605565872460460e-12
1.490876432724830281e-12
1.553905008139233601e-12
1.618708422509995692e-12
1.685234959393488996e-12
1.753367633375302326e-12
1.822931345804579273e-12
1.893693318474887199e-12
1.965364286246606973e-12
2.037603375956709151e-12
2.110026780036133864e-12
2.182207539669356322e-12
2.253679014241338763e-12
2.323938567624916907e-12
2.392454723915138359e-12
2.458669552674042080e-12
2.522003222579782822e-12
2.581860506639666042e-12
2.637637287403182818e-12
2.688727712696348249e-12
2.734530050313432881e-12
2.774453843751301108e-12
2.807928585826791057e-12
2.834411524932356485e-12
2.853394387089536188e-12
2.864409881161988913e-12
2.867038204068528273e-12
2.860913979677026653e-12
2.845732980857884620e-12
2.821257116814024357e-12
2.787315300442627652e-12
2.743809303026867319e-12
2.690718307885031635e-12
2.628099344051393338e-12
2.556081865265347197e-12
2.474867316290541019e-12
2.384731518159655117e-12
2.286019897684843372e-12
2.179137946478615362e-12
2.064551437794270861e-12
1.942782306557644389e-12
1.814405179920153266e-12
1.680038595221200470e-12
1.540344674727522900e-12
1.396024788824501428e-12
1.247814568686167469e-12
1.096476100019561084e-12
9.427932609953892928e-13
7.875702043649845940e-13
6.316252317180304221e-13
4.757827161763761303e-13
3.208666242860563900e-13
1.676990930019398029e-13
1.709426667600467964e-14
-1.301517487534153972e-13
-2.732690105016616355e-13
-4.115190718571859474e-13
-5.442025411035722460e-13
-6.706660509066264542e-13
-7.903090074729002268e-13
-9.025886049847386960e-13
-1.007022373475385812e-12
-1.103188720930070588e-12
-1.190730456943067672e-12
-1.269356039550195714e-12
-1.338838870497405242e-12
-1.399013392112957721e-12
-1.449775304147860044e-12
-1.491080913254561047e-12
-1.522942687758044311e-12
-1.545424920847138228e-12
-1.558643947414950492e-12
-1.562766734596043872e-12
-1.558008604941873987e-12
-1.544629008032316619e-12
-1.522932279417188450e-12
-1.493267098515160818e-12
-1.456023561267894006e-12
-1.411627975969609317e-12
-1.360539285399919862e-12
-1.303248091041875334e-12
-1.240271340491316820e-12
-1.172143762259714173e-12
-1.099412444763303576e-12
-1.022635643700697816e-12
-9.423774694622411019e-13
-8.592028455899070050e-13
-7.736758824740397333e-13
-6.863588473612902696e-13
-5.978109175221180127e-13
-5.085864997374234253e-13
-4.192342003064841727e-13
-3.302927592888083019e-13
-2.422865510651184273e-13
-1.557193908324414067e-13
-7.106506138762624936e-14
1.124059138411966086e-14
9.080785440002819842e-14
1.672985345093150333e-13
2.404297464245197524e-13
3.099681427330691630e-13
3.757211555766026834e-13
4.375229562328386557e-13
4.952179616900254100e-13
5.486441921435936120e-13
5.976190137375880784e-13
6.419307902079396388e-13
6.813401839250721181e-13
7.155945757827963938e-13
7.444474724171978863e-13
7.676844728486675873e-13
7.851523251001246706e-13
7.967861938816545031e-13
8.026258694129873028e-13
8.028197247614277110e-13
7.976173974771905151e-13
7.873445276827817363e-13
7.723688767551084577e-13
7.530628681404194502e-13
7.297697060364150001e-13
7.027771919097813846e-13
6.723071535250091380e-13
6.385220043675365886e-13
6.015468071579599396e-13
5.615041851619873015e-13
5.185496671812617198e-13
4.729025331051683878e-13
4.248665221723291197e-13
3.748331397872284310e-13
3.232656113280607535e-13
2.706702863144311300e-13
2.175614560468580594e-13
1.644232303478834756e-13
1.116806503504395864e-13
5.968664419046115777e-14
8.725403280213268886e-15
-4.097028231541018084e-14
-8.919254901708709160e-14
-1.357291151216424852e-13
-1.803408632280664725e-13
-2.227520332900509437e-13
-2.626565956918847089e-13
-2.997387223407227408e-13
-3.337013011837225429e-13
-3.642946946706693279e-13
-3.913391149763106869e-13
-4.147343005047460229e-13
-4.344532275168261348e-13
-4.505218626545820504e-13
-4.629907026341972820e-13
-4.719082112927819317e-13
-4.773014123694852007e-13
-4.791719321675658172e-13
-4.775063265800849610e-13
-4.723014514207424241e-13
-4.635972595395942975e-13
-4.515080800557291774e-13
-4.362432181985453905e-13
-4.181147886684472015e-13
-3.975287980739761196e-13
-3.749574435663038940e-13
-3.509030360119430592e-13
-3.258636036788248314e-13
-3.003038898281851221e-13
-2.746384662657280762e-13
-2.492278302138051238e-13
-2.243898019867532345e-13
-2.004186611592392864e-13
-1.776059903530260997e-13
-1.562554203865182401e-13
-1.366898402192090467e-13
-1.192502043292908986e-13
-1.042841621433712729e-13
-9.212972724124968149e-14
-8.310032214220094970e-14
-7.747385496808742444e-14
-7.548588219340873762e-14
-7.732809076226032641e-14
-8.315013445576308060e-14
-9.306216143837794941e-14
-1.071340891977030918e-13
-1.253912745120475125e-13
-1.478064361442460450e-13
-1.742911370783417624e-13
-2.046899027228002432e-13
-2.387781541501182714e-13
-2.762653116255425756e-13
-3.168043084811333898e-13
-3.600053469308278631e-13
-4.054496809905577814e-13
-4.526997266635079953e-13
-5.013054316278797717e-13
-5.508043565520537310e-13
-6.007192356397017541e-13
-6.505530706149564857e-13
-6.997856612754593808e-13
-7.478736054923607046e-13
-7.942550696998784687e-13
-8.383562398982247199e-13
-8.795973931857714589e-13
-9.173992945518683051e-13
-9.511861784328168312e-13
-9.803829839963307258e-13
-1.004412915686647700e-12
-1.022695383240401767e-12
-1.034649471133575194e-12
-1.039705105863875101e-12
-1.037320294765275985e-12
-1.027004978455814399e-12
-1.008347485370597596e-12
-9.810359989648187451e-13
-9.448718934004785019e-13
-8.997707093283402457e-13
-8.457520708077259641e-13
-7.829206575583891325e-13
-7.114419730419596632e-13
-6.315214735701235593e-13
-5.433907447269237245e-13
-4.473055769099038015e-13
-3.435536631655328188e-13
-2.324708351167381615e-13
-1.144606870222275585e-13
9.987831349196445163e-15
1.402903943188704705e-13
2.757682862446209082e-13
4.156570920788027479e-13
5.591229519305573881e-13
7.052820783989832698e-13
8.532179411775697719e-13
1.001993626958963546e-12
1.150660513052348399e-12
1.298260977888876511e-12
1.443826395247649330e-12
1.586376429524305465e-12
1.724922071497103637e-12
1.858470191976047126e-12
1.986033082782001635e-12
2.106641033491896131e-12
2.219351438736971716e-12
2.323263109671458437e-12
2.417524080228217187e-12
2.501340714416988575e-12
2.573980091569172401e-12
2.634773475784779606e-12
2.683119785379384226e-12
2.718489496011944340e-12
2.740426592248712545e-12
2.748551169648449921e-12
2.742563121049812480e-12
2.722241486050047676e-12
2.687450956218029319e-12
2.638144043498602542e-12
2.574359779169976825e-12
2.496228050652415931e-12
2.403977407763879803e-12
2.297939833209583504e-12
2.178550092060693721e-12
2.046347900158673738e-12
1.901970551540510534e-12
1.746143377459596913e-12
1.579665218076620192e-12
1.403394761512188893e-12
1.218230377686424504e-12
1.025097758414195148e-12
8.249443337639272844e-13
6.187364531319572425e-13
4.074598731335088431e-13
1.921247584852139867e-13
-2.623075537431119458e-14
-2.465395509271273156e-13
-4.677049763104901281e-13
-6.886079163478942000e-13
-9.081203128889769882e-13
-1.125118336171848643e-12
-1.338492034222427129e-12
-1.547158343280508053e-12
-1.750071767191163641e-12
-1.946230936827886282e-12
-2.134685223725840686e-12
-2.314541136874681548e-12
-2.484964491122898522e-12
-2.645185936608895894e-12
-2.794507680814461992e-12
-2.932306958011721143e-12
-3.058036679784437162e-12
-3.171225651868447848e-12
-3.271479007832533981e-12
-3.358474522791032868e-12
-3.431961962882534856e-12
-3.491762651589014332e-12
-3.537768819214526239e-12
-3.569945120768247548e-12
-3.588335574858381172e-12
-3.593064431053893948e-12
-3.584338555129296111e-12
-3.562449163788117268e-12
-3.527765753130740478e-12
-3.480731111324408822e-12
-3.421857415475404451e-12
-3.351719726416013678e-12
-3.270944279321064130e-12
-3.180202845856627825e-12
-3.080213167860890167e-12
-2.971734620535460003e-12
-2.855561273551465717e-12
-2.732519722645210258e-12
-2.603463451766874215e-12
-2.469265243665308418e-12
-2.330810240994130034e-12
-2.188987489534777175e-12
-2.044684517185646477e-12
-1.898779310866016701e-12
-1.752138690212790006e-12
-1.605612127628108787e-12
-1.460034458784786882e-12
-1.316223714221964602e-12
-1.174973313089466842e-12
-1.037046316876288898e-12
-9.031759173015740938e-13
-7.740572505882115095e-13
-6.503362301804593848e-13
-5.326028246904757069e-13
-4.213890521242991127e-13
-3.171643720226158258e-13
-2.203318365430473325e-13
-1.312273044135753297e-13
-5.011852274882690195e-14
2.279493393629768161e-14
8.738035251962261718e-14
1.435715289059905087e-13
1.913688798356114051e-13
2.308375658590516855e-13
2.621060107236422576e-13
2.853644241480185473e-13
3.008598144921270645e-13
3.088915028707367449e-13
3.098087650137137938e-13
3.040066570876576169e-13
2.919193749575943464e-13
2.740158360631239631e-13
2.507964539169571516e-13
2.227885573507365491e-13
1.905440323753115894e-13
1.546351480023744340e-13
1.156472378797956946e-13
7.417294724384668192e-14
3.081082684450696385e-14
-1.384150345745292429e-14
-5.919707947573890627e-14
-1.046860758887116494e-13
-1.497583524204260108e-13
-1.938905850110139717e-13
-2.365922128350073095e-13
-2.774093888630035920e-13
-3.159277039196245473e-13
-3.517759271810111388e-13
-3.846284456297116572e-13
-4.142082185056017440e-13
-4.402882680838715590e-13
-4.626946070208914907e-13
-4.813087320192088736e-13
-4.960696567066213980e-13
-5.069717974419407636e-13
-5.140644854240150607e-13
-5.174525087928150135e-13
-5.172947573767183727e-13
-5.137981511603439966e-13
-5.072150924094465108e-13
-4.978404841149419724e-13
-4.860082605459559169e-13
-4.720860204490695544e-13
-4.564696602475659670e-13
-4.395758930464399583e-13
-4.218365294659381926e-13
-4.036917284830354724e-13
-3.855820827555755947e-13
-3.679382915965784262e-13
-3.511761194341378456e-13
-3.356911103258308771e-13
-3.218529230023664534e-13
-3.099967927754770924e-13
-3.004223118104748513e-13
-2.933894175782131297e-13
-2.891143270969398493e-13
-2.877644953921953963e-13
-2.894583173412151877e-13
-2.942612516501630360e-13
-3.021826766678309406e-13
-3.131719601527638286e-13
-3.271187303238026756e-13
-3.438507887709024713e-13
-3.631308578486147631e-13
-3.846540328009823151e-13
-4.080501127962099517e-13
-4.328801043746582922e-13
-4.586353540871057621e-13
-4.847371419189339115e-13
-5.105421836161527782e-13
-5.353405435962188541e-13
-5.583590772899327259e-13
-5.787666895219756302e-13
-5.956840381203531987e-13
-6.081845639084593191e-13
-6.153023511708266557e-13
-6.160422107333307640e-13
-6.093918772376305526e-13
-5.943217923007337866e-13
-5.697916639381406245e-13
-5.347643985617600570e-13
-4.882171056319606350e-13
-4.291374384752383309e-13
-3.565283918788297868e-13
-2.694251614344944645e-13
-1.669034105800798473e-13
-4.807178282826771176e-14
8.792372754341803986e-14
2.418832549620081318e-13
4.145460287974939151e-13
6.065975629784836620e-13
8.186658274032809768e-13
1.051300539678390322e-12
1.304966443065047610e-12
1.580050109847852546e-12
1.876856092417056310e-12
2.195585076594785967e-12
2.536329436406137283e-12
2.899083100318944339e-12
3.283740033360738053e-12
3.690073854117903451e-12
4.117740870501762629e-12
4.566288753365954634e-12
5.035166294325987835e-12
5.523700854354052225e-12
6.031107904758137295e-12
6.556504904969839842e-12
7.098915639353053919e-12
7.657258507820507987e-12
8.230353031046799828e-12
8.816935896660549332e-12
9.415657489797446544e-12
1.002507365316374077e-11
1.064365956482404840e-11
1.126980973820135290e-11
1.190184496097090872e-11
1.253800362144286140e-11
1.317645558635005543e-11
1.381530046612455820e-11
1.445258322740894386e-11
1.508628118263022344e-11
1.571432740876677059e-11
1.633461421679527348e-11
1.694499575377594880e-11
1.754330188064034957e-11
1.812734858053222098e-11
1.869493969353097640e-11
1.924387732499255321e-11
1.977197572333722064e-11
2.027707168839043561e-11
2.075702110193589078e-11
2.120970066243899055e-11
2.163302523228161078e-11
2.202496691972033460e-11
2.238353252748126465e-11
2.270676702220697507e-11
2.299276914696779528e-11
2.323971744211394963e-11
2.344584248969994178e-11
2.360943211765498262e-11
2.372885568591165395e-11
2.380258316836414423e-11
2.382916260146306087e-11
2.380720967587457437e-11
2.373545804346122168e-11
2.361276625617581004e-11
2.343808307159189752e-11
2.321043877928641308e-11
2.292899724254393590e-11
2.259305416363321939e-11
2.220199718516724374e-11
2.175529201231540810e-11
2.125254659757214171e-11
2.069350246713952401e-11
2.007800696535166907e-11
1.940600631578082158e-11
1.867760460183554017e-11
1.789307764454850513e-11
1.705283136921309506e-11
1.615741047900076666e-11
1.520755396611228605e-11
1.420418210135165893e-11
1.314836173965661104e-11
1.204128290133166246e-11
1.088430474222024102e-11
9.678914787702996847e-12
8.426685564610902901e-12
7.129249014053984368e-12
5.788328150124755211e-12
4.405713207450423496e-12
2.983243209755959136e-12
1.522807270906700872e-12
2.640650454647109485e-14
-1.503845875952536382e-12
-3.065696351292612754e-12
-4.656722490253839553e-12
-6.274285778429256055e-12
-7.915538884073480830e-12
-9.577410045591427945e-12
-1.125662237033697721e-11
-1.294969860510253312e-11
-1.465303052505806392e-11
-1.636289541362412336e-11
-1.807550983889960605e-11
-1.978706608285474289e-11
-2.149379632609971225e-11
-2.319195530064988020e-11
-2.487782375937275248e-11
-2.654772061905230629e-11
-2.819799602149508644e-11
-2.982495847514421428e-11
-3.142481413975772853e-11
-3.299370845977200872e-11
-3.452771749068439533e-11
-3.602280973513671825e-11
-3.747483573457444095e-11
-3.887962521376131519e-11
-4.023305300027146814e-11
-4.153103208559549842e-11
-4.276953444182218789e-11
-4.394471592172877195e-11
-4.505294401435655516e-11
-4.609074927275358391e-11
-4.705480449729293468e-11
-4.794199065516480118e-11
-4.874936912480087869e-11
-4.947410883748837307e-11
-5.011344811345352923e-11
-5.066479180637628588e-11
-5.112572518117808329e-11
-5.149397228065843990e-11
-5.176743061996447182e-11
-5.194429608668116316e-11
-5.202308722696002974e-11
-5.200261748994350341e-11
-5.188200910555273992e-11
-5.166074859563885013e-11
-5.133866248785423636e-11
-5.091582364058488963e-11
-5.039253042626867796e-11
-4.976933448697096196e-11
-4.904701991770288316e-11
-4.822656163305794053e-11
-4.730916353112846195e-11
-4.629631400465683555e-11
-4.518982757439893305e-11
-4.399185876691191766e-11
-4.270494027847071550e-11
-4.133203501677229497e-11
-3.987647018144357958e-11
-3.834195461127620774e-11
-3.673252674252225347e-11
-3.505248868940213924e-11
-3.330630909958998132e-11
-3.149861274587273385e-11
-2.963411460665810182e-11
-2.771758864095197339e-11
-2.575381054248371271e-11
-2.374763233281562691e-11
-2.170399623913077392e-11
-1.962793295950948647e-11
-1.752456513237632407e-11
-1.539915937820435232e-11
-1.325713150368557081e-11
-1.110397190862144612e-11
-8.945199615750798472e-12
-6.786372679090657556e-12
-4.633047417934577084e-12
-2.490668045071475767e-12
-3.645145708712493882e-13
1.740274699520150126e-12
3.818718345011129500e-12
5.866071517424131798e-12
7.877829465152696997e-12
9.849675762507725807e-12
1.177747916553117946e-11
1.365736169989251181e-11
1.548570299769735925e-11
1.725910213357106926e-11
1.897438629827608025e-11
2.062868625918312659e-11
2.221942074775995479e-11
2.374426696927223190e-11
2.520116754167744944e-11
2.658835825120053897e-11
2.790434897037563644e-11
2.914789937191741842e-11
3.031798770369853457e-11
3.141386456517736292e-11
3.243501300875806237e-11
3.338114160089666882e-11
3.425217748320719124e-11
3.504829759748417928e-11
3.576990093012710759e-11
3.641760851214037586e-11
3.699225994968635689e-11
3.749489954629758870e-11
3.792678324177067850e-11
3.828935779548459095e-11
3.858425037805979230e-11
3.881326510191129842e-11
3.897831710175658770e-11
3.908145335129731279e-11
3.912479715206806929e-11
3.911050303062602040e-11
3.904071163574052150e-11
3.891752198281750452e-11
3.874297757611167015e-11
3.851901089757525654e-11
3.824742259017632762e-11
3.792994043849695629e-11
3.756822630762712834e-11
3.716385879592998265e-11
3.671839221563999445e-11
3.623338781788554286e-11
3.571042767047671873e-11
3.515110771901142073e-11
3.455701350074669165e-11
3.392972361404567039e-11
3.327077502390807240e-11
3.258159367303115062e-11
3.186348754291579155e-11
3.111764318441956334e-11
3.034512571775671574e-11
2.954687536305122819e-11
2.872372305284809357e-11
2.787644941271150145e-11
2.700582812931173748e-11
2.611264156293646721e-11
2.519769289055506789e-11
2.426183906556467207e-11
2.330598214417278768e-11
2.233105193816253831e-11
2.133800774961613911e-11
2.032781061533928124e-11
1.930143024575503574e-11
1.825983635128647364e-11
1.720402466320880563e-11
1.613503254616066585e-11
1.505397542733710736e-11
1.396205547010698211e-11
1.286060234001462632e-11
1.175107233741812252e-11
1.063505533638320344e-11
9.514258304810230271e-12
8.390492294008122798e-12
7.265647285203957750e-12
6.141666602371698147e-12
5.020524794507874589e-12
3.904215926248122415e-12
2.794739483238939393e-12
1.694100155297251220e-12
6.043188952725708774e-13
-4.725556968301902749e-13
-1.534445313866594773e-12
-2.579231533211823191e-12
-3.604743023175038807e-12
-4.608756518781342848e-12
-5.589013193224579013e-12
-6.543230800931665314e-12
-7.469116471148229408e-12
-8.364396848759003689e-12
-9.226843247778226953e-12
-1.005429680484004606e-11
-1.084469580109326259e-11
-1.159610428513868641e-11
-1.230672421609346756e-11
-1.297490760665542808e-11
-1.359917040089086981e-11
-1.417817772908502860e-11
-1.471074304038033631e-11
-1.519581856179730295e-11
-1.563247448155280495e-11
-1.601989547961313320e-11
-1.635738593186442102e-11
-1.664436817538916813e-11
-1.688039465153057250e-11
-1.706516872257424211e-11
-1.719856375370643065e-11
-1.728063525607836937e-11
-1.731165211182883468e-11
-1.729209830880762411e-11
-1.722267987946946022e-11
-1.710431275780965876e-11
-1.693811584047022478e-11
-1.672540751729290065e-11
-1.646767271157312251e-11
-1.616655073699568845e-11
-1.582381968512347470e-11
-1.544140162956786355e-11
-1.502134874820093557e-11
-1.456584158843199361e-11
-1.407718212831365889e-11
-1.355779551126534699e-11
-1.301022223981762593e-11
-1.243711730825047823e-11
-1.184122244701768523e-11
-1.122535571440597124e-11
-1.059240022083240973e-11
-9.945286781609663507e-12
-9.286967028732107110e-12
-8.620399533088018984e-12
-7.948535059310035678e-12
-7.274302254306475035e-12
-6.600591167388314418e-12
-5.930238505119644898e-12
-5.266015054572470433e-12
-4.610613973943245014e-12
-3.966639516850278824e-12
-3.336592287184192429e-12
-2.722863601256619859e-12
-2.127728548906304695e-12
-1.553334284115637232e-12
-1.001688315627191628e-12
-4.746584527336172865e-13
2.603474009185528792e-14
4.988339927756990644e-13
9.423593632859605940e-13
1.355413719629494640e-12
1.736993361645122746e-12
2.086298798650854103e-12
2.402740116244639346e-12
2.685938711027846537e-12
2.935723929578526459e-12
3.152124177993598231e-12
3.335361717718421382e-12
3.485847678216802414e-12
3.604171431789704449e-12
3.691089101032218878e-12
3.747517053620530447e-12
3.774527999184096316e-12
3.773342315688266169e-12
3.745317424252991856e-12
3.691936079769364554e-12
3.614796396239627896e-12
3.515593632180680217e-12
3.396100674984969814e-12
3.258148958962259201e-12
3.103612635987906820e-12
2.934392312470279762e-12
2.752398569477731982e-12
2.559540470195575956e-12
2.357721006276958242e-12
2.148829942108521074e-12
1.934729720182160051e-12
1.717244185392430289e-12
1.498151971403294258e-12
1.279173707062486454e-12
1.061952609182625906e-12
8.480398458118876270e-13
6.388852663054278569e-13
4.358264779884962747e-13
2.400780041347111426e-13
5.272562917410343608e-14
-1.252750344866299104e-13
-2.930976316685429683e-13
-4.500461147412954110e-13
-5.955562106842171577e-13
-7.291941031030424458e-13
-8.506554293429002822e-13
-9.597656870641291249e-13
-1.056479231355267334e-12
-1.140877214748925450e-12
-1.213161515689620273e-12
-1.273646335966938103e-12
-1.322750502880110091e-12
-1.360988036679111612e-12
-1.388955573819461442e-12
-1.407317838653110442e-12
-1.416795608784326976e-12
-1.418157258292751521e-12
-1.412208783073409801e-12
-1.399780898830860210e-12
-1.381721776924638156e-12
-1.358892165459479884e-12
-1.332155631465770096e-12
-1.302367718877817104e-12
-1.270366949655821198e-12
-1.236966475429146506e-12
-1.202944861777854868e-12
-1.169036113572718971e-12
-1.135921651879145955e-12
-1.104228362393266938e-12
-1.074522849170422845e-12
-1.047306989396257215e-12
-1.023014138679112506e-12
-1.002011299454375060e-12
-9.845984704631716156e-13
-9.710043099436793668e-13
-9.613853766896052200e-13
-9.558276479332272757e-13
-9.543476035475673136e-13
-9.568885397590043418e-13
-9.633218701898815794e-13
-9.734489690021996822e-13
-9.870071340095654122e-13
-1.003673164544360841e-12
-1.023068131947302284e-12
-1.044763451099606222e-12
-1.068287710896675957e-12
-1.093135998386784991e-12
-1.118774994521287702e-12
-1.144648395165481780e-12
-1.170186343657508843e-12
-1.194813887585299828e-12
-1.217957700840044399e-12
-1.239053130930312108e-12
-1.257553414700518513e-12
-1.272937701427001578e-12
-1.284717341190622086e-12
-1.292441414307843317e-12
-1.295704103905503946e-12
-1.294149791671028726e-12
-1.287475226256773464e-12
-1.275431041163066492e-12
-1.257824682084074386e-12
-1.234521707950408942e-12
-1.205446441450430672e-12
-1.170580559567424572e-12
-1.129962659898731125e-12
-1.083691513262263761e-12
-1.031925521595422612e-12
-9.748796821890115538e-13
-9.128248287457174648e-13
-8.460879566407619734e-13
-7.750502171478823588e-13
-7.001417132689036205e-13
-6.218378134463520279e-13
-5.406550858053082997e-13
-4.571459313526538004e-13
-3.718931358611538007e-13
-2.855033646564225647e-13
-1.986002508280737544e-13
-1.118182762637094652e-13
-2.579710838663488298e-14
5.882673634240859206e-14
1.414279256857151057e-13
2.213985288504471960e-13
2.981545674414498581e-13
3.711443316307266871e-13
4.398543703744428601e-13
5.038135165134904891e-13
5.625974946327216841e-13
6.158332849746928073e-13
6.632022947310189931e-13
7.044403038322655242e-13
7.393394707219669293e-13
7.677502297104288331e-13
7.895821583364659446e-13
8.048035436865330627e-13
8.134397560914663483e-13
8.155733033365919482e-13
8.113440475021604925e-13
8.009464944579158807e-13
7.846253486341880912e-13
7.626737240883085800e-13
7.354313013609170557e-13
7.032802075077060344e-13
6.666398119289929092e-13
6.259633653429852451e-13
5.817335545568735888e-13
5.344575151368380350e-13
4.846613019769685504e-13
4.328851188097060376e-13
3.796769214130246706e-13
3.255860750277228544e-13
2.711582857122668555e-13
2.169284717135067098e-13
1.634145699617658987e-13
1.111123115716226850e-13
6.049074273168503213e-14
1.198697648844941621e-14
-3.399707680087557526e-14
-7.709725734347458448e-14
-1.169893310915340323e-13
-1.533922321843642078e-13
-1.860692589589207913e-13
-2.148283450003479755e-13
-2.395219439454976396e-13
-2.600474902688526546e-13
-2.763474399401083526e-13
-2.884075085956422368e-13
-2.962533647218879018e-13
-2.999496538733797957e-13
-2.995990499958522957e-13
-2.953393822904826216e-13
-2.873393255102552057e-13
-2.757966381314314042e-13
-2.609364276300735197e-13
-2.430079520856359698e-13
-2.222807306056714949e-13
-1.990418463729271004e-13
-1.735929515368425657e-13
-1.462466757938540862e-13
-1.173233466758225041e-13
-8.714743878791841869e-14
-5.604396883639867211e-14
-2.433504651044512967e-14
7.663345937100780880e-15
3.964533643865605916e-14
7.131833101511886319e-14
1.024057005643772000e-13
1.326490729324641960e-13
1.618111433688770862e-13
1.896769552403934633e-13
2.160548893655536706e-13
2.407769350652039231e-13
2.636996794969787006e-13
2.847044160755179965e-13
3.036966023713810747e-13
3.206044913058037071e-13
3.353789414153179882e-13
3.479935252719695837e-13
3.584433368609279968e-13
3.667425250205441634e-13
3.729234260806124635e-13
3.770364554421534731e-13
3.791485083792095478e-13
3.793401682182506729e-13
3.777046492410562895e-13
3.743471190583574915e-13
3.693834246722843551e-13
3.629374903911519734e-13
3.551400709969620983e-13
3.461277488583935913e-13
3.360414160477609435e-13
3.250244311973210509e-13
3.132211016162317341e-13
3.007753280378361316e-13
2.878291409467298445e-13
2.745209387502306475e-13
2.609838885801740727e-13
2.473446523553607390e-13
2.337227633653071734e-13
2.202298266711436026e-13
2.069686517438759643e-13
1.940330085188970988e-13
1.815074105555522510e-13
1.694671827997748514e-13
1.579779872456360534e-13
1.470956331999645483e-13
1.368664432005797793e-13
1.273279170901225887e-13
1.185085151756207211e-13
1.104274617168450601e-13
1.030949617667441254e-13
9.651307530944563950e-14
9.067550719608560850e-14
8.556709214877639136e-14
8.116388962829679254e-14
7.743424093121023533e-14
7.433889116260916641e-14
7.183094180227000969e-14
6.985654865980170380e-14
6.835634488999708935e-14
6.726617960556291465e-14
6.651765997820607845e-14
6.603920155948822535e-14
6.575731577090557223e-14
6.559757890958056725e-14
6.548545207615483199e-14
6.534718241784504000e-14
6.511062983259943704e-14
6.470599880556426875e-14
6.406594005303745121e-14
6.312562506136792928e-14
6.182324075419687315e-14
6.010017245157428523e-14
5.790097676490468803e-14
5.517346968837363863e-14
5.186929580508828352e-14
4.794447038816360140e-14
4.335998248818084821e-14
3.808242851383210337e-14
3.208466952948733908e-14
2.534675282704103305e-14
1.785672507754153260e-14
9.611041448104578472e-15
6.144388646085719406e-16
-9.119881770342647131e-15
-1.957020666126709635e-14
-3.070671633089404329e-14
-4.249224127943207474e-14
-5.488255114044146565e-14
-6.782671212873792044e-14
-8.126784428784741832e-14
-9.514370763680571330e-14
-1.093871561798180625e-13
-1.239264225093295035e-13
-1.386855447106302708e-13
-1.535845425447088242e-13
-1.685394581058333174e-13
-1.834621728624349912e-13
-1.982605973924883580e-13
-2.128388882239456992e-13
-2.270978544105517472e-13
-2.409351472672238703e-13
-2.542459786539913447e-13
-2.669242593882764636e-13
-2.788634666066325263e-13
-2.899572671809930169e-13
-3.001009000764415235e-13
-3.091920979230583510e-13
-3.171326320040163127e-13
-3.238294235628075279e-13
-3.291960074761762778e-13
-3.331541585573777331e-13
-3.356352197038392493e-13
-3.365816197802018461e-13
-3.359476325598409474e-13
-3.336999459310069360e-13
-3.298180142625312117e-13
-3.242938144583373816e-13
-3.171311141209748330e-13
-3.083446855050436808e-13
-2.979594652605110916e-13
-2.860096328608646710e-13
-2.725376077161029142e-13
-2.575936154918662124e-13
-2.412357152144911643e-13
-2.235298399285920445e-13
-2.045501897203483299e-13
-1.843798957913353465e-13
-1.631118878202622580e-13
-1.408494902741669330e-13
-1.177065850387418178e-13
-9.380774694360549670e-14
-6.928791172538736887e-14
-4.429121051039222601e-14
-1.896939433331835956e-14
6.520006041820349332e-15
3.201578542208483036e-14
5.735539945544640417e-14
8.237719995073458645e-14
1.069225478013240138e-13
1.308376557053111955e-13
1.539748553268036058e-13
1.761936543930378574e-13
1.973618208965521870e-13
2.173559590775905881e-13
2.360618482372817128e-13
2.533750661538880511e-13
2.692015989465279535e-13
2.834586135692235276e-13
2.960750405695683485e-13
3.069924956605740718e-13
3.161658489268109884e-13
3.235636042951683944e-13
3.291683603207778974e-13
3.329767830819591046e-13
3.349987117134273218e-13
3.352563723597185019e-13
3.337832939730167592e-13
3.306230343756016987e-13
3.258277436919698733e-13
3.194569717264450492e-13
3.115766921812229695e-13
3.022585708199049259e-13
2.915800738877150078e-13
2.796248204772061596e-13
2.664824470029886205e-13
2.522490950927075426e-13
2.370282518437266672e-13
2.209315629747576892e-13
2.040781823045567656e-13
1.865943922811641453e-13
1.686132787212524242e-13
1.502739854211329606e-13
1.317199929858070551e-13
1.130978245626225454e-13
9.455543986680581270e-14
7.624085282369186256e-14
5.830133874588569465e-14
4.088227559219045903e-14
2.412581920807795044e-14
8.169107615840429104e-15
-6.856499197479539939e-15
-2.082770669256314711e-14
-3.363196833115929263e-14
-4.517085761424760593e-14
-5.536304582636451810e-14
-6.414805481507607210e-14
-7.148934357903771741e-14
-7.737683920244070590e-14
-8.182986081274601364e-14
-8.489779381891035537e-14
-8.665931741733828853e-14
-8.721936204953567584e-14
-8.670687323512893396e-14
-8.526945832363838629e-14
-8.306735561989381234e-14
-8.026682075078228618e-14
-7.703408901440014778e-14
-7.352929029535992811e-14
-6.990242396422499671e-14
-6.629076356855917451e-14
-6.281518409806743919e-14
-5.957986382899849165e-14
-5.667422572365986289e-14
-5.417634250286587627e-14
-5.215376335009416775e-14
-5.066779312193521456e-14
-4.977740902844043913e-14
-4.954295030864044880e-14
-5.002871015136363397e-14
-5.130554116858192237e-14
-5.345058095673586862e-14
-5.654583924577863407e-14
-6.067918384552659083e-14
-6.594196217714343167e-14
-7.242416302094545344e-14
-8.020879560576357759e-14
-8.936931462878369703e-14
-9.996392819414112729e-14
-1.120302445646939593e-13
-1.255799934526957706e-13
-1.405931577755370476e-13
-1.570140230940791914e-13
-1.747502695933350614e-13
-1.936729720824689749e-13
-2.136131169953175979e-13
-2.343649092070160256e-13
-2.556917080408921406e-13
-2.773323020885398726e-13
-2.990056390417966670e-13
-3.204200414112096107e-13
-3.412805248906997102e-13
-3.612947614695105614e-13
-3.801818614698054821e-13
-3.976778758726928764e-13
-4.135360944738236677e-13
-4.275256906306756921e-13
-4.394359496510263918e-13
-4.490726096106206766e-13
-4.562524945524171205e-13
-4.607982832111057192e-13
-4.625355545621878672e-13
-4.612874752313311788e-13
-4.568734171365995689e-13
-4.491091201187791260e-13
-4.378039001207839620e-13
-4.227630886425443046e-13
-4.037964082027889479e-13
-3.807266188513708238e-13
-3.533938007678483206e-13
-3.216642176142453513e-13
-2.854414838174279545e-13
-2.446751026612126179e-13
-1.993689366158388210e-13
-1.495857609870934746e-13
-9.544979146262552727e-14
-3.714702292512486737e-14
2.507024569767344474e-14
9.088879009220424132e-14
1.599417484305504233e-13
2.318141067558093793e-13
3.060466918954063420e-13
3.821474386933587652e-13
4.595986135072505085e-13
5.378612052270304034e-13
6.163837886277723221e-13
6.946106558859688196e-13
7.719824671008346240e-13
8.479352203022427759e-13
9.219063229828905470e-13
9.933361641914495443e-13
1.061664753505831005e-12
1.126330040519818443e-12
1.186767698002633153e-12
1.242410146116978975e-12
1.292689371344690752e-12
1.337038661210210311e-12
1.374891736918848473e-12
1.405686114383519758e-12
1.428873512565598247e-12
1.443927876570993973e-12
1.450351340762101593e-12
1.447683336056049264e-12
1.435513383510333973e-12
1.413491177403025656e-12
1.381339704079054265e-12
1.338860554540854952e-12
1.285941513863575469e-12
1.222560898003766106e-12
1.148795902156107829e-12
1.064818914466025834e-12
9.708951307849100765e-13
8.673828257206583903e-13
7.547298289806159133e-13
6.334627917700674793e-13
5.041844762868064045e-13
3.675734846705913661e-13
2.243745553937026571e-13
7.538984220971725603e-14
-7.852229879767164133e-14
-2.364472821096003097e-13
-3.974212181134112454e-13
-5.604389023174116691e-13
-7.244584164338430110e-13
-8.884061563664558125e-13
-1.051181819540503160e-12
-1.211669111399193977e-12
-1.368749948452152587e-12
-1.521316059238664309e-12
-1.668275110069949996e-12
-1.808564799657408351e-12
-1.941169013724985959e-12
-2.065126715466991669e-12
-2.179541052846345472e-12
-2.283586948009785900e-12
-2.376516951979601444e-12
-2.457664063579279023e-12
-2.526446933603931910e-12
-2.582365311171175293e-12
-2.624998742678519292e-12
-2.654002885515982513e-12
-2.669110158587395532e-12
-2.670120418171717525e-12
-2.656898355837822301e-12
-2.629376967891450256e-12
-2.587552134364345946e-12
-2.531474162237312697e-12
-2.461255591695854505e-12
-2.377075749779300473e-12
-2.279179232497763330e-12
-2.167871351183014994e-12
-2.043524420861086988e-12
-1.906580796018353396e-12
-1.757555364266527587e-12
-1.597028824289192794e-12
-1.425644650075719166e-12
-1.244105404633877310e-12
-1.053173065250490037e-12
-8.536582898899247596e-13
-6.464064851961770497e-13
-4.322910844394012297e-13
-2.122084246606453783e-13
1.293434133533893568e-14
2.422303080774207418e-13
4.747767934007440793e-13
7.096826381766674352e-13
9.460719967852027068e-13
1.183085422164220635e-12
1.419879513443744745e-12
1.655626807525734101e-12
1.889509165450831141e-12
2.120715278733364961e-12
2.348436115712226879e-12
2.571860476321963240e-12
2.790162849028443581e-12
3.002506663435378087e-12
3.208045374486490076e-12
3.405915957252481086e-12
3.595235437484078922e-12
3.775107830505941564e-12
3.944631080110561072e-12
4.102897275398698085e-12
4.248993518141119807e-12
4.382008644832069422e-12
4.501036262455349046e-12
4.605181687378223643e-12
4.693562812713159005e-12
4.765310108317821758e-12
4.819567488156817348e-12
4.855500983919069924e-12
4.872300479741298318e-12
4.869174941718457106e-12
4.845360657840247498e-12
4.800130778970235212e-12
4.732798354611933433e-12
4.642725873887920685e-12
4.529337842285041660e-12
4.392134225761346045e-12
4.230703027491289347e-12
4.044735900377016691e-12
3.834041157474432637e-12
3.598563070791871432e-12
3.338395965918339314e-12
3.053794413523935880e-12
2.745183204019840950e-12
2.413170141143949898e-12
2.058554498737819038e-12
1.682325936544493139e-12
1.285664066527636429e-12
8.699399165444654525e-13
4.367124608987971168e-13
-1.227959503150672857e-14
-4.751272617530000186e-13
-9.497635967622986009e-13
-1.433973274324318314e-12
-1.925402328892267256e-12
-2.421573141661581552e-12
-2.919902384115879990e-12
-3.417714028453033848e-12
-3.912248563303633020e-12
-4.400682509370090756e-12
-4.880145766661403428e-12
-5.347738311206606809e-12
-5.800542771799976904e-12
-6.235643945640134689e-12
-6.650150916054364814e-12
-7.041212665009899396e-12
-7.406038456114760749e-12
-7.741919952342080080e-12
-8.046254634797023186e-12
-8.316565318355895187e-12
-8.550526606199149171e-12
-8.745978767599194015e-12
-8.900956360857747995e-12
-9.013710784711026491e-12
-9.082724156117549796e-12
-9.106722320684212946e-12
-9.084700873518425368e-12
-9.015936434930704735e-12
-8.899993589328580867e-12
-8.736736160919189587e-12
-8.526330683156224666e-12
-8.269252470272103750e-12
-7.966284749916230368e-12
-7.618514326346303989e-12
-7.227327677300499076e-12
-6.794397943571395260e-12
-6.321683194282501361e-12
-5.811409513334364618e-12
-5.266053652169810917e-12
-4.688326549900923013e-12
-4.081160322882970704e-12
-3.447685496468788635e-12
-2.791207369401416116e-12
-2.115185847653688889e-12
-1.423217338251958619e-12
-7.190086200037359987e-13
-6.352056772555240288e-15
7.108980288120236857e-13
1.428844130686723890e-12
2.143569176327186909e-12
2.851165917944209482e-12
3.547759525393545665e-12
4.229526017612839084e-12
4.892713838244855395e-12
5.533675514340918866e-12
6.148889557244796578e-12
6.734974990901809733e-12
7.288714770625759343e-12
7.807081370270196885e-12
8.287257165229267031e-12
8.726648743906384453e-12
9.122902086544648625e-12
9.473922514546817553e-12
9.777885098816163634e-12
1.003324940490601946e-11
1.023876469719020577e-11
1.039347861248041127e-11
1.049673629266445474e-11
1.054819252777061678e-11
1.054780481707373596e-11
1.049583250173347082e-11
1.039283156062387192e-11
1.023965200824816790e-11
1.003742835375964759e-11
9.787564855812114217e-12
9.491728583665981489e-12
9.151836406762203779e-12
8.770042851657944283e-12
8.348718417983125306e-12
7.890438302737834420e-12
7.397965053057564688e-12
6.874229484254978928e-12
6.322308995776459994e-12
5.745409356605613027e-12
5.146849526432850652e-12
4.530038236888467296e-12
3.898451440137451485e-12
3.255608673272125664e-12
2.605060264726510866e-12
1.950366517594614990e-12
1.295069411953730931e-12
6.426743902679388221e-13
-3.365174655047768054e-15
-6.396674097526588998e-13
-1.262948513131023631e-12
-1.870039930199074441e-12
-2.457904539621136308e-12
-3.023653809969273354e-12
-3.564569429556629920e-12
-4.078118051586976378e-12
-4.561964955102082442e-12
-5.013990524854738950e-12
-5.432300009128310236e-12
-5.815237614364976437e-12
-6.161393444059637403e-12
-6.469608269249471633e-12
-6.738980901088709174e-12
-6.968866456125155651e-12
-7.158879825747144210e-12
-7.308892206736583574e-12
-7.419024596055923126e-12
-7.489642586677724978e-12
-7.521345525562939116e-12
-7.514962610533082454e-12
-7.471533808312003089e-12
-7.392299446185024436e-12
-7.278689803658089374e-12
-7.132308632584738461e-12
-6.954923616186992064e-12
-6.748445552373638634e-12
-6.514919680122854828e-12
-6.256505730162231771e-12
-5.975464914542705230e-12
-5.674140410999450879e-12
-5.354943918844945472e-12
-5.020339612776814064e-12
-4.672821591472642311e-12
-4.314896530355216697e-12
-3.949068936442978739e-12
-3.577817946423533790e-12
-3.203579762578456780e-12
-2.828727486622883980e-12
-2.455556157715532706e-12
-2.086264971543072555e-12
-1.722939824665148389e-12
-1.367539978827658764e-12
-1.021887869462334564e-12
-6.876589683964262623e-13
-3.663713484067937509e-13
-5.938159713296878306e-14
2.321184152005717483e-13
5.071038532665494980e-13
7.647164694014885189e-13
1.004262211584672215e-12
1.225208411288758459e-12
1.427179229830655149e-12
1.609950454201092285e-12
1.773443262902130169e-12
1.917719238617165978e-12
2.042972561955291866e-12
2.149524048339346294e-12
2.237812149127882400e-12
2.308386554822350334e-12
2.361898870928413885e-12
2.399092209615094617e-12
2.420794250820867966e-12
2.427906617072372875e-12
2.421394031462686947e-12
2.402272174586994602e-12
2.371595541478255242e-12
2.330448117468519875e-12
2.279929500401123299e-12
2.221142540725917769e-12
2.155180114232768673e-12
2.083118616838519621e-12
2.006005387841791610e-12
1.924849602624734146e-12
1.840614249556948856e-12
1.754211034245278800e-12
1.666494633262294300e-12
1.578257056294996019e-12
1.490226561942642469e-12
1.403065706152839542e-12
1.317371016960888763e-12
1.233672560808918295e-12
1.152435352008707170e-12
1.074061087465161268e-12
9.988907487615272807e-13
9.272046021593927101e-13
8.592244212131394665e-13
7.951172272674389419e-13
7.349977289121401025e-13
6.789289182934643563e-13
6.269245105688936448e-13
5.789532807158603855e-13
5.349424787685908012e-13
4.947803776932102604e-13
4.583209354570849658e-13
4.253874542111540924e-13
3.957780555109008391e-13
3.692711284322691689e-13
3.456298290106796234e-13
3.246058207385243977e-13
3.059446684709754560e-13
2.893917202227702656e-13
2.746959831909784322e-13
2.616124547896725439e-13
2.499062155131293039e-13
2.393550310210434962e-13
2.297503008154289095e-13
2.208977765245576097e-13
2.126188087354582978e-13
2.047504283090792465e-13
1.971451159873266468e-13
1.896704500273585503e-13
1.822089842288404649e-13
1.746588306926130651e-13
1.669334836378391640e-13
1.589608707251027875e-13
1.506835156867350478e-13
1.420600968674370912e-13
1.330655556444973464e-13
1.236894701245327965e-13
1.139357298828372334e-13
1.038228883290873150e-13
9.338306495264292462e-14
8.265952619644981181e-14
7.170468645928407270e-14
6.057813620305094182e-14
4.934411101833839630e-14
3.806937404204902009e-14
2.682041227834459224e-14
1.566099206156031098e-14
4.650860978213126537e-15
-6.155029285727364741e-15
-1.670774013118412477e-14
-2.696435875146688255e-14
-3.688743443184573645e-14
-4.644448684692527307e-14
-5.560782818372564384e-14
-6.435345014038987288e-14
-7.265999732225178476e-14
-8.050855040140150742e-14
-8.788250753207285659e-14
-9.476751658800755540e-14
-1.011518275281612922e-13
-1.070267396300998708e-13
-1.123876585871173839e-13
-1.172357837978671435e-13
-1.215790028331539818e-13
-1.254319185409885629e-13
-1.288164182527279378e-13
-1.317623581856969261e-13
-1.343069264744117808e-13
-1.364933014703917369e-13
-1.383694997773507462e-13
-1.399869938934275582e-13
-1.413989639351825867e-13
-1.426584138363232168e-13
-1.438166941222437933e-13
-1.449222415250001061e-13
-1.460197929367343384e-13
-1.471499923863875403e-13
-1.483490251214664157e-13
-1.496489835262765355e-13
-1.510782601452098639e-13
-1.526614392625275096e-13
-1.544195679529028475e-13
-1.563703864743831717e-13
-1.585284366886069440e-13
-1.609043708819188345e-13
-1.635045993996636637e-13
-1.663310602532247495e-13
-1.693809616220079417e-13
-1.726464023826812522e-13
-1.761143043465390745e-13
-1.797663444968664037e-13
-1.835793344596992061e-13
-1.875259523402908468e-13
-1.915750408787095238e-13
-1.956922037610331344e-13
-1.998403206153812062e-13
-2.039798858250937985e-13
-2.080686155054439768e-13
-2.120610409278231301e-13
-2.159078579984374802e-13
-2.195547888460269714e-13
-2.229417415651815948e-13
-2.260023629829452374e-13
-2.286640115537613704e-13
-2.308484620908851648e-13
-2.324731932564633174e-13
-2.334532578102815892e-13
-2.337038169323429893e-13
-2.331430404636791742e-13
-2.316951697774877195e-13
-2.292925235531512174e-13
-2.258777339432180287e-13
-2.214054270867696350e-13
-2.158426567902896331e-13
-2.091683353215231800e-13
-2.013720814446687268e-13
-1.924526618797550714e-13
-1.824161752640024448e-13
-1.712742767707650660e-13
-1.590428635143970038e-13
-1.457412478460956562e-13
-1.313922115640103749e-13
-1.160228461699261415e-13
-9.966599621340568871e-14
-8.236222440822713042e-14
-6.416213589079122759e-14
-4.512833994842722907e-14
-2.533692555078698866e-14
-4.878714958606901464e-15
1.614068884244704988e-14
3.760215066834354802e-14
5.937480731686359259e-14
8.131821903128652607e-14
1.032851714853795511e-13
1.251246420927790148e-13
1.466844224209951086e-13
1.678133543583926190e-13
1.883629970750311244e-13
2.081886502384652782e-13
2.271500180875754560e-13
2.451116566659639062e-13
2.619430822421719984e-13
2.775184324965013216e-13
2.917166562563938692e-13
3.044220149399368136e-13
3.155244891316771882e-13
3.249206459443598760e-13
3.325147774312087190e-13
3.382201203133705647e-13
3.419602383376851851e-13
3.436698896384232649e-13
3.432961109394588872e-13
3.407985428149212792e-13
3.361496736346836212e-13
3.293345685138199253e-13
3.203507066822791627e-13
3.092081441152111365e-13
2.959297032683466666e-13
2.805513525487579596e-13
2.631229110462707244e-13
2.437092953659625305e-13
2.223913192272650163e-13
1.992662897751587558e-13
1.744481973155534438e-13
1.480675120273805545e-13
1.202702623907467294e-13
9.121645631752009487e-14
6.107802116720253971e-14
3.003620843797932816e-14
-1.721129761843678049e-15
-3.400254185745126001e-14
-6.661586158997895302e-14
-9.937034105723246968e-14
-1.320784031189764507e-13
-1.645570073434410308e-13
-1.966282497066484947e-13
-2.281190373317615316e-13
-2.588602346798724030e-13
-2.886860401337537629e-13
-3.174332270563379188e-13
-3.449404932694133397e-13
-3.710481357929729107e-13
-3.955987013665174246e-13
-4.184382061764996275e-13
-4.394180603151803810e-13
-4.583967211889417026e-13
-4.752421329731748578e-13
-4.898338137014623950e-13
-5.020653489305748618e-13
-5.118452862072631060e-13
-5.190983276906480093e-13
-5.237664143543929729e-13
-5.258086717765952933e-13
-5.252008138285912953e-13
-5.219343295233269675e-13
-5.160155072334027260e-13
-5.074644589091181768e-13
-4.963138732459737579e-13
-4.826082025330413749e-13
-4.664028495013350373e-13
-4.477640589035936092e-13
-4.267685922536290644e-13
-4.035034838808376767e-13
-3.780655801442767139e-13
-3.505618104832075588e-13
-3.211086995261180910e-13
-2.898316894643648833e-13
-2.568640016398920922e-13
-2.223462164168896193e-13
-1.864254193725822795e-13
-1.492541170950573148e-13
-1.109890852184561294e-13
-7.179097539968676278e-14
-3.182420351007485271e-14
8.743265511004967572e-15
4.974012602623409385e-14
9.099119976365907525e-14
1.323168327292331692e-13
1.735329409465954931e-13
2.144516254029907310e-13
2.548815108624480352e-13
2.946286606613640613e-13
3.334985011673591293e-13
3.712981799190023802e-13
4.078386120574123419e-13
4.429367571508191492e-13
4.764178418090181388e-13
5.081173654573889475e-13
5.378825097997197435e-13
5.655729790748909025e-13
5.910608916366577592e-13
6.142309967940851045e-13
6.349801327104609427e-13
6.532159795707981331e-13
6.688562464302050259e-13
6.818280749026905951e-13
6.920675512701868204e-13
6.995194354320055652e-13
7.041380824766851898e-13
7.058878763628595454e-13
7.047449646427339509e-13
7.006983968743663027e-13
6.937518593451430515e-13
6.839247592739516879e-13
6.712527127021583606e-13
6.557879239643682467e-13
6.375981556963616903e-13
6.167654820025958440e-13
5.933847705731631894e-13
5.675624900614018031e-13
5.394145416795503856e-13
5.090641450045119143e-13
4.766415669273105227e-13
4.422834440267336964e-13
4.061325115187891521e-13
3.683372508909987797e-13
3.290524862135935091e-13
2.884399533456538656e-13
2.466682457250013449e-13
2.039124077923837319e-13
1.603535284156604179e-13
1.161778599755372565e-13
7.157546988911453467e-14
2.673844490003879359e-14
-1.814084533903904256e-14
-6.287129833675714208e-14
-1.072648236509141095e-13
-1.511377557394250060e-13
-1.943118517651332144e-13
-2.366147913452493201e-13
-2.778809897029804743e-13
-3.179515841150032385e-13
-3.566747320670610177e-13
-3.939054757286925001e-13
-4.295059858987204660e-13
-4.633459414760121575e-13
-4.953031257706741464e-13
-5.252641312354644487e-13
-5.531249286719330804e-13
-5.787919514325945425e-13
-6.021829085725571851e-13
-6.232275437910439475e-13
-6.418680691122613524e-13
-6.580592190955081300e-13
-6.717687929362614607e-13
-6.829770581549821085e-13
-6.916763711263540504e-13
-6.978700386670033673e-13
-7.015719927748464979e-13
-7.028056522168091291e-13
-7.016031093771968319e-13
-6.980041544757398242e-13
-6.920558960968326012e-13
-6.838127069794253110e-13
-6.733354650755030146e-13
-6.606913909197598134e-13
-6.459546439407937157e-13
-6.292065393015411345e-13
-6.105353310588423899e-13
-5.900360495331158361e-13
-5.678108265690096079e-13
-5.439689497455102440e-13
-5.186264829051823178e-13
-4.919056156328649454e-13
-4.639340127343682951e-13
-4.348440552949528470e-13
-4.047720004226457169e-13
-3.738570596763940435e-13
-3.422396372375346996e-13
-3.100602457076218066e-13
-2.774588013770146189e-13
-2.445733502873248533e-13
-2.115382521927777759e-13
-1.784830150428767803e-13
-1.455314818307740232e-13
-1.128006854047257368e-13
-8.039980492350121133e-14
-4.842933576409448604e-14
-1.698032380394003116e-14
1.386628001819305983e-14
4.403908268331251097e-14
7.347609662627235805e-14
1.021247634526954717e-13
1.299413322167902729e-13
1.568887570855756475e-13
1.829353454742971286e-13
2.080537212780994571e-13
2.322192460026129002e-13
2.554077554919181869e-13
2.775940284929778734e-13
2.987503365352306428e-13
3.188450209152399184e-13
3.378421945410964300e-13
3.557010643060604105e-13
3.723752263571494803e-13
3.878129371456817687e-13
4.019589565709691392e-13
4.147553882370008660e-13
4.261419233979324428e-13
4.360574943663986236e-13
4.444425242330213299e-13
4.512405260646140670e-13
4.563994581568975306e-13
4.598732419175410868e-13
4.616236321149103095e-13
4.616214637105653384e-13
4.598480884271394231e-13
4.562966757909459048e-13
4.509713999803488527e-13
4.438878464015777459e-13
4.350736622100309647e-13
4.245674178979946811e-13
4.124168996762211936e-13
3.986778626414305693e-13
3.834133802550071524e-13
3.666916217285459689e-13
3.485850117671690507e-13
3.291691192622986373e-13
3.085213833541045059e-13
2.867195413383538671e-13
2.638432820747244056e-13
2.399748965081077712e-13
2.151986000422517753e-13
1.896004783296517671e-13
1.632726885549690143e-13
1.363153974464140217e-13
1.088369845636538713e-13
8.095533656415562773e-14
5.280132003827008036e-14
2.452076526039421306e-14
-3.724691860279225053e-15
-3.175724047339671674e-14
-5.938236285075310095e-14
-8.638837529443416097e-14
-1.125465145341772444e-13
-1.376125504781028352e-13
-1.613302048376896725e-13
-1.834328858512507265e-13
-2.036458024781695464e-13
-2.216895829236509297e-13
-2.372852890737686682e-13
-2.501572354211140103e-13
-2.600365669319648632e-13
-2.666652705943239887e-13
-2.697999430204683913e-13
-2.692146906877607160e-13
-2.647046535957098268e-13
-2.560886344562390837e-13
-2.432108334171623198e-13
-2.259431519918003728e-13
-2.041867515996040328e-13
-1.778719315934096379e-13
-1.469600943758767042e-13
-1.114455004517546366e-13
-7.135469922174217383e-14
-2.674513476625620806e-14
2.229054275686669084e-14
7.562180726452052970e-14
1.330820084124648139e-13
1.944699555469359131e-13
2.595431465232667101e-13
3.280146878940903843e-13
3.995550906191885909e-13
4.737940725516032181e-13
5.503152187419368957e-13
6.286540840845511458e-13
7.082998467258794228e-13
7.886993467175196226e-13
8.692570318061254575e-13
9.493349032232978324e-13
1.028256473023514417e-12
1.105313648767924928e-12
1.179772425585756679e-12
1.250875813520180291e-12
1.317850451161561853e-12
1.379915604525494555e-12
1.436293141712785548e-12
1.486212303399014889e-12
1.528918268031698169e-12
1.563682343330707880e-12
1.589810639905653300e-12
1.606649925947611912e-12
1.613595541904988551e-12
1.610097363595464071e-12
1.595668042142506238e-12
1.569887882885145913e-12
1.532409832707970487e-12
1.482960781083730861e-12
1.421350450531155829e-12
1.347476383944945511e-12
1.261323944595771351e-12
1.162965231928103638e-12
1.052568622539329368e-12
9.304023480469214569e-13
7.968327603649627555e-13
6.523187480629577539e-13
4.974203557731038394e-13
3.328017928513199442e-13
1.592262834169272390e-13
-2.245188728672558448e-14
-2.112847928299049771e-13
-4.062309570760508359e-13
-6.061637194791635874e-13
-8.098839524364742637e-13
-1.016125551756008605e-12
-1.223559014523756261e-12
-1.430805343996532919e-12
-1.636451824743589967e-12
-1.839063840450294585e-12
-2.037193330695075133e-12
-2.229394186620270446e-12
-2.414239815007324097e-12
-2.590337016064592213e-12
-2.756335090725592352e-12
-2.910941886841156290e-12
-3.052937026445934343e-12
-3.181184916184465195e-12
-3.294642987247686783e-12
-3.392370585830750684e-12
-3.473537429909967500e-12
-3.537432716541055733e-12
-3.583471843912611199e-12
-3.611197061867410518e-12
-3.620279206625887092e-12
-3.610524856520469505e-12
-3.581879801442533484e-12
-3.534424706033711949e-12
-3.468369905515467089e-12
-3.384059959338214796e-12
-3.281973434340890172e-12
-3.162717700580519598e-12
-3.027014836703978418e-12
-2.875705749916246390e-12
-2.709746706533455729e-12
-2.530197622599428264e-12
-2.338208186097867625e-12
-2.135013736984103794e-12
-1.921930063014665180e-12
-1.700339521959470801e-12
-1.471672935425549777e-12
-1.237400698399226950e-12
-9.990255150915672289e-13
-7.580659732754624347e-13
-5.160374623273955574e-13
-2.744412769956072751e-13
-3.475548977305634168e-14
2.015797603708083252e-13
4.331780431316573088e-13
6.587163540322515942e-13
8.769422904855717071e-13
1.086685212300930736e-12
1.286866880417791847e-12
1.476507176072228145e-12
1.654729521807785098e-12
1.820766194066125720e-12
1.973959841070072052e-12
2.113772264861202288e-12
2.239782361315723058e-12
2.351687204346641913e-12
2.449299660658987854e-12
2.532550774994590803e-12
2.601489986972516100e-12
2.656279493237767575e-12
2.697185790684342166e-12
2.724581844859574886e-12
2.738943186836317878e-12
2.740837938552953545e-12
2.730915103429931712e-12
2.709899579039776185e-12
2.678585218213180852e-12
2.637822035453374347e-12
2.588500594424836265e-12
2.531543984857220764e-12
2.467897847885369700e-12
2.398518232984980791e-12
2.324355551780454832e-12
2.246346121267950302e-12
2.165405658602348460e-12
2.082419089596831974e-12
1.998228839339422080e-12
1.913631796426895626e-12
1.829374759315660626e-12
1.746148798470459340e-12
1.664583943773723096e-12
1.585246040339272078e-12
1.508636314831446334e-12
1.435188339699022819e-12
1.365265431090001425e-12
1.299158046766391017e-12
1.237083135582905946e-12
1.179183486965662553e-12
1.125527514071744672e-12
1.076105675922034433e-12
1.030831670023601987e-12
9.895450344549194810e-13
9.520147257330302537e-13
9.179393356539833349e-13
8.869526207239131210e-13
8.586308205237036528e-13
8.325001929140873891e-13
8.080431397779197500e-13
7.847065553769072555e-13
7.619107710195305305e-13
7.390599634019001662e-13
7.155495813926382453e-13
6.907740980784116136e-13
6.641354133307686425e-13
6.350516900538449860e-13
6.029636425569639968e-13
5.673400659857164019e-13
5.276841246945607189e-13
4.835406164013789088e-13
4.345011492528499941e-13
3.802078823219451342e-13
3.203585942530839947e-13
2.547121042729971752e-13
1.830928529449049602e-13
1.053939040532823890e-13
2.157873353744385603e-14
-6.831630394851448407e-14
-1.641783226296461562e-13
-2.658180208066351913e-13
-3.729724320188088083e-13
-4.853055891179680614e-13
-6.024080431536738001e-13
-7.238000346646011884e-13
-8.489366978489676363e-13
-9.772118010620278739e-13
-1.107958993648572310e-12
-1.240456522222377345e-12
-1.373934061139892027e-12
-1.507577266149362494e-12
-1.640532761720825405e-12
-1.771914863099577353e-12
-1.900813924662902998e-12
-2.026303604074630726e-12
-2.147451053785554009e-12
-2.263325811491245787e-12
-2.373010642153783323e-12
-2.475611295821300573e-12
-2.570267349649713040e-12
-2.656161965722270146e-12
-2.732529046783893634e-12
-2.798661693018122953e-12
-2.853919574621888167e-12
-2.897732618092896395e-12
-2.929604041995714780e-12
-2.949112959046984450e-12
-2.955918062402806967e-12
-2.949758493020482319e-12
-2.930453189137205428e-12
-2.897901970472238631e-12
-2.852089658195167132e-12
-2.793086508606767993e-12
-2.721047128936837645e-12
-2.636211344705929882e-12
-2.538908970214914795e-12
-2.429559158023675280e-12
-2.308666495823286091e-12
-2.176819271712537862e-12
-2.034689040517068115e-12
-1.883024769097629836e-12
-1.722645138514666829e-12
-1.554430195671585579e-12
-1.379314956521937585e-12
-1.198280515611604979e-12
-1.012343420897510171e-12
-8.225463496089324700e-13
-6.299501935716489420e-13
-4.356257379562605836e-13
-2.406457466023331770e-13
-4.607781983658604252e-14
1.470232220473696727e-13
3.376206378271490172e-13
5.247017013584875933e-13
7.072839492902605052e-13
8.844227975847440693e-13
1.055216677925407964e-12
1.218812160572180225e-12
1.374408941691440678e-12
1.521267595401554207e-12
1.658713205850148587e-12
1.786136885097155957e-12
1.902998592040461290e-12
2.008831469224592325e-12
2.103243143883326560e-12
2.185914210056649765e-12
2.256595951766193764e-12
2.315115547185664369e-12
2.361374767598234392e-12
2.395346941630460691e-12
2.417076955252284165e-12
2.426682335979202243e-12
2.424353252872268882e-12
2.410347962888970130e-12
2.384991509840617141e-12
2.348675290711477182e-12
2.301853369371387181e-12
2.245036405043587813e-12
2.178785363932123076e-12
2.103705664530108876e-12
2.020442190289739592e-12
1.929669748643170202e-12
1.832086782629915866e-12
1.728407673061427285e-12
1.619358618552835249e-12
1.505671672411001971e-12
1.388080405825831143e-12
1.267314920540274503e-12
1.144101306749245595e-12
1.019159149434623046e-12
8.931990889103624820e-13
7.669197308463049367e-13
6.410056404941577579e-13
5.161254453336927561e-13
3.929283385207399393e-13
2.720382513005104030e-13
1.540507223738232789e-13
