3.952951992971208417e-14
-7.099695316240342557e-14
-1.770411481262154640e-13
-2.781589520349514455e-13
-3.739506263238795425e-13
-4.640618943806129604e-13
0.000000000000000000e+00
0.000000000000000000e+00
0.000000000000000000e+00
0.000000000000000000e+00
0.000000000000000000e+00
0.000000000000000000e+00
0.000000000000000000e+00
0.000000000000000000e+00
0.000000000000000000e+00
0.000000000000000000e+00
0.000000000000000000e+00
0.000000000000000000e+00
0.000000000000000000e+00
0.000000000000000000e+00
0.000000000000000000e+00
0.000000000000000000e+00
0.000000000000000000e+00
0.000000000000000000e+00
0.000000000000000000e+00
0.000000000000000000e+00
0.000000000000000000e+00
0.000000000000000000e+00
0.000000000000000000e+00
0.000000000000000000e+00
0.000000000000000000e+00
0.000000000000000000e+00
0.000000000000000000e+00
0.000000000000000000e+00
0.000000000000000000e+00
0.000000000000000000e+00
0.000000000000000000e+00
0.000000000000000000e+00
0.000000000000000000e+00
0.000000000000000000e+00
0.000000000000000000e+00
0.000000000000000000e+00
0.000000000000000000e+00
0.000000000000000000e+00
0.000000000000000000e+00
0.000000000000000000e+00
0.000000000000000000e+00
0.000000000000000000e+00
0.000000000000000000e+00
0.000000000000000000e+00
0.000000000000000000e+00
0.000000000000000000e+00
0.000000000000000000e+00
0.000000000000000000e+00
0.000000000000000000e+00
0.000000000000000000e+00
0.000000000000000000e+00
0.000000000000000000e+00
0.000000000000000000e+00
0.000000000000000000e+00
0.000000000000000000e+00
0.000000000000000000e+00
0.000000000000000000e+00
0.000000000000000000e+00
0.000000000000000000e+00
0.000000000000000000e+00
0.000000000000000000e+00
0.000000000000000000e+00
0.000000000000000000e+00
0.000000000000000000e+00
0.000000000000000000e+00
0.000000000000000000e+00
0.000000000000000000e+00
0.000000000000000000e+00
0.000000000000000000e+00
0.000000000000000000e+00
0.000000000000000000e+00
0.000000000000000000e+00
0.000000000000000000e+00
0.000000000000000000e+00
0.000000000000000000e+00
0.000000000000000000e+00
0.000000000000000000e+00
0.000000000000000000e+00
0.000000000000000000e+00
0.000000000000000000e+00
0.000000000000000000e+00
0.000000000000000000e+00
0.000000000000000000e+00
0.000000000000000000e+00
0.000000000000000000e+00
0.000000000000000000e+00
0.000000000000000000e+00
0.000000000000000000e+00
0.000000000000000000e+00
0.000000000000000000e+00
0.000000000000000000e+00
0.000000000000000000e+00
0.000000000000000000e+00
0.000000000000000000e+00
0.000000000000000000e+00
0.000000000000000000e+00
0.000000000000000000e+00
0.000000000000000000e+00
0.000000000000000000e+00
0.000000000000000000e+00
0.000000000000000000e+00
0.000000000000000000e+00
0.000000000000000000e+00
0.000000000000000000e+00
0.000000000000000000e+00
0.000000000000000000e+00
0.000000000000000000e+00
0.000000000000000000e+00
0.000000000000000000e+00
0.000000000000000000e+00
0.000000000000000000e+00
0.000000000000000000e+00
0.000000000000000000e+00
0.000000000000000000e+00
0.000000000000000000e+00
0.000000000000000000e+00
0.000000000000000000e+00
0.000000000000000000e+00
0.000000000000000000e+00
0.000000000000000000e+00
0.000000000000000000e+00
0.000000000000000000e+00
0.000000000000000000e+00
0.000000000000000000e+00
0.000000000000000000e+00
0.000000000000000000e+00
0.000000000000000000e+00
0.000000000000000000e+00
0.000000000000000000e+00
0.000000000000000000e+00
0.000000000000000000e+00
0.000000000000000000e+00
0.000000000000000000e+00
0.000000000000000000e+00
0.000000000000000000e+00
0.000000000000000000e+00
0.000000000000000000e+00
0.000000000000000000e+00
0.000000000000000000e+00
0.000000000000000000e+00
0.000000000000000000e+00
0.000000000000000000e+00
0.000000000000000000e+00
0.000000000000000000e+00
0.000000000000000000e+00
0.000000000000000000e+00
0.000000000000000000e+00
0.000000000000000000e+00
0.000000000000000000e+00
0.000000000000000000e+00
0.000000000000000000e+00
0.000000000000000000e+00
0.000000000000000000e+00
0.000000000000000000e+00
0.000000000000000000e+00
0.000000000000000000e+00
0.000000000000000000e+00
0.000000000000000000e+00
0.000000000000000000e+00
0.000000000000000000e+00
0.000000000000000000e+00
0.000000000000000000e+00
0.000000000000000000e+00
0.000000000000000000e+00
0.000000000000000000e+00
0.000000000000000000e+00
0.000000000000000000e+00
0.000000000000000000e+00
0.000000000000000000e+00
0.000000000000000000e+00
0.000000000000000000e+00
0.000000000000000000e+00
0.000000000000000000e+00
0.000000000000000000e+00
0.000000000000000000e+00
0.000000000000000000e+00
0.000000000000000000e+00
0.000000000000000000e+00
0.000000000000000000e+00
0.000000000000000000e+00
0.000000000000000000e+00
0.000000000000000000e+00
0.000000000000000000e+00
0.000000000000000000e+00
0.000000000000000000e+00
0.000000000000000000e+00
0.000000000000000000e+00
0.000000000000000000e+00
0.000000000000000000e+00
0.000000000000000000e+00
0.000000000000000000e+00
0.000000000000000000e+00
0.000000000000000000e+00
0.000000000000000000e+00
0.000000000000000000e+00
0.000000000000000000e+00
0.000000000000000000e+00
0.000000000000000000e+00
0.000000000000000000e+00
0.000000000000000000e+00
0.000000000000000000e+00
0.000000000000000000e+00
0.000000000000000000e+00
0.000000000000000000e+00
0.000000000000000000e+00
0.000000000000000000e+00
0.000000000000000000e+00
0.000000000000000000e+00
0.000000000000000000e+00
0.000000000000000000e+00
0.000000000000000000e+00
0.000000000000000000e+00
0.000000000000000000e+00
0.000000000000000000e+00
0.000000000000000000e+00
0.000000000000000000e+00
0.000000000000000000e+00
0.000000000000000000e+00
0.000000000000000000e+00
0.000000000000000000e+00
0.000000000000000000e+00
0.000000000000000000e+00
0.000000000000000000e+00
0.000000000000000000e+00
0.000000000000000000e+00
0.000000000000000000e+00
0.000000000000000000e+00
0.000000000000000000e+00
0.000000000000000000e+00
0.000000000000000000e+00
0.000000000000000000e+00
0.000000000000000000e+00
0.000000000000000000e+00
0.000000000000000000e+00
0.000000000000000000e+00
0.000000000000000000e+00
0.000000000000000000e+00
0.000000000000000000e+00
0.000000000000000000e+00
0.000000000000000000e+00
0.000000000000000000e+00
0.000000000000000000e+00
0.000000000000000000e+00
0.000000000000000000e+00
0.000000000000000000e+00
0.000000000000000000e+00
0.000000000000000000e+00
0.000000000000000000e+00
0.000000000000000000e+00
0.000000000000000000e+00
0.000000000000000000e+00
0.000000000000000000e+00
0.000000000000000000e+00
0.000000000000000000e+00
0.000000000000000000e+00
0.000000000000000000e+00
0.000000000000000000e+00
0.000000000000000000e+00
0.000000000000000000e+00
0.000000000000000000e+00
0.000000000000000000e+00
0.000000000000000000e+00
0.000000000000000000e+00
0.000000000000000000e+00
0.000000000000000000e+00
0.000000000000000000e+00
0.000000000000000000e+00
0.000000000000000000e+00
0.000000000000000000e+00
0.000000000000000000e+00
0.000000000000000000e+00
0.000000000000000000e+00
0.000000000000000000e+00
0.000000000000000000e+00
0.000000000000000000e+00
0.000000000000000000e+00
0.000000000000000000e+00
0.000000000000000000e+00
0.000000000000000000e+00
0.000000000000000000e+00
0.000000000000000000e+00
0.000000000000000000e+00
0.000000000000000000e+00
0.000000000000000000e+00
0.000000000000000000e+00
0.000000000000000000e+00
0.000000000000000000e+00
0.000000000000000000e+00
0.000000000000000000e+00
0.000000000000000000e+00
0.000000000000000000e+00
0.000000000000000000e+00
0.000000000000000000e+00
0.000000000000000000e+00
0.000000000000000000e+00
0.000000000000000000e+00
0.000000000000000000e+00
0.000000000000000000e+00
0.000000000000000000e+00
0.000000000000000000e+00
0.000000000000000000e+00
0.000000000000000000e+00
0.000000000000000000e+00
0.000000000000000000e+00
0.000000000000000000e+00
0.000000000000000000e+00
0.000000000000000000e+00
0.000000000000000000e+00
0.000000000000000000e+00
0.000000000000000000e+00
0.000000000000000000e+00
0.000000000000000000e+00
0.000000000000000000e+00
0.000000000000000000e+00
0.000000000000000000e+00
0.000000000000000000e+00
0.000000000000000000e+00
0.000000000000000000e+00
0.000000000000000000e+00
0.000000000000000000e+00
0.000000000000000000e+00
0.000000000000000000e+00
0.000000000000000000e+00
0.000000000000000000e+00
0.000000000000000000e+00
0.000000000000000000e+00
0.000000000000000000e+00
0.000000000000000000e+00
0.000000000000000000e+00
0.000000000000000000e+00
0.000000000000000000e+00
0.000000000000000000e+00
0.000000000000000000e+00
0.000000000000000000e+00
0.000000000000000000e+00
0.000000000000000000e+00
0.000000000000000000e+00
0.000000000000000000e+00
0.000000000000000000e+00
0.000000000000000000e+00
0.000000000000000000e+00
0.000000000000000000e+00
0.000000000000000000e+00
0.000000000000000000e+00
0.000000000000000000e+00
0.000000000000000000e+00
0.000000000000000000e+00
0.000000000000000000e+00
0.000000000000000000e+00
0.000000000000000000e+00
0.000000000000000000e+00
0.000000000000000000e+00
0.000000000000000000e+00
0.000000000000000000e+00
0.000000000000000000e+00
0.000000000000000000e+00
0.000000000000000000e+00
0.000000000000000000e+00
0.000000000000000000e+00
0.000000000000000000e+00
0.000000000000000000e+00
0.000000000000000000e+00
0.000000000000000000e+00
0.000000000000000000e+00
0.000000000000000000e+00
0.000000000000000000e+00
0.000000000000000000e+00
0.000000000000000000e+00
0.000000000000000000e+00
0.000000000000000000e+00
0.000000000000000000e+00
0.000000000000000000e+00
0.000000000000000000e+00
0.000000000000000000e+00
0.000000000000000000e+00
0.000000000000000000e+00
0.000000000000000000e+00
0.000000000000000000e+00
0.000000000000000000e+00
0.000000000000000000e+00
0.000000000000000000e+00
0.000000000000000000e+00
0.000000000000000000e+00
0.000000000000000000e+00
0.000000000000000000e+00
0.000000000000000000e+00
0.000000000000000000e+00
0.000000000000000000e+00
0.000000000000000000e+00
0.000000000000000000e+00
0.000000000000000000e+00
0.000000000000000000e+00
0.000000000000000000e+00
0.000000000000000000e+00
0.000000000000000000e+00
0.000000000000000000e+00
0.000000000000000000e+00
0.000000000000000000e+00
0.000000000000000000e+00
0.000000000000000000e+00
0.000000000000000000e+00
0.000000000000000000e+00
0.000000000000000000e+00
0.000000000000000000e+00
0.000000000000000000e+00
0.000000000000000000e+00
0.000000000000000000e+00
0.000000000000000000e+00
0.000000000000000000e+00
0.000000000000000000e+00
0.000000000000000000e+00
0.000000000000000000e+00
0.000000000000000000e+00
0.000000000000000000e+00
0.000000000000000000e+00
0.000000000000000000e+00
0.000000000000000000e+00
0.000000000000000000e+00
0.000000000000000000e+00
0.000000000000000000e+00
0.000000000000000000e+00
0.000000000000000000e+00
0.000000000000000000e+00
0.000000000000000000e+00
0.000000000000000000e+00
0.000000000000000000e+00
0.000000000000000000e+00
0.000000000000000000e+00
0.000000000000000000e+00
0.000000000000000000e+00
0.000000000000000000e+00
0.000000000000000000e+00
0.000000000000000000e+00
0.000000000000000000e+00
0.000000000000000000e+00
0.000000000000000000e+00
0.000000000000000000e+00
0.000000000000000000e+00
0.000000000000000000e+00
0.000000000000000000e+00
0.000000000000000000e+00
0.000000000000000000e+00
0.000000000000000000e+00
0.000000000000000000e+00
0.000000000000000000e+00
0.000000000000000000e+00
0.000000000000000000e+00
0.000000000000000000e+00
0.000000000000000000e+00
0.000000000000000000e+00
0.000000000000000000e+00
0.000000000000000000e+00
0.000000000000000000e+00
0.000000000000000000e+00
0.000000000000000000e+00
0.000000000000000000e+00
0.000000000000000000e+00
0.000000000000000000e+00
0.000000000000000000e+00
0.000000000000000000e+00
0.000000000000000000e+00
0.000000000000000000e+00
0.000000000000000000e+00
0.000000000000000000e+00
0.000000000000000000e+00
0.000000000000000000e+00
0.000000000000000000e+00
0.000000000000000000e+00
0.000000000000000000e+00
0.000000000000000000e+00
0.000000000000000000e+00
0.000000000000000000e+00
0.000000000000000000e+00
0.000000000000000000e+00
0.000000000000000000e+00
0.000000000000000000e+00
0.000000000000000000e+00
0.000000000000000000e+00
0.000000000000000000e+00
0.000000000000000000e+00
0.000000000000000000e+00
0.000000000000000000e+00
0.000000000000000000e+00
0.000000000000000000e+00
0.000000000000000000e+00
0.000000000000000000e+00
0.000000000000000000e+00
0.000000000000000000e+00
0.000000000000000000e+00
0.000000000000000000e+00
0.000000000000000000e+00
0.000000000000000000e+00
0.000000000000000000e+00
0.000000000000000000e+00
0.000000000000000000e+00
0.000000000000000000e+00
0.000000000000000000e+00
0.000000000000000000e+00
0.000000000000000000e+00
0.000000000000000000e+00
0.000000000000000000e+00
0.000000000000000000e+00
0.000000000000000000e+00
0.000000000000000000e+00
0.000000000000000000e+00
0.000000000000000000e+00
0.000000000000000000e+00
0.000000000000000000e+00
0.000000000000000000e+00
0.000000000000000000e+00
0.000000000000000000e+00
0.000000000000000000e+00
0.000000000000000000e+00
0.000000000000000000e+00
0.000000000000000000e+00
0.000000000000000000e+00
0.000000000000000000e+00
0.000000000000000000e+00
0.000000000000000000e+00
0.000000000000000000e+00
0.000000000000000000e+00
-1.401298464324817071e-45
-2.802596928649634142e-45
-7.006492321624085355e-45
-9.809089250273719496e-45
-1.261168617892335364e-44
-1.681558157189780485e-44
-1.961817850054743899e-44
-1.681558157189780485e-44
-1.261168617892335364e-44
-8.407790785948902426e-45
-1.401298464324817071e-45
2.802596928649634142e-45
5.605193857299268284e-45
9.809089250273719496e-45
1.681558157189780485e-44
2.522337235784670728e-44
3.783505853677006091e-44
4.344025239406932920e-44
4.203895392974451213e-44
3.783505853677006091e-44
3.503246160812042677e-44
3.082856621514597556e-44
2.802596928649634142e-44
2.522337235784670728e-44
1.121038771459853657e-44
-4.203895392974451213e-45
-2.242077542919707313e-44
-4.904544625136859748e-44
-8.267660939516420718e-44
-1.149064740746349998e-43
-1.471363387541057924e-43
-1.877739942195254875e-43
-2.354181420065692679e-43
-2.942726775082115849e-43
-3.685414961174268897e-43
-4.652310901558392675e-43
-5.703284749802005479e-43
-6.950440383051092672e-43
-8.407790785948902426e-43
-1.013138789706842742e-42
-1.210721873176641949e-42
-1.440534821325911949e-42
-1.703978932618977558e-42
-2.001054207055838777e-42
-2.342971032351094143e-42
-2.739538497755017374e-42
-3.197763095589232556e-42
-3.721848721246714140e-42
-4.330012254763684749e-42
-5.025056293068794016e-42
-5.823796417733939747e-42
-6.738844314938045294e-42
-7.798225953967607000e-42
-9.007546528679924132e-42
-1.039062811296851858e-41
-1.196148369147663852e-41
-1.373692884577618175e-41
-1.575339733593959351e-41
-1.804592162357499424e-41
-2.067195494571970143e-41
-2.364410898855263844e-41
-2.700021881061057532e-41
-3.078092206735893178e-41
-3.504367199583502531e-41
-3.985713222079077195e-41
-4.528716377004943810e-41
-5.140243026836293980e-41
-5.828420702666211643e-41
-6.602357844512808111e-41
-7.471863541626357104e-41
-8.448288311567889639e-41
-9.543403061437734180e-41
-1.077164116541843634e-40
-1.214519392014962204e-40
-1.368101703704962155e-40
-1.539830830507968487e-40
-1.731724642212608936e-40
-1.945618839807149014e-40
-2.183713461880578682e-40
-2.448839131330834072e-40
-2.743966600902283796e-40
-3.071800376631074749e-40
-3.435661535877656750e-40
-3.839361610464993300e-40
-4.287300677571064325e-40
-4.783304282003476575e-40
-5.331926643771285707e-40
-5.938814995685720732e-40
-6.609784726373729642e-40
-7.350230834922962982e-40
-8.166347060545736444e-40
-9.065728440918690537e-40
-1.005622224744204424e-39
-1.114518529705350283e-39
-1.234119353635473420e-39
-1.365433631428887703e-39
-1.509559981081623788e-39
-1.667505936189531220e-39
-1.840392535524069850e-39
-2.029544006134026633e-39
-2.236399481542263155e-39
-2.462249557634422572e-39
-2.708561393902652967e-39
-2.977024956294930072e-39
-3.269502570470341566e-39
-3.587678597183005880e-39
-3.933369119242687978e-39
-4.308554171379478825e-39
-4.715388950631509991e-39
-5.155709157987046986e-39
-5.631305652883496925e-39
-6.143930058401265831e-39
-6.695468522273334906e-39
-7.287625023432323130e-39
-7.922124560287814351e-39
-8.600921944197541689e-39
-9.326873021431799121e-39
-1.010343619660054030e-38
-1.093381203539628310e-38
-1.181996936216140389e-38
-1.276254997159256344e-38
-1.375945051469481021e-38
-1.480395877182402830e-38
-1.588577800186435898e-38
-1.699749953983491693e-38
-1.814265886176119366e-38
-1.934390515472207120e-38
-2.065236339188997616e-38
-2.215093859430975771e-38
-2.393529320424547813e-38
-2.607321223231192179e-38
-2.853843814788457027e-38
-3.112841045534834262e-38
-3.340889758917519317e-38
-3.472745218177855844e-38
-3.435708058986672334e-38
-3.185815624882399166e-38
-2.761668363623020615e-38
-2.337233696048609044e-38
-2.257296485021353422e-38
-3.010860428754824240e-38
-5.081875022161465239e-38
-8.688578488075223431e-38
-1.340174385830354280e-37
-1.773324373151695478e-37
-1.897689723964400139e-37
-1.350579082979904620e-37
2.159602019854173718e-38
2.919285630163136017e-37
6.360656504399960656e-37
9.371762160386041738e-37
9.897205588203515498e-37
5.267114571926474289e-37
-6.889512374237758209e-37
-2.721744742592694559e-36
-5.267974632871938289e-36
-7.461357121418684497e-36
-7.829514146079051515e-36
-4.490379093098559734e-36
4.267171126024527759e-36
1.888451907103752189e-35
3.714161803232364782e-35
5.297046737603340623e-35
5.598085789896639764e-35
3.288292482927061149e-35
-2.808582881083582207e-35
-1.304051532857123678e-34
-2.601014513354552409e-34
-3.765833446925954229e-34
-4.101882027064602780e-34
-2.703756622625007052e-34
1.290078876911055513e-34
8.211554459268287954e-34
1.723238902461971870e-33
2.580237650703768477e-33
2.935253475041407743e-33
2.175672351756069685e-33
-2.940151521228994204e-34
-4.774783115275266937e-33
-1.087825982137961306e-32
-1.709662493722951397e-32
-2.059594084588093491e-32
-1.740906839694220094e-32
-3.287795985796519990e-33
2.446980892763867689e-32
6.442605944695812949e-32
1.084153855335427562e-31
1.395759540224283481e-31
1.328049772573133816e-31
5.987528000454349619e-32
-1.011167998840047141e-31
-3.508596260227010268e-31
-6.500965242533346728e-31
-9.055024825062134871e-31
-9.674969260940041409e-31
-6.493193344083450092e-31
2.182476649377926648e-31
1.695568786654332499e-30
3.629314545960411709e-30
5.546296815428284441e-30
6.599157577041714706e-30
5.651454847340981097e-30
1.517965320019102461e-30
-6.578201051834351096e-30
-1.832086449971260397e-29
-3.159136290625855936e-29
-4.199953670629235956e-29
-4.291537658015925231e-29
-2.654144218439155033e-29
1.361506683382282957e-29
7.933282200976395232e-29
1.633412843308275592e-28
2.451710985876138677e-28
2.898798770578622092e-28
2.510742423860308794e-28
8.058421906525386365e-29
-2.526384104644892779e-28
-7.369330190954709587e-28
-1.292847112346007865e-27
-1.753493154967485762e-27
-1.865409714407805792e-27
-1.328576772081285426e-27
1.266695318891286771e-28
2.614891515241920664e-27
5.929911720935066648e-27
9.396581383786213531e-27
1.179736476340167748e-26
1.143551334173042606e-26
6.447852060879125986e-27
-4.583182481348948208e-27
-2.184435503019481545e-26
-4.335016855402128708e-26
-6.410056918315690890e-26
-7.590018420310560843e-26
-6.808827338500076765e-26
-2.964208021870127760e-26
4.687687600140079502e-26
1.600646971164361299e-25
2.945241525407560482e-25
4.166672089335218177e-25
4.741937071554062721e-25
4.027438386082742475e-25
1.394502332450072258e-25
-3.543848162254796120e-25
-1.062020165302344174e-24
-1.880513447136625456e-24
-2.600744439679540761e-24
-2.907469928493253487e-24
-2.418690528326956741e-24
-7.770616168387816740e-25
2.222654254644556591e-24
6.466408802649701258e-24
1.134301754553753999e-23
1.563658944856829678e-23
1.754142032196926514e-23
1.486786500681395652e-23
5.537584645750304043e-24
-1.164356408409588284e-23
-3.610722386102232737e-23
-6.459210131345197437e-23
-9.046836721360953775e-23
-1.038452709100594880e-22
-9.261771656863643182e-23
-4.484482395209302364e-23
4.721777750842662394e-23
1.820684658362853479e-22
3.441685523766963998e-22
5.001298369486478898e-22
5.981322107712398381e-22
5.732952848909290622e-22
3.587640947104190109e-22
-9.569729070309994301e-23
-7.976105717284887623e-22
-1.684524438844222529e-21
-2.603169699447055945e-21
-3.300780829707069729e-21
-3.441937706821145051e-21
-2.662059869961359754e-21
-6.500997923652054545e-22
2.733245062461369967e-21
7.311504364318763968e-21
1.246718622083610543e-20
1.707358622328842477e-20
1.951992280171285345e-20
1.789786039458757960e-20
1.038294149320822905e-20
-4.254697992513830565e-21
-2.599617023339626047e-20
-5.286695794877090409e-20
-8.043683929754929971e-20
-1.016969190791135767e-19
-1.075105318322437868e-19
-8.794689608944920039e-20
-3.454727583145962769e-20
5.689801263772067842e-20
1.830685500170302246e-19
3.299116298360955820e-19
4.708435606755833634e-19
5.670463202767255880e-19
5.708164027135891499e-19
4.332586449902817375e-19
1.161315051114994748e-19
-3.944106245096116384e-19
-1.072447729185972772e-18
-1.838347700033775083e-18
-2.552360905802810489e-18
-3.018466427628478394e-18
-3.002718769921846992e-18
-2.271293619053723492e-18
-6.462687679621675451e-19
1.931341205653364699e-18
5.332888416640104196e-18
9.181370618371135768e-18
1.282469755252829680e-17
1.535377745999080232e-17
1.568287622977869970e-17
1.271286438807235256e-17
5.568427268883966274e-18
-6.133527284878142872e-18
-2.198985377653216812e-17
-4.054414191900089406e-17
-5.914849599522500456e-17
-7.399978935723066937e-17
-8.041622275135960462e-17
-7.343528821999998116e-17
-4.871114095219825199e-17
-3.561077057128563276e-18
6.184733487107931774e-17
1.433380784730351062e-16
2.319574050369687833e-16
3.137882522195818745e-16
3.705656382976460755e-16
3.813966485941868139e-16
3.255952562295963805e-16
1.862048939212481487e-16
-4.576011125118877173e-17
-3.667939064626410828e-16
-7.572012386101599404e-16
-1.178974783129656777e-15
-1.575863929026920761e-15
-1.876653375409921727e-15
-2.002077990832839063e-15
-1.874504452822737567e-15
-1.430716998460134295e-15
-6.370782024041072699e-16
4.955761075489152623e-16
1.899726341134892055e-15
3.442828094553200546e-15
4.925376309605246361e-15
6.087456808843679304e-15
6.623325426660534379e-15
6.204836093575338482e-15
4.512851359018141620e-15
1.272269321280850365e-15
-3.714028138989767039e-15
-1.053460551620919936e-14
-1.914747962234678719e-14
-2.937207362095975438e-14
-4.089568920594317813e-14
-5.329682753615026802e-14
-6.608538857203610783e-14
-7.875418931357555663e-14
-9.083456643105281003e-14
-1.019528903033022071e-13
-1.118800893400682950e-13
-1.205648943311196652e-13
-1.281483870841509942e-13
-1.349556995018999506e-13
-1.414634875169726302e-13
-1.482494682569779343e-13
-1.559323823492261840e-13
-1.651056543003001642e-13
-1.762755252095876690e-13
-1.898150012820051802e-13
-2.059363150928167352e-13
-2.246871173275030720e-13
-2.459727029262975817e-13
-2.695966822181816713e-13
-2.953108406682919407e-13
-3.228701214805923536e-13
-3.520822685048469181e-13
-3.828401354613597540e-13
-4.151362684601950237e-13
-4.490548015899376022e-13
-4.847402318951254951e-13
-5.223550541763599675e-13
-5.620349563355275802e-13
-6.038466168062361916e-13
-6.477585937254837223e-13
-6.936349281408404899e-13
-7.412465823433689316e-13
-7.903038033024722964e-13
-8.405036107210495100e-13
-8.915776103513017858e-13
-9.433322178953318371e-13
-9.956719693518523151e-13
-1.048597515242166711e-12
-1.102174775058362144e-12
-1.156487882889023489e-12
-1.211574677389970489e-12
-1.267355686541959958e-12
-1.323578399659020022e-12
-1.379783006599799577e-12
-1.435298277799312849e-12
-1.489272138770203480e-12
-1.540731409642448480e-12
-1.588657807735649463e-12
-1.632072732168921014e-12
-1.670112941172530174e-12
-1.702077714882399562e-12
-1.727447720457908620e-12
-1.745862894357574913e-12
-1.757062702799350173e-12
-1.760804392916814898e-12
-1.756779292351462463e-12
-1.744535505637800910e-12
-1.723423595674511422e-12
-1.692584332239899236e-12
-1.650972436019471079e-12
-1.597419028651070327e-12
-1.530727584617141979e-12
-1.449769015775259628e-12
-1.353573069601265999e-12
-1.241393706580273815e-12
-1.112738698925974656e-12
-9.673525001863136907e-13
-8.051755334519128393e-13
-6.262733387440988508e-13
-4.307589712444076513e-13
-2.187323943931424042e-13
9.754272178386438896e-15
2.546919652176432569e-13
5.160653263232284349e-13
7.937756897093140029e-13
1.087553766661308874e-12
1.396868514955129648e-12
1.720854144945938025e-12
2.058284532396870148e-12
2.407585632593911562e-12
2.766894569364297674e-12
3.134152442782478509e-12
3.507209279940415314e-12
3.883924432068752708e-12
4.262239866603678706e-12
4.640202284911243424e-12
5.015945558212164812e-12
5.387630445941038460e-12
5.753356124849062780e-12
6.111046998297231525e-12
6.458370296891224882e-12
6.792687072543213134e-12
7.111043524854476772e-12
7.410234752203148645e-12
7.686893656322357771e-12
7.937626250731355526e-12
8.159156510145759711e-12
8.348441729588707005e-12
8.502765332096817730e-12
8.619773297913191357e-12
8.697473297125668523e-12
8.734173106983433854e-12
8.728406018787548959e-12
8.678853642696271464e-12
8.584284325041657837e-12
8.443534933733065628e-12
8.255529940215389217e-12
8.019349941046360897e-12
7.734322730879039653e-12
7.400146467828605523e-12
7.016975542284420442e-12
6.585493001615150277e-12
6.106944810957415370e-12
5.583117301810602839e-12
5.016276890396076382e-12
4.409086377249460398e-12
3.764497394365129423e-12
3.085667138469361248e-12
2.375897655698677724e-12
1.638608519705098132e-12
8.773533657392695861e-13
9.587313852966322658e-14
-7.018488437995906715e-13
-1.511547180824135417e-12
-2.328650943947407903e-12
-3.148291089632992978e-12
-3.965356255158924981e-12
-4.774584373701262763e-12
-5.570673696636552208e-12
-6.348399670536020167e-12
-7.102717719531526086e-12
-7.828852149893705814e-12
-8.522333880267574102e-12
-9.179004778481214544e-12
-9.794995543821460871e-12
-1.036670575771392322e-11
-1.089076311772130268e-11
-1.136401129447905944e-11
-1.178352034003626869e-11
-1.214662832121904401e-11
-1.245101070856957648e-11
-1.269474889792343575e-11
-1.287640393615729906e-11
-1.299507463442539645e-11
-1.305041925220296051e-11
-1.304265983409491625e-11
-1.297253277021681583e-11
-1.284124456074620113e-11
-1.265040155962182666e-11
-1.240194665713678646e-11
-1.209812024866030455e-11
-1.174142293808300153e-11
-1.133460859892299055e-11
-1.088069911947542323e-11
-1.038300868894115325e-11
-9.845138593256308468e-12
-9.270979817177504856e-12
-8.664677482450588997e-12
-8.030577938744620781e-12
-7.373156772627620370e-12
-6.696941178691018237e-12
-6.006438835887140115e-12
-5.306078493250154793e-12
-4.600160963957877769e-12
-3.892826165585727693e-12
-3.188052686425857374e-12
-2.489658219168022768e-12
-1.801300861942189968e-12
-1.126459602679430461e-12
-4.684163755659664918e-13
1.697815336671598674e-13
7.853749118061359447e-13
1.375951436122235805e-12
1.939482862506336502e-12
2.474362078078162774e-12
2.979412072959264357e-12
3.453854606830231155e-12
3.897265756641621337e-12
4.309527127516199485e-12
4.690767305831622380e-12
5.041282061940544068e-12
5.361492499966757919e-12
5.651913399101760049e-12
5.913126325390871685e-12
6.145780932775846139e-12
6.350602769350510712e-12
6.528385904785993787e-12
6.679982955670737965e-12
6.806345417831316524e-12
6.908502849650721700e-12
6.987550729004032846e-12
7.044648718534940457e-12
7.081044084422671858e-12
7.098076033190681144e-12
7.097201732558788834e-12
7.080024500699666490e-12
7.048260412811924169e-12
7.003742637928800363e-12
6.948411897939044124e-12
6.884276568946967600e-12
6.813292117990865648e-12
6.737306025572653567e-12
6.657972350526675243e-12
6.576668029611987265e-12
6.494457315681101406e-12
6.412061853700024017e-12
6.329851139769138157e-12
6.247849026336238509e-12
6.165874668478954490e-12
6.083581555182959733e-12
6.000526898281011157e-12
5.916250996051974909e-12
5.830357464181590288e-12
5.742553134402417214e-12
5.652690988899866653e-12
5.560811793675624060e-12
5.467054760288636572e-12
5.371676627813348759e-12
5.275044723945798708e-12
5.177604438938443465e-12
5.079776876915076400e-12
4.981931967656949567e-12
4.884349435324564226e-12
4.787135531730823956e-12
4.690260766576637153e-12
4.593508299427506714e-12
4.496467434500495131e-12
4.398524079685106614e-12
4.298988682399640382e-12
4.197116178911164397e-12
4.092166709657174550e-12
3.983491054376786522e-12
3.870527162663783827e-12
3.752850894628290135e-12
3.630198138621087978e-12
3.502470882765784665e-12
3.369578704601194907e-12
3.231416653357022106e-12
3.087820147143482963e-12
2.938474333649687686e-12
2.782864216843705663e-12
2.620228253119583073e-12
2.449547075594749046e-12
2.269504245991371683e-12
2.078622430429222234e-12
1.875261014180895636e-12
1.657661746583272144e-12
1.424020406801118632e-12
1.172555433824606919e-12
9.015688586314074549e-13
6.094844138930521904e-13
2.949312343826504534e-13
-4.334757514956946722e-14
-4.064415904531104573e-13
-7.952772012979891780e-13
-1.210632397281863337e-12
-1.653193532590024883e-12
-2.123573452500471248e-12
-2.622333773738549922e-12
-3.150027547832445762e-12
-3.707078047310297109e-12
-4.293788848780399903e-12
-4.910323883611233953e-12
-5.556633712183733920e-12
-6.232314577608866202e-12
-6.936546389363362763e-12
-7.668067569799319472e-12
-8.425068802331292517e-12
-9.205232062714507890e-12
-1.000569245512838989e-11
-1.082308635075301950e-11
-1.165356526555694217e-11
-1.249288433119444264e-11
-1.333644999990113433e-11
-1.417938162717735651e-11
-1.501659907532371108e-11
-1.584276286548114143e-11
-1.665233055614390167e-11
-1.743960358069340799e-11
-1.819874806407995038e-11
-1.892371676026627370e-11
-1.960826813418581338e-11
-2.024602187289392674e-11
-2.083043980360965719e-11
-2.135491609933648505e-11
-2.181279809554403926e-11
-2.219745741383061244e-11
-2.250236975920305582e-11
-2.272123982016704957e-11
-2.284810361741218543e-11
-2.287739095385710186e-11
-2.280407113142146613e-11
-2.262368591077201785e-11
-2.233243971694331975e-11
-2.192724474214813313e-11
-2.140577992637560101e-11
-2.076648054905039231e-11
-2.000856598460831748e-11
-1.913200153857985697e-11
-1.813750712120754116e-11
-1.702662143221456148e-11
-1.580168808301696259e-11
-1.446580528974283908e-11
-1.302286143506359295e-11
-1.147763394743206433e-11
-9.835789301082531466e-12
-8.103812759729933646e-12
-6.289058683550674544e-12
-4.399733615628731442e-12
-2.444869176901343089e-12
-4.342067612579658675e-13
1.621836128937181876e-12
3.712263569460860779e-12
5.825589576707868034e-12
7.949982686050738323e-12
1.007338656933143284e-11
1.218354757359652041e-11
1.426814482535787576e-11
1.631491643172555683e-11
1.831176182909288741e-11
2.024674872203036102e-11
2.210820936043855767e-11
2.388484202087148844e-11
2.556577345658173073e-11
2.714064563369422700e-11
2.859967124235751612e-11
2.993371522874710422e-11
3.113439020485664344e-11
3.219417094024734638e-11
3.310642732179402969e-11
3.386550762041196094e-11
3.446682175778370549e-11
3.490687600082864606e-11
3.518331806451335808e-11
3.529491282572294608e-11
3.524159436496532294e-11
3.502442086356083450e-11
3.464557460364225960e-11
3.410825441529929947e-11
3.341665485989686601e-11
3.257598357730984162e-11
3.159235720251452051e-11
3.047271809886176186e-11
2.922476496913795074e-11
2.785699448892842156e-11
2.637858161069761564e-11
2.479928415399790254e-11
2.312939249848877665e-11
2.137968101167952995e-11
1.956132304747892903e-11
1.768575737248756496e-11
1.576460489927100639e-11
1.380959756269728445e-11
1.183247510389007218e-11
9.844863639585366144e-12
7.858162037743809947e-12
5.883503319953353738e-12
3.931660552680682486e-12
2.012958810054810144e-12
1.371896303156705521e-13
-1.686406873521728578e-12
-3.449187766998984550e-12
-5.143150228620330111e-12
-6.760976327402357100e-12
-8.296064356316801280e-12
-9.742530567014018317e-12
-1.109520982034428727e-11
-1.234969591867862704e-11
-1.350235982050529415e-11
-1.455035484460021067e-11
-1.549159238389830051e-11
-1.632480782498557659e-11
-1.704953192516178717e-11
-1.766609948605779579e-11
-1.817558256678175610e-11
-1.857979568808953985e-11
-1.888124032123350560e-11
-1.908302335595912780e-11
-1.918874260875558235e-11
-1.920241569919323155e-11
-1.912841239570806096e-11
-1.897138869610959233e-11
-1.873616713166104120e-11
-1.842772115456803306e-11
-1.805117687270207938e-11
-1.761181131487710161e-11
-1.711501947110338762e-11
-1.656633510926930342e-11
-1.597143424458824512e-11
-1.533610564929954734e-11
-1.466619881096420386e-11
-1.396754586990844871e-11
-1.324589916917862098e-11
-1.250684191628215203e-11
-1.175570318173724260e-11
-1.099747983651644390e-11
-1.023683568468491956e-11
-9.478084116165685913e-12
-8.725200249803943819e-12
-7.981835678516624455e-12
-7.251373113081882593e-12
-6.536956739799926197e-12
-5.841496990982575355e-12
-5.167667075506310326e-12
-4.517868718023621000e-12
-3.894216546451723104e-12
-3.298515757407805005e-12
-2.732228722782115149e-12
-2.196472821333617098e-12
-1.692042773254742727e-12
-1.219461489253281794e-12
-7.790064708752819644e-13
-3.707586809179735932e-13
5.364975397801913931e-15
3.495835077579195760e-13
6.622612614554101995e-13
9.439248428028124138e-13
1.195273264045781936e-12
1.417179850034255839e-12
1.610692482167941364e-12
1.777019178507421859e-12
1.917484183586171120e-12
2.033466927828242454e-12
2.126356165796372544e-12
2.197516908025720639e-12
2.248268845400636096e-12
2.279875940813802515e-12
2.293568546890556448e-12
2.290574414171020479e-12
2.272152084537015782e-12
2.239602600595524962e-12
2.194273408806513004e-12
2.137554890035975319e-12
2.070850218735542647e-12
1.995540885313396018e-12
1.912948749058229758e-12
1.824320859308836695e-12
1.730816011347169336e-12
1.633503662196167383e-12
1.533371953715834124e-12
1.431340289348437267e-12
1.328272778225447759e-12
1.224980511992102006e-12
1.122218529041318913e-12
1.020680068242185712e-12
9.209939668547439950e-13
8.237239015884689763e-13
7.293676838708573751e-13
6.383727097283853347e-13
5.511470186486677747e-13
4.680726292671799627e-13
3.895070030401903693e-13
3.157801440039492702e-13
2.471852475309510577e-13
1.839702300004616986e-13
1.263244608744329422e-13
7.436598266439414795e-14
2.814708610231111269e-14
-1.233044750152808774e-14
-4.710287539243067367e-14
-7.623167776280720398e-14
-9.979072689708656796e-14
-1.178576821640048289e-13
-1.305216514296131392e-13
-1.378910955687415174e-13
-1.401043045684904897e-13
-1.373319454033364306e-13
-1.297771026927130311e-13
-1.176669167917560044e-13
-1.012367205582669072e-13
-8.071006970394867253e-14
-5.628468204748118819e-14
-2.813435180898209154e-14
3.588599500160350245e-15
3.874365292564491137e-14
7.718637198578931491e-14
1.187528943452989538e-13
1.632528069976310614e-13
2.104724679046973690e-13
2.601833679061194005e-13
3.121600471601287952e-13
3.661916961068129028e-13
4.220901785641911763e-13
4.796940297237262119e-13
5.388625201434293910e-13
5.994655726676567653e-13
6.613694509584322478e-13
7.244329918928982259e-13
7.885028350737566250e-13
8.534179222682847232e-13
9.190124789643094871e-13
9.851259348200858135e-13
1.051607368893203720e-12
1.118312040193636392e-12
1.185090220401363581e-12
1.251777761307470982e-12
1.318188613819160082e-12
1.384106913283889018e-12
1.449279932175251417e-12
1.513425018986880310e-12
1.576241632876562715e-12
1.637421101485792008e-12
1.696650740908023369e-12
1.753620144061274200e-12
1.808020204906168882e-12
1.859537046913772862e-12
1.907843457868430015e-12
1.952593468856900216e-12
1.993423438470531828e-12
2.029955847512865397e-12
2.061804936850930581e-12
2.088585597873060529e-12
2.109922479787140759e-12
2.125457145354947563e-12
2.134848070892148009e-12
2.137769345225692952e-12
2.133911537055555030e-12
2.122981911795163157e-12
2.104709418901395956e-12
2.078850763406747681e-12
2.045196260611059635e-12
2.003580244422376033e-12
1.953889524133889388e-12
1.896064685466547495e-12
1.830099873728618931e-12
1.756041709613520574e-12
1.673988530258296858e-12
1.584086160855147085e-12
1.486526071507732194e-12
1.381546353013130002e-12
1.269438764175956358e-12
1.150549599170103132e-12
1.025280229639824459e-12
8.940886767928868384e-13
7.574905329724157532e-13
6.160518601326658850e-13
4.703820883147913356e-13
3.211284049006030150e-13
1.689737759436038544e-13
1.463209097613514531e-14
-1.411563330415074868e-13
-2.976277265007848394e-13
-4.539969474578325892e-13
-6.094641393124267115e-13
-7.632239024807363492e-13
-9.144740086702851656e-13
-1.062422393983963875e-12
-1.206294612809966083e-12
-1.345341047766235310e-12
-1.478841680190023933e-12
-1.606108909063541645e-12
-1.726491020460907411e-12
-1.839376524356839404e-12
-1.944198925116213950e-12
-2.040441817244276201e-12
-2.127643113775112838e-12
-2.205400142021862742e-12
-2.273373546704537951e-12
-2.331290976237410106e-12
-2.378946865888575957e-12
-2.416205256705605819e-12
-2.442996759749460622e-12
-2.459322892903181845e-12
-2.465252611424939566e-12
-2.460921006905425479e-12
-2.446529957789156384e-12
-2.422344226246653243e-12
-2.388688422408358214e-12
-2.345940499151599745e-12
-2.294528065813206119e-12
-2.234923400859512022e-12
-2.167637814035061616e-12
-2.093216225351746118e-12
-2.012234346163155330e-12
-1.925297594962405157e-12
-1.833037194254316660e-12
-1.736106159007377858e-12
-1.635175393525922782e-12
-1.530930655684048514e-12
-1.424066485393449266e-12
-1.315278940448860734e-12
-1.205260717618283905e-12
-1.094694322169298406e-12
-9.842464300177655723e-13
-8.745609488339245452e-13
-7.662546270235937040e-13
-6.599126084992634755e-13
-5.560844753421667619e-13
-4.552828383394547096e-13
-3.579832014589251488e-13
-2.646246394753803965e-13
-1.756124678184770027e-13
-9.132032288564420619e-14
-1.209231435280290826e-14
6.175582370785900888e-14
1.299371444858990476e-13
1.921984977854701571e-13
2.483259637416773691e-13
2.981522093017247022e-13
3.415633119223382419e-13
3.785061728021205107e-13
4.089922031689369186e-13
4.330980019062735664e-13
4.509616692658507953e-13
4.627741332502433025e-13
4.687676570698517953e-13
4.692036689735168409e-13
4.643588573556567400e-13
4.545115640190028339e-13
4.399318366196669494e-13
4.208764684422022784e-13
3.975887544541145679e-13
3.703025299589546293e-13
3.392511152642413430e-13
3.046786455941641325e-13
2.668510215315250678e-13
2.260670220900068417e-13
1.826633733593291398e-13
1.370148569254658888e-13
8.952865846682117601e-14
4.063472851928949525e-14
-9.228650965165466347e-15
-5.962979811530502716e-14
-1.101567093293211175e-13
-1.604290973070826576e-13
-2.101045438974644131e-13
-2.588784221713158473e-13
-3.064783940954357577e-13
-3.526583864342514030e-13
-3.971888193777389775e-13
-4.398467538541811495e-13
-4.804088984261545292e-13
-5.186481669486320278e-13
-5.543339767245802907e-13
-5.872363142631065180e-13
-6.171322675975476901e-13
-6.438102004638346365e-13
-6.670752275214630878e-13
-6.867529548509887505e-13
-7.026902931056566715e-13
-7.147525843756441510e-13
-7.228207290523036566e-13
-7.267885837429488571e-13
-7.265605218159665313e-13
-7.220530597040752951e-13
-7.131972963592136949e-13
-6.999450932049233742e-13
-6.822758503999271085e-13
-6.602039878331189549e-13
-6.337827940412765759e-13
-6.031056188314509736e-13
-5.683032711957525240e-13
-5.295358877950573362e-13
-4.869813319957616571e-13
-4.408239723772966467e-13
-3.912455754338795000e-13
-3.384144906578429035e-13
-2.824801482136096720e-13
-2.235750782642390022e-13
-1.618206165853591783e-13
-9.733455496674717211e-14
-3.024018752420531975e-14
3.932350796441268226e-14
1.111949210009025024e-13
1.851850514296773942e-13
2.610806265190140918e-13
3.386503046303585007e-13
4.176535419592175558e-13
4.978500250940598448e-13
5.790111771118711115e-13
6.609297527673807515e-13
7.434239855663715701e-13
8.263423040451300938e-13
9.095630065097948247e-13
9.929934478847268764e-13
1.076564835542082044e-12
1.160229356166053716e-12
1.243955676313857062e-12
1.327725798229428822e-12
1.411533108279516835e-12
1.495379015926945332e-12
1.579272194789094197e-12
1.663229558419854204e-12
1.747278428713971987e-12
1.831455343284660309e-12
1.915805188101860068e-12
2.000385534300930246e-12
2.085266421342213405e-12
2.170531549633425428e-12
2.256272859518793084e-12
2.342591181800357525e-12
2.429593201971891325e-12
2.517384738165429070e-12
2.606063585416928952e-12
2.695711709410630874e-12
2.786391777032104500e-12
2.878139133272172856e-12
2.970953994971270440e-12
3.064799065574663750e-12
3.159598450930278801e-12
3.255233973001314673e-12
3.351542350940595050e-12
3.448314984250133719e-12
3.545298820142872565e-12
3.642194185138336593e-12
3.738652616658288963e-12
3.834274477781951518e-12
3.928612209852522241e-12
4.021169248275002772e-12
4.111403491963150358e-12
4.198727737020346851e-12
4.282515314590895628e-12
4.362105295030449525e-12
4.436805523672093798e-12
4.505897824996774048e-12
4.568644074165462143e-12
4.624284028614811248e-12
4.672042266951059730e-12
4.711132092077852107e-12
4.740757265919715024e-12
4.760119815677699151e-12
4.768427406404152080e-12
4.764901147258360226e-12
4.748782530400452728e-12
4.719346875098340277e-12
4.675913302387701975e-12
4.617852107646758242e-12
4.544591699490174719e-12
4.455631610195132097e-12
4.350549868276099019e-12
4.229006034250915036e-12
4.090748573215563511e-12
3.935620926376337536e-12
3.763572353071564791e-12
3.574659014973780025e-12
3.369050047621890975e-12
3.147029078304219851e-12
2.908998779707627769e-12
2.655481737279252741e-12
2.387119798705206186e-12
2.104673423389269438e-12
1.809024392958324956e-12
1.501177871246484052e-12
1.182262837975955883e-12
8.535357750444338976e-13
5.163812086261820866e-13
1.723092155070382603e-13
-1.770530065874770242e-13
-5.299741765232846014e-13
-8.846386080271773089e-13
-1.239171417387330276e-12
-1.591667878227120969e-12
-1.940229227281875524e-12
-2.282994756783174317e-12
-2.618170003715336591e-12
-2.944045398092787202e-12
-3.259013718615033639e-12
-3.561569875826231524e-12
-3.850301587976501239e-12
-4.123870515904126677e-12
-4.380988627428195059e-12
-4.620398681709492195e-12
-4.840847341036624840e-12
-5.041078231932116793e-12
-5.219829343067194927e-12
-5.375852107220024934e-12
-5.507940457893933939e-12
-5.614972462680833942e-12
-5.695962798646370118e-12
-5.750112191948986151e-12
-5.776855122735513604e-12
-5.775893652248953458e-12
-5.747215637424973878e-12
-5.691090394083220261e-12
-5.608046579202996540e-12
-5.498831424921579725e-12
-5.364364334681237523e-12
-5.205680071035390100e-12
-5.023883219157365687e-12
-4.820114359732619036e-12
-4.595529685957888688e-12
-4.351304472988148930e-12
-4.088652593575714533e-12
-3.808855141007594369e-12
-3.513295990936748936e-12
-3.203487605393795512e-12
-2.881095535756106329e-12
-2.547936904864767094e-12
-2.205960457704603250e-12
-1.857210782732487964e-12
-1.503785919572397933e-12
-1.147784449949396102e-12
-7.912582806850199102e-13
-4.361776510721643296e-13
-8.441356202362401695e-14
2.622625153072405402e-13
6.021616582099764692e-13
9.336519187982950108e-13
1.255133150190879121e-12
1.565016670944385790e-12
1.861716726961337720e-12
2.143660466150110189e-12
2.409315802420763930e-12
2.657232290106947836e-12
2.886088720441271072e-12
3.094736055961333498e-12
3.282229306053596751e-12
3.447840103698585068e-12
3.591050633938719372e-12
3.711521107813142706e-12
3.809045526909082824e-12
3.883498557455400402e-12
3.934785657022654703e-12
3.962800573797942150e-12
3.967414504563171462e-12
3.948477829418539642e-12
3.905843964230326648e-12
3.839407524547366890e-12
3.749161137794887466e-12
3.635242063967925041e-12
3.497963420653893429e-12
3.337833264990819337e-12
3.155553075784300887e-12
2.951995852623623406e-12
2.728165133039639478e-12
2.485149239173090052e-12
2.224075090762056561e-12
1.946070908587227422e-12
1.652242795704972345e-12
1.343667473292786685e-12
1.021398026920805613e-12
6.864828800898226113e-13
3.399867464382727578e-13
-1.698465891856407867e-14
-3.832665792808526151e-13
-7.576229140576762333e-13
-1.138748058522598416e-12
-1.525271770864977672e-12
-1.915767674706692070e-12
-2.308766676104023752e-12
-2.702770299234380502e-12
-3.096259143173241135e-12
-3.487702314453056118e-12
-3.875564799638020475e-12
-4.258310284249722244e-12
-4.634403104331052958e-12
-5.002318004265760010e-12
-5.360548376714957541e-12
-5.707609732064078401e-12
-6.042040565784612127e-12
-6.362413200455829809e-12
-6.667329448956094140e-12
-6.955422349186335396e-12
-7.225346189410064568e-12
-7.475782146104670289e-12
-7.705441319727501792e-12
-7.913065168396737903e-12
-8.097446324573098764e-12
-8.257445074932867612e-12
-8.392011044411340492e-12
-8.500200543437586020e-12
-8.581196517254419120e-12
-8.634317219535780907e-12
-8.659024886004118571e-12
-8.654919662898219457e-12
-8.621730933355831183e-12
-8.559310378519757734e-12
-8.467631110176121467e-12
-8.346779864498721224e-12
-8.196968277751626175e-12
-8.018545896715245647e-12
-7.812017525921088890e-12
-7.578061442248262836e-12
-7.317542405349541923e-12
-7.031510790289630108e-12
-6.721205189630374832e-12
-6.388036800919483227e-12
-6.033572079455762349e-12
-5.659504549032634557e-12
-5.267634852618163777e-12
-4.859852971439426739e-12
-4.438130852407740079e-12
-4.004515035543887436e-12
-3.561129256063333415e-12
-3.110179214865782527e-12
-2.653956915343869127e-12
-2.194832857127515524e-12
-1.735240857253517177e-12
-1.277659185047741452e-12
-8.245851917942914611e-13
-3.784988815425105457e-13
5.816892377930732438e-14
4.830580380144056107e-13
8.938961766971620371e-13
1.288514000358231826e-12
1.664850657508154530e-12
2.020952415832111271e-12
2.354974505333617962e-12
2.665187298286908479e-12
2.949990945966263212e-12
3.207931533258379098e-12
3.437720377461039867e-12
3.638257230209607229e-12
3.808653913084381060e-12
3.948247544877103721e-12
4.056605745761387993e-12
4.133529022537496544e-12
4.179043829738438021e-12
4.193390860246504204e-12
4.177014636952414151e-12
4.130552670733589338e-12
4.054832424688070702e-12
3.950865676283221717e-12
3.819850252079204367e-12
3.663170895090717138e-12
3.482392542733525609e-12
3.279254688973165521e-12
3.055659891781914439e-12
2.813652522776211029e-12
2.555392529524080913e-12
2.283131149416472994e-12
1.999189008783375243e-12
1.705931619924716536e-12
1.405750841253217143e-12
1.101054577373750121e-12
7.942586475670476709e-13
4.877744258849348036e-13
1.839995034591188072e-13
-1.146948746914844275e-13
-4.059787445456763955e-13
-6.875847547577196295e-13
-9.573293763623369479e-13
-1.213132459071397662e-12
-1.453033440096396234e-12
-1.675208257702343051e-12
-1.877981060591227269e-12
-2.059828436290489506e-12
-2.219383747961711784e-12
-2.355442446991262706e-12
-2.466966518219204652e-12
-2.553089250428852708e-12
-2.613122608921547574e-12
-2.646565692293600947e-12
-2.653110587128026943e-12
-2.632648222686273520e-12
-2.585267720386918988e-12
-2.511254225401327034e-12
-2.411079365674528852e-12
-2.285392578307843259e-12
-2.135007014930634384e-12
-1.960887398635979828e-12
-1.764137880916338830e-12
-1.545991199641827407e-12
-1.307800222283272973e-12
-1.051030356497006935e-12
-7.772522859703090425e-13
-4.881307489289221646e-13
-1.854145092669567951e-13
1.290781175521116264e-13
4.534746872713463217e-13
7.858639411960355314e-13
1.124310930813998688e-12
1.466872955567521952e-12
1.811612275123830607e-12
2.156605623249152615e-12
2.499953586157510621e-12
2.839790035069622576e-12
3.174291992452671352e-12
3.501687871956815634e-12
3.820268754117783772e-12
4.128400746261640109e-12
4.424534957164771853e-12
4.707218989596917424e-12
4.975104529736373848e-12
5.226956020787376644e-12
5.461653265065313789e-12
5.678193158720201694e-12
5.875689258055816211e-12
6.053372646891430620e-12
6.210591936561815629e-12
6.346810663832025412e-12
6.461607290897397604e-12
6.554675639064422299e-12
6.625826189793349030e-12
6.674983048932103813e-12
6.702180043588468195e-12
6.707561589491817244e-12
6.691374884737477657e-12
6.653971644510203731e-12
6.595799861147666476e-12
6.517408140949143558e-12
6.419440933685960360e-12
6.302639399963227973e-12
6.167837074411153253e-12
6.015960733046776809e-12
5.848020418613986138e-12
5.665104670093956685e-12
5.468363609151261073e-12
5.258998098112144248e-12
5.038241091687156725e-12
4.807340723417263817e-12
4.567544259481692848e-12
4.320079016739697408e-12
4.066144122794046467e-12
3.806897071884085548e-12
3.543453941726171230e-12
3.276888092471064162e-12
3.008235370874356995e-12
2.738505169158633734e-12
2.468692784918236072e-12
2.199789829460119250e-12
1.932796370868183899e-12
1.668727656056745445e-12
1.408618122318572308e-12
1.153517711037499449e-12
9.044829772306139937e-13
6.625606096752334473e-13
4.287663973867594791e-13
2.040601438909120380e-13
-1.068081864949834217e-14
-2.146834820375767561e-13
-4.072971343874187689e-13
-5.880038751911176309e-13
-7.564199917473035661e-13
-9.122857634255576720e-13
-1.055449672972275099e-12
-1.185846776677323966e-12
-1.303472629311797082e-12
-1.408360082201520758e-12
-1.500558683385777581e-12
-1.580122642973191827e-12
-1.647106279492605019e-12
-1.701568465121983120e-12
-1.743585852954920856e-12
-1.773269140033228997e-12
-1.790782799826473592e-12
-1.796363838929559975e-12
-1.790336867472930305e-12
-1.773121038016467477e-12
-1.745230804491015864e-12
-1.707267682261870423e-12
-1.659906587181403381e-12
-1.603875344168004258e-12
-1.539933653683933645e-12
-1.468852925574914980e-12
-1.391400016037547260e-12
-1.308326710858231934e-12
-1.220364738083179468e-12
-1.128228478523840561e-12
-1.032622121491244549e-12
-9.342456279079480730e-13
-8.338026991940028498e-13
-7.320067945890129657e-13
-6.295815648330038705e-13
-5.272542385331702164e-13
-4.257463522353011065e-13
-3.257632878728156101e-13
-2.279821025973766124e-13
-1.330414863562681682e-13
-4.153784521204739733e-14
4.597269965969999483e-14
1.289656180241890993e-13
2.069354073947621275e-13
2.793798992064416842e-13
3.457845446606933049e-13
4.056107121182261910e-13
4.582923667298399728e-13
5.032404072451146515e-13
5.398550530222312460e-13
5.675474738613128789e-13
5.857674371598231566e-13
5.940330150520922725e-13
5.919563342109135373e-13
5.792644467393637253e-13
5.558097385116589351e-13
5.215699833832632137e-13
4.766376637994895749e-13
4.212001841058521379e-13
3.555134702251661061e-13
2.798763011711141724e-13
1.946083268491993756e-13
1.000334391059246042e-13
-3.529038472650032794e-15
-1.157607402947277708e-13
-2.363320043136107884e-13
-3.648837417109807024e-13
-5.010074928708807551e-13
-6.442228478106826195e-13
-7.939595161876589202e-13
-9.495468647480187485e-13
-1.110213483646038668e-12
-1.275091794303295778e-12
-1.443228999850609817e-12
-1.613603673421282192e-12
-1.785147008513676692e-12
-1.956759840965327513e-12
-2.127326309900312573e-12
-2.295725241852064613e-12
-2.460838824380751078e-12
-2.621554449216967342e-12
-2.776762977538260735e-12
-2.925356788405220065e-12
-3.066229778761475622e-12
-3.198276279231526686e-12
-3.320394306727258993e-12
-3.431492069660979638e-12
-3.530498376286272944e-12
-3.616376078804939276e-12
-3.688134433271761381e-12
-3.744844712105788176e-12
-3.785654515559011557e-12
-3.809798830578525752e-12
-3.816610655987817680e-12
-3.805527074018932865e-12
-3.776095321844641362e-12
-3.727974959982782721e-12
-3.660940474381479959e-12
-3.574879324855229079e-12
-3.469791728244464579e-12
-3.345788923692083472e-12
-3.203092522122141794e-12
-3.042034506239854608e-12
-2.863052243201602565e-12
-2.666688701455366406e-12
-2.453595269666375422e-12
-2.224531323036238462e-12
-1.980360537015557476e-12
-1.722051320984796519e-12
-1.450677902456454227e-12
-1.167416423947242876e-12
-8.735373535628809805e-13
-5.704000097771222411e-13
-2.594439962345929107e-13
5.782332756056399181e-14
3.798397414742776812e-13
7.050001858341370387e-13
1.031669216201847039e-12
1.358193613999747473e-12
1.682911514137852560e-12
2.004162460989000749e-12
2.320294347282758629e-12
2.629670136158890337e-12
2.930679136869951407e-12
3.221745786818885904e-12
3.501338542016840805e-12
3.767979851743152864e-12
4.020260253173590925e-12
4.256849647082949772e-12
4.476505971462430011e-12
4.678083441456148961e-12
4.860539054574175566e-12
5.022934325416006374e-12
5.164440489840993465e-12
5.284335035521392498e-12
5.382002569304100703e-12
5.456932648806311903e-12
5.508722384500730485e-12
5.537075138672964414e-12
5.541802693825870207e-12
5.522825686360421926e-12
5.480180111788746089e-12
5.414016891053252678e-12
5.324599702122290168e-12
5.212307148394490497e-12
5.077627120847472142e-12
4.921151160186543194e-12
4.743569686355142423e-12
4.545660289151376432e-12
4.328286860866281671e-12
4.092388754262099582e-12
3.838976012082717659e-12
3.569124379723676022e-12
3.283977256796077882e-12
2.984739191913554635e-12
2.672671329043141419e-12
2.349086203334849188e-12
2.015344054834278253e-12
1.672848274833493853e-12
1.323032829125825316e-12
9.673549938513104074e-13
6.072909644778967664e-13
2.443289169075379963e-13
-1.200382024682533633e-13
-4.843170135770957785e-13
-8.470172263227992993e-13
-1.206655652133403755e-12
-1.561758643416066850e-12
-1.910867080887057590e-12
-2.252542987205008451e-12
-2.585376140604167539e-12
-2.907990688527650747e-12
-3.219053929665038893e-12
-3.517286071771930089e-12
-3.801465652680802165e-12
-4.070438430758827053e-12
-4.323123022759167711e-12
-4.558512855384888596e-12
-4.775678550533735134e-12
-4.973771394745085672e-12
-5.152029410732117398e-12
-5.309772586892247404e-12
-5.446410683562774580e-12
-5.561444100382617606e-12
-5.654467779420135898e-12
-5.725175108300950555e-12
-5.773361389654896314e-12
-5.798920371669069596e-12
-5.801846850173042469e-12
-5.782236668638862653e-12
-5.740286718181053516e-12
-5.676287998662710166e-12
-5.590627353418975432e-12
-5.483787902937908854e-12
-5.356342973328320767e-12
-5.208957831043248277e-12
-5.042387080794741294e-12
-4.857471196106910583e-12
-4.655132616188106809e-12
-4.436374444888313562e-12
-4.202274812847850427e-12
-3.953976469156517126e-12
-3.692687215034462511e-12
-3.419665158682638761e-12
-3.136213727952807950e-12
-2.843674948294072635e-12
-2.543424889103751418e-12
-2.236861086982178115e-12
-1.925398208924011811e-12
-1.610465992334109142e-12
-1.293503607176227366e-12
-9.759488139512995097e-13
-6.592320005854857001e-13
-3.447709782597452310e-13
-3.396400524648297836e-14
2.718200285082433831e-13
5.712485063973093968e-13
8.630329523945379222e-13
1.145936210505960062e-12
1.418777638775847727e-12
1.680440292126106350e-12
1.929877048098549430e-12
2.166115160504022974e-12
2.388260162550226440e-12
2.595501938373878659e-12
2.787118192487669788e-12
2.962475533982433795e-12
3.121035764899748877e-12
3.262358048636282426e-12
3.386098476262922041e-12
3.492011367567382507e-12
3.579947753171164315e-12
3.649855591369988161e-12
3.701778900772056957e-12
3.735852339287193402e-12
3.752300553605536493e-12
3.751434492910155072e-12
3.733649240472702857e-12
3.699424447334287436e-12
3.649314791326352392e-12
3.583947374985463341e-12
3.504022592915045919e-12
3.410308710774523355e-12
3.303633408502371083e-12
3.184879226666992302e-12
3.054980530700635022e-12
2.914916788845922646e-12
2.765704765900212081e-12
2.608392018002558821e-12
2.444049303218509550e-12
2.273764726848370721e-12
2.098633983607656184e-12
1.919752117690576299e-12
1.738206800716568523e-12
1.555071934937479750e-12
1.371397244896710443e-12
1.188199386971400262e-12
1.006457612563738113e-12
8.271074797283617386e-13
6.510341311188883040e-13
4.790658429849881106e-13
3.119717212427680630e-13
1.504589503117589877e-13
-4.830657697311481480e-15
-1.533243746808937713e-13
-2.945201320238982623e-13
-4.279872897056113956e-13
-5.533643205116178798e-13
-6.703581374896405709e-13
-7.787437686888887267e-13
-8.783590716744671401e-13
-9.690995835670568326e-13
-1.050914672125202731e-12
-1.123803741037709969e-12
-1.187810592072346960e-12
-1.243018708796395089e-12
-1.289549413432955483e-12
-1.327558939515083303e-12
-1.357237239263398010e-12
-1.378809067788255849e-12
-1.392535826233443075e-12
-1.398716754398565687e-12
-1.397690231781656411e-12
-1.389834753361129938e-12
-1.375569796957520907e-12
-1.355357124276090897e-12
-1.329699154603569689e-12
-1.299132893275989353e-12
-1.264224510667821821e-12
-1.225566956947199415e-12
-1.183771071618100468e-12
-1.139454199397538225e-12
-1.093228372411880756e-12
-1.045695431287074761e-12
-9.974365083875724736e-13
-9.490024868372137767e-13
-9.009049474310859562e-13
-8.536087960607507963e-13
-8.075257042911010430e-13
-7.630123204267758030e-13
-7.203682095280328213e-13
-6.798314623919499144e-13
-6.415804844860095724e-13
-6.057416937835236048e-13
-5.723953754553645634e-13
-5.415770913327899727e-13
-5.132867872056912084e-13
-4.874994180038838554e-13
-4.641735129942703431e-13
-4.432591717718620261e-13
-4.247071715580280626e-13
-4.084738732153259111e-13
-3.945239859630411683e-13
-3.828375875862544131e-13
-3.734104768015472642e-13
-3.662482643551623340e-13
-3.613608978020321771e-13
-3.587604931014343190e-13
-3.584541788826528519e-13
-3.604345283608062500e-13
-3.646737588552245724e-13
-3.711173892067404223e-13
-3.796805263852481849e-13
-3.902479468048669631e-13
-4.026766713041002310e-13
-4.167935799010563658e-13
-4.324015104306688784e-13
-4.492861974386003210e-13
-4.672229400246030728e-13
-4.859805049703402879e-13
-5.053298816719287156e-13
-5.250457729179258681e-13
-5.449072725156878239e-13
-5.647035573527747765e-13
-5.842355137002097631e-13
-6.033061962333607919e-13
-6.217128591459730735e-13
-6.392504255971209748e-13
-6.557075845833870709e-13
-6.708542684037699377e-13
-6.844348763961061177e-13
-6.961672991551148826e-13
-7.057407501280532625e-13
-7.128124587980899651e-13
-7.170077791045226245e-13
-7.179179126182155812e-13
-7.151043537705070730e-13
-7.081082682020012342e-13
-6.964567811351685123e-13
-6.796667178718407420e-13
-6.572568010676516082e-13
-6.287603358974547252e-13
-5.937339378828121461e-13
-5.517685375440450901e-13
-5.024993008501121849e-13
-4.456138962601746689e-13
-3.808565875867975237e-13
-3.080379376053932194e-13
-2.270346725289501544e-13
-1.377930565872945157e-13
-4.032984409212299337e-14
6.526856420781268486e-14
1.788530125867646148e-13
3.002049292748915077e-13
4.290310511370631907e-13
5.649716263399218175e-13
7.076025963087539949e-13
8.564224633286765531e-13
1.010841041947097008e-12
1.170185367875553606e-12
1.333700185880692946e-12
1.500536565661458877e-12
1.669746047157361080e-12
1.840285085777382257e-12
2.011022424974751033e-12
2.180743433055631897e-12
2.348155957870856625e-12
2.511899976215259400e-12
2.670568193668954038e-12
2.822722741310790262e-12
2.966908402984858029e-12
3.101672781460895756e-12
3.225589066679912520e-12
3.337271865105906343e-12
3.435389125949761535e-12
3.518682524170091419e-12
3.585980254058873662e-12
3.636207437582306135e-12
3.668390678029931351e-12
3.681670853600271798e-12
3.675306586847781887e-12
3.648680749895882869e-12
3.601310005416080706e-12
3.532844156106662581e-12
3.443065711011827901e-12
3.331903980149930611e-12
3.199449819663024996e-12
3.045947608720789290e-12
2.871797201084436146e-12
2.677569103937127437e-12
2.464013802022657629e-12
2.232055469272853365e-12
1.982785029913669561e-12
1.717462110029099875e-12
1.437512652316397244e-12
1.144521543511300976e-12
8.402091956211110713e-13
5.264196197007908751e-13
2.051077813451304688e-13
-1.216809042848404632e-13
-4.518410385428994758e-13
-7.832246678475540680e-13
-1.113654199240421416e-12
-1.440952283708607506e-12
-1.762968568873313213e-12
-2.077592655205795502e-12
-2.382763474376159429e-12
-2.676496177467235782e-12
-2.956897096964561378e-12
-3.222175130879190164e-12
-3.470650850045942093e-12
-3.700768858028169461e-12
-3.911108849979916258e-12
-4.100397538869815506e-12
-4.267524267992373055e-12
-4.411539709925360597e-12
-4.531666274870671529e-12
-4.627314156846473736e-12
-4.698090874666327466e-12
-4.743799970896578344e-12
-4.764439277132881401e-12
-4.760210454979318939e-12
-4.731512490835365625e-12
-4.678940394853281504e-12
-4.603267853703352230e-12
-4.505437255913902206e-12
-4.386548416168700726e-12
-4.247843396476547184e-12
-4.090679184276524438e-12
-3.916513380969322000e-12
-3.726890757810297217e-12
-3.523422005546894553e-12
-3.307755762002595468e-12
-3.081573624746924978e-12
-2.846581477478071776e-12
-2.604489540702914496e-12
-2.356995891863999937e-12
-2.105783646413894594e-12
-1.852517488368232712e-12
-1.598830443039211957e-12
-1.346311950811696079e-12
-1.096501687190831742e-12
-8.508821360171670012e-13
-6.108706205806835321e-13
-3.778077568676596609e-13
-1.529427897262874980e-13
6.257596844123566870e-14
2.677095741268620266e-13
4.615389559252391916e-13
6.432774235162752596e-13
8.122744555964789281e-13
9.680240550119512122e-13
1.110165019808928566e-12
1.238483707949322721e-12
1.352910296813225610e-12
1.453518512148366248e-12
1.540515978670775610e-12
1.614235763287841241e-12
1.675128568842665366e-12
1.723750374209298553e-12
1.760745737579283432e-12
1.786841182828402541e-12
1.802836417479081188e-12
1.809587961247582921e-12
1.807995159835984467e-12
1.798996607065006526e-12
1.783561688097068387e-12
1.762679195313476832e-12
1.737344209468139056e-12
1.708555606022565954e-12
1.677306731007188745e-12
1.644578245287020568e-12
1.611327282539931627e-12
1.578479751421224542e-12
1.546923721930382190e-12
1.517501835995860304e-12
1.491003175958793836e-12
1.468153506753444582e-12
1.449612131720900976e-12
1.435963110571480961e-12
1.427708320490828076e-12
1.425263661432307760e-12
1.428956779292445134e-12
1.439020777538324580e-12
1.455591723542593030e-12
1.478707889641939222e-12
1.508309319456224706e-12
1.544235767904356127e-12
1.586226592784067968e-12
1.633922272654964036e-12
1.686865057359820952e-12
1.744502329051322853e-12
1.806191589522054830e-12
1.871201761247109907e-12
1.938720451538644696e-12
2.007861108280217799e-12
2.077672886166559429e-12
2.147146176134651085e-12
2.215227567353705851e-12
2.280828304002113782e-12
2.342839030416987711e-12
2.400140199435019106e-12
2.451615733339851388e-12
2.496163432202935795e-12
2.532707984309601201e-12
2.560212675542516969e-12
2.577688062999072827e-12
2.584202383332234731e-12
2.578890876889228245e-12
2.560964027648049424e-12
2.529712550547458250e-12
2.484517799827834494e-12
2.424859141605950619e-12
2.350319158045399703e-12
2.260590152569630362e-12
2.155480871915416152e-12
2.034923011345890487e-12
1.898974900937933086e-12
1.747825191869556427e-12
1.581797843749899179e-12
1.401354509864005671e-12
1.207095404534563876e-12
9.997583273399501813e-13
7.802173078615137758e-13
5.494789736062988261e-13
3.086779421478114127e-13
5.906760540755340294e-14
-1.979892893513510166e-13
-4.610313324680814784e-13
-7.285114352051369480e-13
-9.988118188433703359e-13
-1.270259830481179630e-12
-1.541142539106254983e-12
-1.809724679141533343e-12
-2.074265021898002992e-12
-2.333031988085987329e-12
-2.584318826645559675e-12
-2.826459335678044305e-12
-3.057841957074258765e-12
-3.276923003781018195e-12
-3.482239236546336159e-12
-3.672418272260280503e-12
-3.846188558614960229e-12
-4.002389999285815847e-12
-4.139983061229868255e-12
-4.258054846217884659e-12
-4.355825162366544490e-12
-4.432657366160164258e-12
-4.488059229812435547e-12
-4.521689446479459917e-12
-4.533360666025831875e-12
-4.523041229748114844e-12
-4.490856471417448148e-12
-4.437087849917809024e-12
-4.362169913479929662e-12
-4.266687697596083240e-12
-4.151368051402704040e-12
-4.017081372403863426e-12
-3.864828596045200015e-12
-3.695732522096539796e-12
-3.511028490513212752e-12
-3.312052672052590019e-12
-3.100229708369317549e-12
-2.877059484748811791e-12
-2.644104336521624354e-12
-2.402971918669116747e-12
-2.155300460673914564e-12
-1.902743154008623705e-12
-1.646951997523460332e-12
-1.389562510195618827e-12
-1.132176275474294780e-12
-8.763475513838547837e-13
-6.235693927360286271e-13
-3.752624838475326907e-13
-1.327644862537252779e-13
1.026794345078754778e-13
3.299230192429364328e-13
5.479237397999769943e-13
7.557467564082986922e-13
9.525682109420841037e-13
1.137675999414444750e-12
1.310470178553235776e-12
1.470465242625618174e-12
1.617287250302301693e-12
1.750673933077762090e-12
1.870474261589372134e-12
1.976647361415229120e-12
2.069258176265464932e-12
2.148476709040725297e-12
2.214571625039352121e-12
2.267905047786955564e-12
2.308927788546855098e-12
2.338171973745306609e-12
2.356240419790212037e-12
2.363799260496346477e-12
2.361567538744502315e-12
2.350307665502371357e-12
2.330815662004992461e-12
2.303910534573461177e-12
2.270425817837984361e-12
2.231200033758762302e-12
2.187070403253388307e-12
2.138865256781641300e-12
2.087395794408974936e-12
2.033449580593482686e-12
1.977784689494166415e-12
1.921124067119639456e-12
1.864147074551181227e-12
1.807486018495785274e-12
1.751718561870951874e-12
1.697363061735346346e-12
1.644874449320543608e-12
1.594640435323424477e-12
1.546976739416616731e-12
1.502125355525019135e-12
1.460253033942759959e-12
1.421451715014065975e-12
1.385738854393914199e-12
1.353060567234332101e-12
1.323294121849394323e-12
1.296252276523912617e-12
1.271689025784950022e-12
1.249306430875507523e-12
1.228761016547341711e-12
1.209671143635737689e-12
1.191624815315150965e-12
1.174186724413328609e-12
1.156907360709558130e-12
1.139330491929657629e-12
1.120998584756838223e-12
1.101459093204304462e-12
1.080272048030461729e-12
1.057014501967823428e-12
1.031284432850831934e-12
1.002704213062810545e-12
9.709235368818291967e-13
9.356216973052666752e-13
8.965102423451332125e-13
8.533335171291567267e-13
8.058693686321949379e-13
7.539299046177561081e-13
6.973636078322353882e-13
6.360551733745889447e-13
5.699262134277460756e-13
4.989359619900213261e-13
4.230812477700601759e-13
3.423960334009157336e-13
2.569513341248857996e-13
1.668549602954969013e-13
7.224932186810500978e-14
-2.669046556577452101e-14
-1.297579665243686620e-13
-2.367177092364725066e-13
-3.473071168765690109e-13
-4.612385777133520826e-13
-5.782025249215227980e-13
-6.978693339355912517e-13
-8.198900542863429841e-13
-9.438983882698037675e-13
-1.069513076192019074e-12
-1.196338601100466192e-12
-1.323966001935683590e-12
-1.451973740893008902e-12
-1.579929763406706655e-12
-1.707392148671271759e-12
-1.833911061205339976e-12
-1.959030160314512159e-12
-2.082288334814830222e-12
-2.203223064059511849e-12
-2.321371827401774723e-12
-2.436273622077878009e-12
-2.547471998973205309e-12
-2.654516580505306145e-12
-2.756964144826068441e-12
-2.854379926864325512e-12
-2.946337618325856056e-12
-3.032420885576425640e-12
-3.112221634918310720e-12
-3.185339362068995150e-12
-3.251379200597259711e-12
-3.309952138763616603e-12
-3.360672417435095483e-12
-3.403154494319160506e-12
-3.437013043963710324e-12
-3.461861873554905600e-12
-3.477313489236300015e-12
-3.482979312949274764e-12
-3.478469031911735065e-12
-3.463393634384193120e-12
-3.437366493871940598e-12
-3.400006404891131595e-12
-3.350939968213562103e-12
-3.289807662398835930e-12
-3.216267096400882153e-12
-3.129998647419252045e-12
-3.030711532431284994e-12
-2.918150096564708917e-12
-2.792100968831978669e-12
-2.652399350502876452e-12
-2.498935086636677738e-12
-2.331659171295186184e-12
-2.150590686436637533e-12
-1.955822006086127551e-12
-1.747523892085822705e-12
-1.525949071962129366e-12
-1.291437659936556237e-12
-1.044418891649190329e-12
-7.854137262439109257e-13
-5.150353884694758300e-13
-2.339906968271826537e-13
5.692028879483723713e-14
3.568048634328135904e-13
6.646797912415736143e-13
9.794730131129636419e-13
1.300026167445900160e-12
1.625098384853973510e-12
1.953370191293268832e-12
2.283447953291273258e-12
2.613868540016217601e-12
2.943106045330545761e-12
3.269580136147642868e-12
3.591662774485304688e-12
3.907685806880945023e-12
4.215953107455927551e-12
4.514749685213814701e-12
4.802352526062092508e-12
5.077042085355198964e-12
5.337115298320593837e-12
5.580895988399614538e-12
5.806751347120497897e-12
6.013102776120105020e-12
6.198438463889122119e-12
6.361325528836392351e-12
6.500423029714985645e-12
6.614492373963054561e-12
6.702409894449035122e-12
6.763175523089026697e-12
6.795922765506778873e-12
6.799929109374547309e-12
6.774621662264390665e-12
6.719585825265550483e-12
6.634572231878355097e-12
6.519500651142040581e-12
6.374465625486047671e-12
6.199742108581318689e-12
5.995783730616821572e-12
5.763225834065632824e-12
5.502885040004068529e-12
5.215755778664732389e-12
4.903008554713039757e-12
4.565983008353313721e-12
4.206178808030536231e-12
3.825250012579051173e-12
3.424993144998667027e-12
3.007337217794670003e-12
2.574330288870885219e-12
2.128126667944041372e-12
1.670973797697483665e-12
1.205199026514669480e-12
7.331950801700570786e-13
2.574052353643968560e-13
-2.196915067399773935e-13
-6.955941898867390449e-13
-1.167795135766092063e-12
-1.633796071522086724e-12
-2.091123281477980100e-12
-2.537343815958714721e-12
-2.970080561701116117e-12
-3.387030673290825078e-12
-3.785981944615102179e-12
-4.164827337171939092e-12
-4.521583628347425332e-12
-4.854405072363121576e-12
-5.161598579106474460e-12
-5.441633688790803447e-12
-5.693155582381370650e-12
-5.914994622574498706e-12
-6.106170690606260720e-12
-6.265900125146384170e-12
-6.393599191745202859e-12
-6.488885817557132896e-12
-6.551580458702410681e-12
-6.581705666586223913e-12
-6.579485220536973600e-12
-6.545341959401929088e-12
-6.479891710015062145e-12
-6.383943287197046956e-12
-6.258488085414404267e-12
-6.104698344056025405e-12
-5.923915004368840442e-12
-5.717640770563914288e-12
-5.487524497305162896e-12
-5.235349914006759420e-12
-4.963019578640981422e-12
-4.672539698907796080e-12
-4.366002351319231423e-12
-4.045565531879402599e-12
-3.713434507807145124e-12
-3.371847939748207068e-12
-3.023057065093537332e-12
-2.669309434946698367e-12
-2.312832000569975399e-12
-1.955817886117872106e-12
-1.600409366663002597e-12
-1.248684315668935341e-12
-9.026427608832543470e-13
-5.641946870631187050e-13
-2.351477302806048719e-13
8.280546658512993874e-14
3.880966186441126009e-13
6.792908791887486419e-13
9.550953777859305660e-13
1.214367148505424154e-12
1.456115393191903529e-12
1.679504625651251359e-12
1.883857002685229709e-12
2.068651456729742044e-12
2.233522611652660750e-12
2.378256012264268193e-12
2.502785739072477256e-12
2.607190288314575888e-12
2.691686717265495687e-12
2.756625873748252964e-12
2.802486541442217316e-12
2.829868284148773228e-12
2.839484723737850658e-12
2.832155517051848648e-12
2.808795730724344963e-12
2.770405432839240234e-12
2.718057983547295109e-12
2.652886374118756940e-12
2.576068698634248477e-12
2.488813625675656560e-12
2.392346086857455312e-12
2.287892314836725838e-12
2.176665965525348412e-12
2.059856191866105135e-12
1.938616801810955081e-12
1.814057909964306159e-12
1.687238673428459457e-12
1.559162087633181315e-12
1.430770974787665129e-12
1.302946899678358861e-12
1.176506808642230340e-12
1.052201620103943025e-12
9.307155740545525191e-13
8.126654188998772010e-13
6.985975383247411408e-13
5.889871381413447349e-13
4.842383004993733309e-13
3.846833875748023601e-13
2.905823639435395345e-13
2.021233793400925571e-13
1.194258857388150186e-13
4.254309713758522293e-14
-2.853451389018754614e-14
-9.387406623524371940e-14
-1.535946798350215636e-13
-2.078614651278634651e-13
-2.568789094197637679e-13
-3.008840464106821155e-13
-3.401402965709510173e-13
-3.749309348231866235e-13
-4.055518128352059160e-13
-4.323051790676435413e-13
-4.554945830237411286e-13
-4.754194542384848621e-13
-4.923698167930146141e-13
-5.066219796109883156e-13
-5.184357175329334932e-13
-5.280505308187521951e-13
-5.356834225332673949e-13
-5.415272180328556395e-13
-5.457498602340349336e-13
-5.484940301427043696e-13
-5.498771468541441276e-13
-5.499927228057310824e-13
-5.489119900801975316e-13
-5.466855267088899240e-13
-5.433445035042672178e-13
-5.389023645732682333e-13
-5.333574294025256179e-13
-5.266949528424935689e-13
-5.188880466792944457e-13
-5.098993059379774984e-13
-4.996834109677328328e-13
-4.881885911148242663e-13
-4.753578715550876854e-13
-4.611308080174070234e-13
-4.454459262386023521e-13
-4.282430258930464140e-13
-4.094659182031501476e-13
-3.890648382891964685e-13
-3.669986948888481759e-13
-3.432377537575248549e-13
-3.177667547496487721e-13
-2.905871615381527828e-13
-2.617179205560010713e-13
-2.311974667702082487e-13
-1.990854855103696419e-13
-1.654632648343673518e-13
-1.304327061938878596e-13
-9.411604660761532792e-14
-5.665547241420765268e-14
-1.821157259013477664e-14
2.103927349993064272e-14
6.090687985427570283e-14
1.011887175070801115e-13
1.416721151200131534e-13
1.821374133329292655e-13
2.223600535471159656e-13
2.621118112052650551e-13
3.011626592639565780e-13
3.392830721232753532e-13
3.762459636381942918e-13
4.118275273752580734e-13
4.458086731804616898e-13
4.779773582139212884e-13
5.081308095643277678e-13
5.360766626612278873e-13
5.616346146833373076e-13
5.846382948072881280e-13
6.049372699816479848e-13
6.223985085998529065e-13
6.369071394417280541e-13
6.483675900857688301e-13
6.567047795315306136e-13
6.618654734523443661e-13
6.638183384054252567e-13
6.625539418318726614e-13
6.580849688971046607e-13
6.504469814323787791e-13
6.396976589932712454e-13
6.259154436069613858e-13
6.091988892509281328e-13
5.896661739619724063e-13
5.674536361632842585e-13
5.427136062600979027e-13
5.156122382353467426e-13
4.863290759687943776e-13
4.550548848326896323e-13
4.219887785560094695e-13
3.873363218706571409e-13
3.513083107840181407e-13
3.141194173262445988e-13
2.759850995740636970e-13
2.371197585070844438e-13
1.977356267005708768e-13
1.580415214929437040e-13
1.182405546086909287e-13
7.852849230258196478e-14
3.909247803398317733e-14
1.097703348269145947e-16
-3.825296673930049518e-14
-7.584095162863416228e-14
-1.125121249965187198e-13
-1.481371042543269678e-13
-1.825982263612899170e-13
-2.157893140434033463e-13
-2.476153776378303695e-13
-2.779912801689765622e-13
-3.068399213098510492e-13
-3.340913700203285153e-13
-3.596819023177211250e-13
-3.835527544442801640e-13
-4.056494723458925478e-13
-4.259219929872437582e-13
-4.443240209355686643e-13
-4.608132452010860192e-13
-4.753528300149856278e-13
-4.879127700821439539e-13
-4.984706224175905476e-13
-5.070126718638434671e-13
-5.135363163356887473e-13
-5.180516389133305033e-13
-5.205828173052151620e-13
-5.211695333108556927e-13
-5.198674065017006019e-13
-5.167492410536322911e-13
-5.119057304783791729e-13
-5.054456744639501675e-13
-4.974935394197466110e-13
-4.881881574339552721e-13
-4.776822925926793584e-13
-4.661399846846159267e-13
-4.537311824003020799e-13
-4.406283823053802617e-13
-4.270038099149497945e-13
-4.130254623556373073e-13
-3.988526631366895447e-13
-3.846326740181843507e-13
-3.704976592449477080e-13
-3.565619479360682131e-13
-3.429214377737022090e-13
-3.296524836958469873e-13
-3.168102444880277480e-13
-3.044294417248183393e-13
-2.925276665864673387e-13
-2.811070332672110927e-13
-2.701553715976634518e-13
-2.596501843827453415e-13
-2.495624963193970869e-13
-2.398595373969553135e-13
-2.305079412935617800e-13
-2.214777162666201060e-13
-2.127421367325785240e-13
-2.042780956326359365e-13
-1.960682999421411998e-13
-1.881015417211362450e-13
-1.803671280256949339e-13
-1.728513165932810125e-13
-1.655361909829941580e-13
-1.583964892842154581e-13
-1.513931531136811226e-13
-1.444692211997541942e-13
-1.375474983477537050e-13
-1.305287800588972313e-13
-1.232907412230740962e-13
-1.156869874419444444e-13
-1.075468110834504332e-13
-9.867769172307652714e-14
-8.887045288043238234e-14
-7.790202673479268425e-14
-6.553811042041973733e-14
-5.153871239830208617e-14
-3.566476270127488801e-14
-1.768150275987482450e-14
2.637601940718293896e-15
2.550619322683449902e-14
5.112212126605168716e-14
7.966569840877485431e-14
1.112962667989755849e-13
1.461504799561003098e-13
1.843423146335315677e-13
2.259623694753076784e-13
2.710760489774838300e-13
3.197246612428317203e-13
3.719244693039386318e-13
4.276652545553288887e-13
4.869105335938983536e-13
5.495992116272274686e-13
6.156404054082076360e-13
6.849094316870030230e-13
7.572500027204498441e-13
8.324752562641202225e-13
9.103592445852681792e-13
9.906325976541396905e-13
1.072984149447231417e-12
1.157062401620223557e-12
1.242468259353424198e-12
1.328750694543079369e-12
1.415408588945066271e-12
1.501893336260107237e-12
1.587607215830511009e-12
1.671902525278434748e-12
1.754083857330446250e-12
1.833416231333817592e-12
1.909130189006735812e-12
1.980426022826775601e-12
2.046479739142847976e-12
2.106455418079966613e-12
2.159515621880103708e-12
2.204827032753486904e-12
2.241570861219455146e-12
2.268956073372963012e-12
2.286226546618919109e-12
2.292667358044786496e-12
2.287614108559266057e-12
2.270458560743593424e-12
2.240656011426311878e-12
2.197729845332396792e-12
2.141275871891945570e-12
2.070965144165826111e-12
1.986552415622622192e-12
1.887883512713406375e-12
1.774895443291957253e-12
1.647617047136062940e-12
1.506182656894894389e-12
1.350839362243561048e-12
1.181946576202241861e-12
9.999722404285815713e-13
8.055051851224570569e-13
5.992598995155362651e-13
3.820716800665563406e-13
1.548871030347329092e-13
-8.123227568032631574e-14
-3.251098934335672208e-13
-5.754643181248020323e-13
-8.309252808383349453e-13
-1.090039625402383638e-12
-1.351276078878638209e-12
-1.613038695669199996e-12
-1.873686535786012186e-12
-2.131544290032150180e-12
-2.384911495720287711e-12
-2.632077064981808157e-12
-2.871340751969819749e-12
-3.101026163285225401e-12
-3.319490949477144071e-12
-3.525144802798974020e-12
-3.716467671804890571e-12
-3.892023422297219426e-12
-4.050469595145989032e-12
-4.190571934598041892e-12
-4.311215880820062907e-12
-4.411417845601173227e-12
-4.490336054374655106e-12
-4.547273148303165868e-12
-4.581679653725689860e-12
-4.593164824179263306e-12
-4.581501844569402238e-12
-4.546625229084888531e-12
-4.488626050708210968e-12
-4.407761482194683111e-12
-4.304459132881133243e-12
-4.179307507706786495e-12
-4.033046899915015970e-12
-3.866573727862032683e-12
-3.680940535016885562e-12
-3.477344280577998603e-12
-3.257110726961887082e-12
-3.021687500909253643e-12
-2.772639106154994870e-12
-2.511629359353007018e-12
-2.240396887107087842e-12
-1.960742115544866770e-12
-1.674518271439773276e-12
-1.383608613965414680e-12
-1.089900955944522742e-12
-7.952752497340787041e-13
-5.015920946822849391e-13
-2.106740075360352682e-13
7.571454720784950854e-14
3.558770303186548079e-13
6.281925392197240665e-13
8.911301601147170182e-13
1.143261158485786577e-12
1.383267740802385237e-12
1.609948068956312817e-12
1.822223578626380736e-12
2.019142882406232964e-12
2.199892394985636379e-12
2.363797742613304997e-12
2.510324196777768968e-12
2.639075156324333093e-12
2.749798869508546240e-12
2.842389301357939324e-12
2.916878761097252415e-12
2.973430095892792835e-12
3.012339292937649127e-12
3.034030058440828626e-12
3.039045360850312072e-12
3.028033336224811300e-12
3.001744469308120777e-12
2.961023136752172213e-12
2.906796765095309709e-12
2.840056748804054010e-12
2.761852812421805581e-12
2.673284120111030226e-12
2.575485181025016779e-12
2.469607851551813837e-12
2.356815046941629355e-12
2.238272718210754242e-12
2.115135974353754555e-12
1.988533469832187706e-12
1.859563935127650502e-12
1.729290213629830486e-12
1.598728094354129325e-12
1.468838288845586426e-12
1.340522636471275231e-12
1.214621719175523751e-12
1.091910416251007376e-12
9.730934591098416853e-13
8.588024497276081082e-13
7.495956980130280556e-13
6.459570833956818081e-13
5.482954585148136495e-13
4.569417760835747799e-13
3.721502273013044260e-13
2.941007355185265570e-13
2.229013414817293537e-13
1.585875934696431844e-13
1.011260506215104493e-13
5.041796583634024220e-14
6.304489519819806917e-15
-3.143068894343944986e-14
-6.305627000364674717e-14
-8.888774590508352613e-14
-1.092788985928953849e-13
-1.246178724448321340e-13
-1.353213195795163748e-13
-1.418262886689405922e-13
-1.445816936226224092e-13
-1.440451219674593331e-13
-1.406776577823551366e-13
-1.349364007032297086e-13
-1.272670526906646837e-13
-1.181028609327852696e-13
-1.078613516862156341e-13
-9.693913288191455258e-14
-8.570803165493592890e-14
-7.451522986970035567e-14
-6.368201728749675605e-14
-5.350265654233306301e-14
-4.424297706624377713e-14
-3.614032087918134240e-14
-2.940432185932762010e-14
-2.421723100374563453e-14
-2.073345394839037209e-14
-1.907897837383643741e-14
-1.935210245361269205e-14
-2.162306724190314611e-14
-2.593325876851064471e-14
-3.229482179183292001e-14
-4.069142212851512008e-14
-5.107789259367785661e-14
-6.338067006991798813e-14
-7.749930661408652166e-14
-9.330893940536280629e-14
-1.106620627381801891e-13
-1.293921160537905846e-13
-1.493167568755726649e-13
-1.702420485399230854e-13
-1.919672239095518429e-13
-2.142893338902968070e-13
-2.370059443840277780e-13
-2.599185515254898160e-13
-2.828360917868366631e-13
-3.055773407749373671e-13
-3.279702084999641665e-13
-3.498524441068046054e-13
-3.710716900851701583e-13
-3.914851841139987965e-13
-4.109582953885221324e-13
-4.293643348848852348e-13
-4.465837964186258890e-13
-4.625045463800547818e-13
-4.770226639909391775e-13
-4.900431731409693459e-13
-5.014812350101482963e-13
-5.112639370023763785e-13
-5.193318648386013869e-13
-5.256401867589910459e-13
-5.301599003554313683e-13
-5.328783746726128978e-13
-5.337989165271617154e-13
-5.329395236751410803e-13
-5.303322342907479392e-13
-5.260215548731628221e-13
-5.200616955310100042e-13
-5.125141305274694137e-13
-5.034460803972351517e-13
-4.929286688028222674e-13
-4.810355130717425265e-13
-4.678419110448750473e-13
-4.534241363450541851e-13
-4.378592215366350349e-13
-4.212252833861451773e-13
-4.036017125976648634e-13
-3.850683877662519627e-13
-3.657057566931048997e-13
-3.455942400743677867e-13
-3.248129575635777533e-13
-3.034391585655243917e-13
-2.815471109290229590e-13
-2.592069625346332673e-13
-2.364834673571070134e-13
-2.134362836209852121e-13
-1.901200686682882890e-13
-1.665845060635703923e-13
-1.428752813758746298e-13
-1.190354780890301445e-13
-9.510683121041405008e-14
-7.113122482520217726e-14
-4.715175596975082484e-14
-2.321311240829123518e-14
6.383365757263719398e-16
2.435427415834780229e-14
4.788546946118965586e-14
7.118336817343515199e-14
9.420134621353562498e-14
1.168954933935054119e-13
1.392257891006526416e-13
1.611560006536255640e-13
1.826529514659461229e-13
2.036854436201010476e-13
2.242225366965930333e-13
2.442310405564168674e-13
2.636732791740786785e-13
2.825050577585225264e-13
3.006741719751432340e-13
3.181198522921729888e-13
3.347728995059529034e-13
3.505564978925623798e-13
3.653877873009692134e-13
3.791807904988953037e-13
3.918489881529763075e-13
4.033072974977264247e-13
4.134740781095574969e-13
4.222734358363955387e-13
4.296358462139299172e-13
4.354981544656133519e-13
4.398030876116842958e-13
4.424982244771030748e-13
4.435346946489449049e-13
4.428663924298248400e-13
4.404488926357252865e-13
4.362393963858873791e-13
4.301971647836799750e-13
4.222850639046954457e-13
4.124712453101170295e-13
4.007316397117155482e-13
3.870524777419004359e-13
3.714323499378474613e-13
3.538840227801376415e-13
3.344358210505271600e-13
3.131323054583051713e-13
2.900335950139359964e-13
2.652145267723754474e-13
2.387633547904638442e-13
2.107803135590474719e-13
1.813761814351000368e-13
1.506709795991156842e-13
1.187928878529365129e-13
8.587777028130211265e-14
5.206972412919938509e-14
1.752141014471197272e-14
-1.760583222449891433e-14
-5.314139699032910391e-14
-8.890474077413723641e-14
-1.247056792682763038e-13
-1.603452749266223720e-13
-1.956168788150997040e-13
-2.303077162573580194e-13
-2.642009874764816857e-13
-2.970782799448234979e-13
-3.287219400762569910e-13
-3.589174584709559079e-13
-3.874556654247934828e-13
-4.141346824932529147e-13
-4.387616843199576566e-13
-4.611539557337895889e-13
-4.811399217409528806e-13
-4.985603943574723473e-13
-5.132697110214745617e-13
-5.251361953791111592e-13
-5.340434041170571966e-13
-5.398918074758785046e-13
-5.425999276623127976e-13
-5.421059651525284018e-13
-5.383685034235363709e-13
-5.313677557856888445e-13
-5.211064327444170363e-13
-5.076106093619692228e-13
-4.909292915765417487e-13
-4.711345246224962757e-13
-4.483212032949795978e-13
-4.226062859033485886e-13
-3.941281708549210228e-13
-3.630455311376401539e-13
-3.295366366937169111e-13
-2.937985412680005348e-13
-2.560464047816207733e-13
-2.165123413671796171e-13
-1.754447552949206512e-13
-1.331073380857195065e-13
-8.977792332253917151e-14
-4.574676209134938276e-14
-1.314981169404385274e-15
4.320727938844984295e-14
8.750313841565660056e-14
1.312516989624562536e-13
1.741307429194496881e-13
2.158193464435811948e-13
2.560004888196160122e-13
2.943643321717120953e-13
3.306108642062155489e-13
3.644525545069832173e-13
3.956169159630151810e-13
4.238491610637773466e-13
4.489142889883834808e-13
4.705995792705919278e-13
4.887158928414125914e-13
5.030997320132346573e-13
5.136142162617818308e-13
5.201507085293710642e-13
5.226297910068677943e-13
5.210021867055325551e-13
5.152497352389762142e-13
5.053860433444634648e-13
4.914569727738904437e-13
4.735404776634588586e-13
4.517465774286216762e-13
4.262167062427796305e-13
3.971229269907061710e-13
3.646663049652887345e-13
3.290756610350303868e-13
2.906059724458454063e-13
2.495362315217686255e-13
2.061674941010449569e-13
1.608204129761869883e-13
1.138330152795213879e-13
6.555801908281200241e-14
1.636000261315013332e-14
-3.338754850389959172e-14
-8.330464681786942105e-14
-1.330081471394642390e-13
-1.821145637721441335e-13
-2.302436670140184383e-13
-2.770213529054710300e-13
-3.220828280730420046e-13
-3.650764315420856887e-13
-4.056664672149462580e-13
-4.435367546330726274e-13
-4.783935292178298493e-13
-5.099679901456044551e-13
-5.380195529543219113e-13
-5.623373403214337873e-13
-5.827420252076109808e-13
-5.990875113701110699e-13
-6.112614212537559322e-13
-6.191865054537559754e-13
-6.228208053460360105e-13
-6.221574362468007546e-13
-6.172251295136210736e-13
-6.080875820241304908e-13
-5.948431309153734414e-13
-5.776236693816327872e-13
-5.565929119509538392e-13
-5.319452560728632484e-13
