0.000000000000000000e+00
0.000000000000000000e+00
0.000000000000000000e+00
0.000000000000000000e+00
0.000000000000000000e+00
0.000000000000000000e+00
0.000000000000000000e+00
0.000000000000000000e+00
0.000000000000000000e+00
0.000000000000000000e+00
0.000000000000000000e+00
0.000000000000000000e+00
0.000000000000000000e+00
0.000000000000000000e+00
0.000000000000000000e+00
0.000000000000000000e+00
0.000000000000000000e+00
0.000000000000000000e+00
0.000000000000000000e+00
0.000000000000000000e+00
0.000000000000000000e+00
0.000000000000000000e+00
0.000000000000000000e+00
0.000000000000000000e+00
0.000000000000000000e+00
0.000000000000000000e+00
0.000000000000000000e+00
0.000000000000000000e+00
0.000000000000000000e+00
0.000000000000000000e+00
0.000000000000000000e+00
0.000000000000000000e+00
0.000000000000000000e+00
0.000000000000000000e+00
0.000000000000000000e+00
0.000000000000000000e+00
0.000000000000000000e+00
0.000000000000000000e+00
0.000000000000000000e+00
0.000000000000000000e+00
0.000000000000000000e+00
0.000000000000000000e+00
0.000000000000000000e+00
0.000000000000000000e+00
0.000000000000000000e+00
0.000000000000000000e+00
0.000000000000000000e+00
0.000000000000000000e+00
0.000000000000000000e+00
0.000000000000000000e+00
0.000000000000000000e+00
0.000000000000000000e+00
0.000000000000000000e+00
0.000000000000000000e+00
1.401298464324817071e-45
5.605193857299268284e-45
-2.802596928649634142e-45
-4.203895392974451213e-44
-9.248569864543792668e-44
2.452272312568429874e-43
8.912258233105836571e-43
-2.923108596581568410e-42
-1.906186301021048662e-41
-2.827119651775318441e-41
-3.919431804716513347e-42
1.207456847754765126e-40
3.255258371580479800e-40
3.990968091320295259e-40
-1.443505574070280561e-40
-1.695719679470247086e-39
-3.535082260623038196e-39
-2.740296600224217100e-39
5.155306985327785763e-39
2.143195337174165894e-38
3.505604265867808479e-38
1.644882392872546345e-38
-7.025190127293264254e-38
-2.208409609704207821e-37
-3.198887049061498205e-37
-1.086637454680065128e-37
6.891469707932727114e-37
1.988898559449145292e-36
2.816449201174605828e-36
1.113373018657509461e-36
-5.296480227386416014e-36
-1.595583057123333835e-35
-2.394518870316425597e-35
-1.416695402720518032e-35
3.077941270075703823e-35
1.126120603434126298e-34
1.905045978589057664e-34
1.637753486480195158e-34
-1.016923147549986058e-34
-6.696368873352245173e-34
-1.356891679924390385e-33
-1.574439133734124922e-33
-3.812947122753667275e-34
3.012869897658264859e-33
8.208230932662330252e-33
1.237769102792975244e-32
9.808137518849004664e-33
-6.314743162989851006e-33
-3.871662266608423961e-32
-7.804595413011933426e-32
-9.604129151832651992e-32
-4.756568830309275592e-32
1.094881651879901922e-31
3.725467914987617380e-31
6.414892254781956534e-31
6.869288059651637691e-31
1.912260825878133965e-31
-1.088276431573196406e-30
-3.029078354328843578e-30
-4.818975014303328768e-30
-4.818401373060127492e-30
-9.238865558762376033e-31
8.304093078841591455e-30
2.178925819486465554e-29
3.399042161560882454e-29
3.420355585661065324e-29
8.932097456305120122e-30
-5.122473512137614309e-29
-1.404725514299304723e-28
-2.260774291189588114e-28
-2.434979710225517614e-28
-1.085433774021608537e-28
2.449854870892235478e-28
8.026016931504855880e-28
1.398679466499014178e-27
1.676758520786259563e-27
1.135122886957420746e-27
-6.917166136401307515e-28
-3.903854604669082790e-27
-7.827855206928433822e-27
-1.070778684554810941e-26
-9.771246402563462110e-27
-1.964756499473088089e-27
1.448519182341652608e-26
3.787402865395719697e-26
6.089866288755050849e-26
6.988837385202943008e-26
4.696840851830972054e-26
-2.357610963610101917e-26
-1.447266896469493362e-25
-2.942094216914761526e-25
-4.151513140965264909e-25
-4.174600634470755108e-25
-1.978431719117605208e-25
3.170320304961351096e-25
1.108064990263963107e-24
1.998476945890207288e-24
2.616379268390568604e-24
2.425195080920956593e-24
8.589146132254190799e-25
-2.423956963730212215e-24
-7.200424153435222217e-24
-1.235430488273376307e-23
-1.572158447794042947e-23
-1.430929311021049380e-23
-5.058952757838317782e-24
1.379998084397265195e-23
4.099368389889456610e-23
7.054059847713601952e-23
9.097920829228169792e-23
8.644491153971822328e-23
4.041101861252384325e-23
-5.767435284362821819e-23
-2.036861955127957353e-22
-3.702962061592425535e-22
-5.022636741428345179e-22
-5.200028713600735533e-22
-3.354344106518341925e-22
1.182058967770945235e-22
8.453726790387359888e-22
1.744920740464097744e-21
2.579855363466243107e-21
2.979983386052813114e-21
2.497085401474264039e-21
7.245130794200269487e-22
-2.523570933050516378e-21
-7.002844019007875751e-21
-1.185742567020737957e-20
-1.554866422376271322e-20
-1.598533157665974941e-20
-1.092841298501796540e-20
1.309749017356262653e-21
2.094252482128774293e-20
4.574893953078138953e-20
7.038058487089193287e-20
8.631944408364526072e-20
8.286741259230833798e-20
4.941884264064653708e-20
-2.101104671839753114e-20
-1.274462243672767752e-19
-2.567362860187225337e-19
-3.808637066720717082e-19
-4.574243646945004491e-19
-4.348200000952638618e-19
-2.630587893319833162e-19
9.015995319484947023e-20
6.201421649171035969e-19
1.266717403296222039e-18
1.902391745370386975e-18
2.333898990509952530e-18
2.323404550078492268e-18
1.633114987675054265e-18
9.232459438502124567e-20
-2.320692431645084028e-18
-5.397147528935979875e-18
-8.638738482175124507e-18
-1.124762312077552104e-17
-1.219095643494324486e-17
-1.035785223281244342e-17
-4.810803033269603866e-18
4.889414969964193405e-18
1.833401987151320531e-17
3.396764907634294796e-17
4.893701089026198173e-17
5.918816757740304776e-17
5.989708783214059418e-17
4.627442237757219243e-17
1.471556294965306361e-17
-3.582505998077362011e-17
-1.024556229922224740e-16
-1.772739770487458187e-16
-2.469633348514075613e-16
-2.934152569535438326e-16
-2.956544944287289823e-16
-2.331671269043255343e-16
-9.047620145532741490e-17
1.375069448454588924e-16
4.401598240077499169e-16
7.869427888497449678e-16
1.125565014761418462e-15
1.383752197908435545e-15
1.475579251478511059e-15
1.312790742202785653e-15
8.207367035276721783e-16
-4.241443367993024197e-17
-1.265566855448345494e-15
-2.766984952861967391e-15
-4.382894905569176963e-15
-5.866432031587142173e-15
-6.900436067003041379e-15
-7.126326201508607211e-15
-6.189287109762591291e-15
-3.797447755283633181e-15
2.101542211092714569e-16
5.794835301171051556e-15
1.265904376902002651e-14
2.020825455757713218e-14
2.754544198800817217e-14
3.350790849757263878e-14
3.675262066796074201e-14
3.589116783181238446e-14
2.966917889753867277e-14
1.717811616151927734e-14
-1.918736301570120317e-15
-2.716987604952508795e-14
-5.715518119550622167e-14
-8.936823720287478956e-14
-1.201849221272449642e-13
-1.449349266904181865e-13
-1.580842390585396329e-13
-1.535238543281039481e-13
-1.249486354226031493e-13
-6.629783798773464243e-14
2.778076976361204542e-14
1.614879291487320012e-13
3.374969032542141090e-13
5.566878338511549451e-13
8.180266360124921476e-13
1.118610412631504403e-12
1.453884430381580106e-12
1.818021536266478666e-12
2.204430214758357209e-12
2.606355886322631044e-12
3.017514623587791434e-12
3.432705725572859912e-12
3.848345253576468394e-12
4.262872173310672252e-12
4.676988397261938601e-12
5.093714079001943063e-12
5.518260761533388958e-12
5.957729535405187349e-12
6.420673021034772887e-12
6.916570181175751841e-12
7.455256030575174719e-12
8.046370861269913632e-12
8.698862810629925946e-12
9.420586706554434642e-12
1.021805036416356671e-11
1.109626886902637111e-11
1.205877238341646063e-11
1.310771716861447445e-11
1.424409028227824336e-11
1.546796198070854444e-11
1.677875893779656735e-11
1.817553746397138070e-11
1.965716478480317164e-11
2.122250292169169938e-11
2.287045379467667061e-11
2.459997830439597521e-11
2.641001826952926734e-11
2.829935591419641128e-11
3.026646641646202340e-11
3.230932882347659074e-11
3.442521961938282971e-11
3.661052017100985267e-11
3.886059182778289767e-11
4.116959897992877870e-11
4.353044313898379869e-11
4.593461028212786346e-11
4.837218472997228957e-11
5.083175894093905356e-11
5.330040922513212820e-11
5.576367145820881888e-11
5.820551332580414794e-11
6.060834473187171056e-11
6.295296922642634740e-11
6.521857359720328873e-11
6.738282154472585717e-11
6.942174612944995715e-11
7.130989548853605697e-11
7.302035365253090049e-11
7.452483075098825793e-11
7.579374627919577279e-11
7.679639563162865556e-11
7.750106112425214633e-11
7.787518546686911236e-11
7.788560768551278102e-11
7.749872271700652959e-11
7.668075896472004160e-11
7.539797952649252011e-11
7.361704301711569087e-11
7.130519091846920787e-11
6.843065697426098382e-11
6.496293780688944253e-11
6.087319537328994556e-11
5.613460044018303563e-11
5.072274891770867100e-11
4.461604696803789238e-11
3.779612040011315344e-11
3.024824141162341107e-11
2.196175880042616768e-11
1.293045358286004642e-11
3.152984167156813733e-12
-7.366741765213458137e-12
-1.861921727908111279e-11
-3.058899661345648724e-11
-4.325437577556989766e-11
-5.658716203948976897e-11
-7.055243195219773611e-11
-8.510829541119591113e-11
-1.002059130117416430e-10
-1.157892878800304004e-10
-1.317952830204305315e-10
-1.481537115211040145e-10
-1.647874198207333052e-10
-1.816125583253835885e-10
-1.985387826364259922e-10
-2.154695449840815513e-10
-2.323025660722066732e-10
-2.489304040675932583e-10
-2.652409958336932050e-10
-2.811181565309794905e-10
-2.964424816731536794e-10
-3.110921520388387762e-10
-3.249435720498183855e-10
-3.378724799940613366e-10
-3.497549749820194620e-10
-3.604682663471692194e-10
-3.698918948913387794e-10
-3.779088431077326504e-10
-3.844065621372294572e-10
-3.892781930137090285e-10
-3.924233715757452501e-10
-3.937496995121136933e-10
-3.931736602957869309e-10
-3.906216183846566992e-10
-3.860309016889829081e-10
-3.793504399496328006e-10
-3.705421802724373492e-10
-3.595813924395230288e-10
-3.464573627987022064e-10
-3.311743379530440734e-10
-3.137516357831771074e-10
-2.942243948478306947e-10
-2.726431858057765112e-10
-2.490746220384920662e-10
-2.236011376055557776e-10
-1.963207790778298545e-10
-1.673468585927651020e-10
-1.368074403762520319e-10
-1.048449035923049166e-10
-7.161493620344572264e-11
-3.728575434513992093e-11
-2.036941362110189502e-12
3.394169667547686231e-11
7.045138084027513514e-11
1.072858191175640741e-10
1.442327091094597336e-10
1.810752936481918596e-10
2.175941232751554821e-10
2.535685550419941592e-10
2.887787509120443019e-10
3.230072320725696500e-10
3.560407524361153264e-10
3.876719778528325833e-10
4.177013457340450486e-10
4.459384528310295082e-10
4.722038871030065366e-10
4.963305322291944321e-10
5.181652329433461546e-10
5.375696554565934093e-10
5.544218972808323542e-10
5.686172643848408370e-10
5.800688818169419392e-10
5.887088594391798324e-10
5.944884029496222411e-10
5.973786465496289111e-10
5.973702643657929912e-10
5.944738035168484203e-10
5.887195730913674652e-10
5.801568669916434828e-10
5.688541859782958454e-10
5.548980164249428526e-10
5.383920531620844940e-10
5.194564223209852116e-10
4.982267376441029683e-10
4.748524351505523100e-10
4.494957739353822035e-10
4.223302818573415607e-10
3.935393122489472262e-10
3.633146838932788114e-10
3.318545438446562912e-10
2.993623127167666098e-10
2.660446307700681245e-10
2.321098452329195538e-10
1.977662200669527692e-10
1.632206314550188608e-10
1.286766387886828511e-10
9.433325648400270325e-11
6.038332334146190306e-11
2.701224660617285167e-11
-5.603339407050933474e-12
-3.729661718354648769e-11
-6.791164158803653095e-11
-9.730423411458133387e-11
-1.253427917013993920e-10
-1.519088743684449128e-10
-1.768977603289201284e-10
-2.002186888505619322e-10
-2.217952765892761136e-10
-2.415654620779861261e-10
-2.594815196044208960e-10
-2.755099481888123591e-10
-2.896311246392002658e-10
-3.018389149733735621e-10
-3.121402025740849240e-10
-3.205543608331140604e-10
-3.271125037507260913e-10
-3.318567365351299259e-10
-3.348394339575122558e-10
-3.361223244180422398e-10
-3.357756017674518034e-10
-3.338770093730403232e-10
-3.305108409179524642e-10
-3.257669967116072485e-10
-3.197401787780052018e-10
-3.125286973659768819e-10
-3.042335550151875623e-10
-2.949577249111712263e-10
-2.848051516846084041e-10
-2.738798909884820887e-10
-2.622853323419604976e-10
-2.501235885077335297e-10
-2.374944962912906021e-10
-2.244951446961351849e-10
-2.112194169567871427e-10
-1.977573105271801523e-10
-1.841945901359665072e-10
-1.706123436973072671e-10
-1.570865659772380241e-10
-1.436881308380932865e-10
-1.304823332715088213e-10
-1.175289587873606933e-10
-1.048820821858420516e-10
-9.259003980188751370e-11
-8.069545726074878189e-11
-6.923536743919100900e-11
-5.824125209885622212e-11
-4.773923617529263197e-11
-3.775025084196137470e-11
-2.829025035067100902e-11
-1.937045662758762887e-11
-1.099762295120321198e-11
-3.174315844900466033e-12
4.100783081162351351e-12
1.083259176803963442e-11
1.702930157998494565e-11
2.270206245214012597e-11
2.786467410975657089e-11
3.253327121588434068e-11
3.672600071280562872e-11
4.046274773572555716e-11
4.376484591395168877e-11
4.665475297760401929e-11
4.915586340747957195e-11
5.129218577648586574e-11
5.308816927729331780e-11
5.456846086104860660e-11
5.575768319276974694e-11
5.668029587346801179e-11
5.736040462056557487e-11
5.782157391776010513e-11
5.808678885110829526e-11
5.817822959497398472e-11
5.811725059534644799e-11
5.792424526140926844e-11
5.761860780162386675e-11
5.721864648755570215e-11
5.674156630663951262e-11
5.620337875655856408e-11
5.561895041750197777e-11
5.500195437990740288e-11
5.436482861109759313e-11
5.371883840532554188e-11
5.307404862819886660e-11
5.243936881949018414e-11
5.182252196811454326e-11
5.123011390106846363e-11
5.066765410011164761e-11
5.013957651844869190e-11
4.964928121409251105e-11
4.919916210543995305e-11
4.879065207408217475e-11
4.842426112872111332e-11
4.809963538576766950e-11
4.781552931376609195e-11
4.756993757237815146e-11
4.736005337901971757e-11
4.718235871448150931e-11
4.703266248684556672e-11
4.690611440927305864e-11
4.679726051115551400e-11
4.670009171037214912e-11
4.660807503831243537e-11
4.651416751766390689e-11
4.641090289858595952e-11
4.629039512815680268e-11
4.614440080041859460e-11
4.596436772863476961e-11
4.574145923141870185e-11
4.546658882720322481e-11
4.513051043986138211e-11
4.472380799036557164e-11
4.423698907185524831e-11
4.366051964410644359e-11
4.298486913634214091e-11
4.220055555004265102e-11
4.129823566456636286e-11
4.026873279272535910e-11
3.910310963917140725e-11
3.779271687265328694e-11
3.632924169827411731e-11
3.470479806311210780e-11
3.291197175903093353e-11
3.094390021995963025e-11
2.879431068580906583e-11
2.645762428588049886e-11
2.392898899861162221e-11
2.120434036689822221e-11
1.828051945929054511e-11
1.515527633944024899e-11
1.182737675159417634e-11
8.296627274084755754e-12
4.563939937779482037e-12
6.313903393173614376e-13
-3.497735955038105971e-12
-7.818911317014620721e-12
-1.232631444830767364e-11
-1.701284425836835368e-11
-2.187005090914517780e-11
-2.688815316231885078e-11
-3.205601409317360151e-11
-3.736115930519368078e-11
-4.278977172589293332e-11
-4.832668987209132183e-11
-5.395548938191829791e-11
-5.965843791200242663e-11
-6.541658187364518540e-11
-7.120978806618438739e-11
-7.701676102422894132e-11
-8.281517832608997765e-11
-8.858167671599304072e-11
-9.429201863753178259e-11
-9.992111998924357863e-11
-1.054431889024876057e-10
-1.108318783971107280e-10
-1.160603835259621519e-10
-1.211014760693629455e-10
-1.259278376020134260e-10
-1.305119762262663130e-10
-1.348267053558060979e-10
-1.388449494266197348e-10
-1.425402018639942980e-10
-1.458865112047291746e-10
-1.488586476305897577e-10
-1.514324082796392190e-10
-1.535846727573897397e-10
-1.552935974258318197e-10
-1.565387264257367406e-10
-1.573012692324127215e-10
-1.575641006557049195e-10
-1.573120522735393934e-10
-1.565318291651962568e-10
-1.552124262449439129e-10
-1.533450033619487840e-10
-1.509232183671826988e-10
-1.479430328243935833e-10
-1.444030867103762716e-10
-1.403045735148822359e-10
-1.356514761630123189e-10
-1.304503727261874246e-10
-1.247107139779046747e-10
-1.184446846158593303e-10
-1.116671824452630801e-10
-1.043958530733135603e-10
-9.665102052025531520e-11
-8.845564558601637373e-11
-7.983518013343626762e-11
-7.081753239379651177e-11
-6.143290043336691042e-11
-5.171370276446651815e-11
-4.169438058698737848e-11
-3.141118615213045473e-11
-2.090209602623183116e-11
-1.020659425032821588e-11
6.345433618652751573e-13
1.157942231683195544e-11
2.258528954135474720e-11
3.360872691260397005e-11
4.460588495791562025e-11
5.553275894687459413e-11
6.634532506710755229e-11
7.699986481757292722e-11
8.745316276703718472e-11
9.766278064038402817e-11
1.075872516076437080e-10
1.171863300841735622e-10
1.264211790807934221e-10
1.352547102095869036e-10
1.436515628672196954e-10
1.515784719963164662e-10
1.590044901300657898e-10
1.659009873922201450e-10
1.722418735417008406e-10
1.780038477727785562e-10
1.831663293261343028e-10
1.877116656556765406e-10
1.916251601841167940e-10
1.948952665919989613e-10
1.975134222842456211e-10
1.994742704347629569e-10
2.007753963084724091e-10
2.014176603282180622e-10
2.014049899079495276e-10
2.007442684304194813e-10
1.994452658582446247e-10
1.975207081228447237e-10
1.949860967132011069e-10
1.918595143868273567e-10
1.881615696586180775e-10
1.839152580229708178e-10
1.791458092981201844e-10
1.738803823148060701e-10
1.681481065496370775e-10
1.619797490581831312e-10
1.554075063081583608e-10
1.484650596905723319e-10
1.411869510192786947e-10
1.336086657977020309e-10
1.257663695408695048e-10
1.176966579752303232e-10
1.094363558107325218e-10
1.010223502073692714e-10
9.249140342504347245e-11
8.387986832891769495e-11
7.522363287826294709e-11
6.655780787623299943e-11
5.791669227539486542e-11
4.933344704971531769e-11
4.084013682792431155e-11
3.246741417384235717e-11
2.424452999472137549e-11
1.619913751749191277e-11
8.357219430377149649e-12
7.430116092700667085e-13
-6.621095165193491283e-12
-1.371463186072841012e-11
-2.051905693967182032e-11
-2.701778904767859757e-11
-3.319628599784962830e-11
-3.904202308668835997e-11
-4.454446186907823346e-11
-4.969507444441134680e-11
-5.448730008850155571e-11
-5.891648974243324233e-11
-6.297991295145521917e-11
-6.667662949544350681e-11
-7.000751367502999756e-11
-7.297506349202009801e-11
-7.558340758828663297e-11
-7.783819422346738293e-11
-7.974648025266262152e-11
-8.131666173749607651e-11
-8.255832822934294768e-11
-8.348224889154209905e-11
-8.410012269921551820e-11
-8.442454374479879675e-11
-8.446893184910209129e-11
-8.424740072232594912e-11
-8.377457061392590276e-11
-8.306555443482466217e-11
-8.213583979621574827e-11
-8.100112247610979921e-11
-7.967726478597114692e-11
-7.818019148730925849e-11
-7.652577876937627366e-11
-7.472977098244015792e-11
-7.280773900442127911e-11
-7.077496921858994483e-11
-6.864637330794565173e-11
-6.643648131632318155e-11
-6.415931674830233078e-11
-6.182841044699571853e-11
-5.945670344953413178e-11
-5.705652270093786171e-11
-5.463956023743499202e-11
-5.221684196143883128e-11
-4.979870335541924931e-11
-4.739475131798620566e-11
-4.501388151112450942e-11
-4.266424713517125156e-11
-4.035330056217922845e-11
-3.808776211089437425e-11
-3.587360963841490502e-11
-3.371614445968340590e-11
-3.161997400025207128e-11
-2.958903261296441656e-11
-2.762660933353089376e-11
-2.573536696248712730e-11
-2.391738716800428932e-11
-2.217416875116562380e-11
-2.050669183073505764e-11
-1.891542478205110456e-11
-1.740037454400766848e-11
-1.596110917045923117e-11
-1.459679946358427571e-11
-1.330627361767477979e-11
-1.208801374968926368e-11
-1.094021921665966346e-11
-9.860830901819994665e-12
-8.847573715331513711e-12
-7.897980880411381577e-12
-7.009423857312624406e-12
-6.179162216624067838e-12
-5.404349277121633932e-12
-4.682081979068275501e-12
-4.009410425193093985e-12
-3.383377996171721414e-12
-2.801041299946294139e-12
-2.259484700034564142e-12
-1.755846227961821437e-12
-1.287330485266746649e-12
-8.512360738163748941e-13
-4.449601223501659097e-13
-6.601507806115042287e-14
2.879656962103543938e-13
6.192113336835058934e-13
9.298100484000926258e-13
1.221705137229023297e-12
1.496691551076956284e-12
1.756415108841724582e-12
2.002368540074406233e-12
2.235897231250838502e-12
2.458194455282058932e-12
2.670311020913640476e-12
2.873158742172643443e-12
3.067510872048484494e-12
3.254017498163785937e-12
3.433204024891334250e-12
3.605486135344060372e-12
3.771172176619819183e-12
3.930477037589197309e-12
4.083522582576382121e-12
4.230352613349142032e-12
4.370940675374468398e-12
4.505195261989003441e-12
4.632974559548586058e-12
4.754092085279548741e-12
4.868319723044800540e-12
4.975402902174241859e-12
5.075066668996930375e-12
5.167021324692377959e-12
5.250971532588799562e-12
5.326619353929196166e-12
5.393672921488734673e-12
5.451853812149520806e-12
5.500897046900599108e-12
5.540563667583153773e-12
5.570632496953997759e-12
5.590920955367284506e-12
5.601269881944093143e-12
5.601561749168926241e-12
5.591718060804495849e-12
5.571696316125640536e-12
5.541499550898443260e-12
5.501172434252410426e-12
5.450807340212637797e-12
5.390535674082430617e-12
5.320533943975469526e-12
5.241022459773203579e-12
5.152263598401374267e-12
5.054558334383063567e-12
4.948250142966514886e-12
4.833716326507753180e-12
4.711370182874929924e-12
4.581657102320502162e-12
4.445050664353411563e-12
4.302054372462560394e-12
4.153192980499431641e-12
3.999013793720695986e-12
3.840081030936914885e-12
3.676976258193409564e-12
3.510292750918964089e-12
3.340632891840611407e-12
3.168608170983633343e-12
2.994833330979829178e-12
2.819928318631426123e-12
2.644514164942823875e-12
2.469212551439725623e-12
2.294645810169138045e-12
2.121433671092853857e-12
1.950194996810927783e-12
1.781546047838200586e-12
1.616101892067123291e-12
1.454473585842108729e-12
1.297270017103224760e-12
1.145097905386194270e-12
9.985621270830469243e-13
8.582646312399466737e-13
7.248044395571917597e-13
5.987776463892147127e-13
4.807766055929529880e-13
3.713892529014911625e-13
2.711974796208022065e-13
1.807758451396676569e-13
1.006896253657671436e-13
3.149326096131901953e-14
-2.627358305419026652e-14
-7.208806712373852510e-14
-1.054487375781558434e-13
-1.258788944391228681e-13
-1.329313043104893288e-13
-1.261934350418880690e-13
-1.052922194420304047e-13
-6.989942207945992747e-14
-1.973742621164814581e-14
4.541466418965349472e-14
1.257155051717293026e-13
2.212551160080816759e-13
3.320487331273658249e-13
4.580313992669227119e-13
5.990516784883104240e-13
7.548663300341318383e-13
9.251352938929868763e-13
1.109416920309913568e-12
1.307163687187806733e-12
1.517719218531443648e-12
1.740314815000532089e-12
1.974066960244713620e-12
2.217977320903563587e-12
2.470930578202246153e-12
2.731698547919769737e-12
2.998937036202686812e-12
3.271192127937694316e-12
3.546904089879454602e-12
3.824410840097547393e-12
4.101955754232111673e-12
4.377695254909053091e-12
4.649708135878727333e-12
4.916005970356795984e-12
5.174543085684213395e-12
5.423229140072427512e-12
5.659946036157270655e-12
5.882558763020684367e-12
6.088932743425479188e-12
6.276951614730963414e-12
6.444528070914667950e-12
6.589633352871437921e-12
6.710302018902991605e-12
6.804661868697881033e-12
6.870944785353216844e-12
6.907509720460724978e-12
6.912857005575423486e-12
6.885649168897334249e-12
6.824723512016683813e-12
6.729115528680829073e-12
6.598068445773375146e-12
6.431046233740245199e-12
6.227748351739226251e-12
5.988119288619087044e-12
5.712357236536957927e-12
5.400919728809627784e-12
5.054529711445709950e-12
4.674177277869118186e-12
4.261122704685149643e-12
3.816887778063104975e-12
3.343255576895853842e-12
2.842263967586800000e-12
2.316192376783376972e-12
1.767552358818147429e-12
1.199072416878388392e-12
6.136804389308969654e-13
1.448555427626015135e-14
-5.952420631047394828e-13
-1.212095311273198028e-12
-1.832553423244953628e-12
-2.453008933131495262e-12
-3.069794201823738966e-12
-3.679210148349598697e-12
-4.277551837045256988e-12
-4.861141437301208512e-12
-5.426356846499613695e-12
-5.969657927706872869e-12
-6.487621637824014798e-12
-6.976962410587539409e-12
-7.434564248953723364e-12
-7.857505444908152725e-12
-8.243081564551779650e-12
-8.588830167910455060e-12
-8.892549023531426400e-12
-9.152316057803311367e-12
-9.366504967467381704e-12
-9.533799097405371015e-12
-9.653203583703806601e-12
-9.724051425186175379e-12
-9.746002616051185896e-12
-9.719058891022314128e-12
-9.643553317006947623e-12
-9.520153762543337450e-12
-9.349846417927576425e-12
-9.133939264660551061e-12
-8.874036921957539903e-12
-8.572038044662999567e-12
-8.230110169760163075e-12
-7.850678440668446001e-12
-7.436393514859140907e-12
-6.990117252386740532e-12
-6.514894960313322159e-12
-6.013931540260752939e-12
-5.490564600196812250e-12
-4.948234964136100089e-12
-4.390459350245290437e-12
-3.820801747905777646e-12
-3.242847180021102282e-12
-2.660170044313514559e-12
-2.076311345078352133e-12
-1.494748335523210514e-12
-9.188712074212346259e-13
-3.519574497297395244e-13
2.028501607138910590e-13
7.425649721851113050e-13
1.264374997929362809e-12
1.765661618649549958e-12
2.244014869756671970e-12
2.697244337601656383e-12
3.123392169901428872e-12
3.520740556733903404e-12
3.887818886272320640e-12
4.223408515274806874e-12
4.526541034360898053e-12
4.796501303777622738e-12
5.032823116590812162e-12
5.235285295557279284e-12
5.403905621592652864e-12
5.538932160153997586e-12
5.640829383452006240e-12
5.710274701004047770e-12
5.748139811356800521e-12
5.755475956936706439e-12
5.733500913623901241e-12
5.683584245602668616e-12
5.607228223403204481e-12
5.506052645071202178e-12
5.381776621571354724e-12
5.236199061148250067e-12
5.071186959942908246e-12
4.888651115864117713e-12
4.690537021290186459e-12
4.478802745344623304e-12
4.255403321384854110e-12
4.022279037618758935e-12
3.781339390912519249e-12
3.534451594247589590e-12
3.283426698932889742e-12
3.030009186263948884e-12
2.775866559182049720e-12
2.522582186539890081e-12
2.271645762122465051e-12
2.024447883636204537e-12
1.782273981176807354e-12
1.546301281463158261e-12
1.317595555230810511e-12
1.097108731987206376e-12
8.856786289611340290e-13
6.840297100442482847e-13
4.927731400011792218e-13
3.124096576052892704e-13
1.433315814126923105e-13
-1.417294236751584849e-14
-1.599152803450146210e-13
-2.938023901857128584e-13
-4.158306999516719893e-13
-5.260809149421064035e-13
-6.247114370944162332e-13
-7.119524154247658387e-13
-7.880982108229850347e-13
-8.535015142557833556e-13
-9.085673294446927617e-13
-9.537442450385791304e-13
-9.895192304432143260e-13
-1.016411130608241287e-12
-1.034963022401858002e-12
-1.045738040432453442e-12
-1.049311137112096670e-12
-1.046265179528715894e-12
-1.037186287376756777e-12
-1.022657653004799272e-12
-1.003255855128171170e-12
-9.795459799191719164e-13
-9.520773926185999159e-13
-9.213828701740145455e-13
-8.879746981119152061e-13
-8.523402253088341318e-13
-8.149420266216622633e-13
-7.762152465923266575e-13
-7.365659189344231361e-13
-6.963703160119127933e-13
-6.559741356874926321e-13
-6.156932602641163044e-13
-5.758122928120612549e-13
-5.365857497913184559e-13
-4.982385489425700253e-13
-4.609674729601220822e-13
-4.249414947525564923e-13
-3.903036476914784059e-13
-3.571725163895034250e-13
-3.256435648479188982e-13
-2.957907356548883371e-13
-2.676682931291446410e-13
-2.413121785727057045e-13
-2.167415281539158967e-13
-1.939600959227974486e-13
-1.729575819587117480e-13
-1.537109876230749461e-13
-1.361857133140575993e-13
-1.203365749061213741e-13
-1.061089692673544693e-13
-9.343993135658978932e-14
-8.225916421546880519e-14
-7.249018415698624263e-14
-6.405145240150761365e-14
-5.685775743453913567e-14
-5.082153298999365909e-14
-4.585439287389109220e-14
-4.186874710322176230e-14
-3.877930623646073938e-14
-3.650472461748550945e-14
-3.496913519927639935e-14
-3.410331844938378765e-14
-3.384589497231783872e-14
-3.414410477985997672e-14
-3.495427146511798089e-14
-3.624176832120809544e-14
-3.798079133642516536e-14
-4.015345795118675787e-14
-4.274878723036466821e-14
-4.576130395298784459e-14
-4.918928694810746627e-14
-5.303305808824348988e-14
-5.729325434217225066e-14
-6.196895752617892494e-14
-6.705625773617898688e-14
-7.254693536445228075e-14
-7.842754630405998628e-14
-8.467869688864176902e-14
-9.127490836714421962e-14
-9.818475242909241452e-14
-1.053713458718311125e-13
-1.127930417794097140e-13
-1.204044866197004349e-13
-1.281575621450356528e-13
-1.360026864348148901e-13
-1.438894982981261950e-13
-1.517677856218563326e-13
-1.595880681293584957e-13
-1.673018955360497384e-13
-1.748618611019381319e-13
-1.822213576861339557e-13
-1.893339543306005179e-13
-1.961527457388506646e-13
-2.026297559647519120e-13
-2.087149626305712102e-13
-2.143555650905085153e-13
-2.194957540377351357e-13
-2.240762507184704266e-13
-2.280340900915472924e-13
-2.313032306921342096e-13
-2.338150018651313777e-13
-2.354992286249246725e-13
-2.362851396747051025e-13
-2.361029937097275377e-13
-2.348852991447547556e-13
-2.325685759425877297e-13
-2.290947108667812371e-13
-2.244124482596310255e-13
-2.184782031938031777e-13
-2.112575522503212788e-13
-2.027257214095440352e-13
-1.928681823623601410e-13
-1.816807609304055271e-13
-1.691703824550569446e-13
-1.553545839064543466e-13
-1.402617171714082289e-13
-1.239311929988884398e-13
-1.064137046167222544e-13
-8.777130904675731204e-14
-6.807792854836638985e-14
-4.741985206195217795e-14
-2.589668388584820402e-14
-3.622042478500318158e-15
1.927541547870007671e-14
4.265086683353028207e-14
6.634284593041994693e-14
9.017244416431591247e-14
1.139431431151916030e-13
1.374407179862910389e-13
1.604336238511527846e-13
1.826743509063255555e-13
2.039007255139752006e-13
2.238384851820443555e-13
2.422034740736517255e-13
2.587051124540440394e-13
2.730498932426023151e-13
2.849452444830813391e-13
2.941037441795552043e-13
3.002474842101615637e-13
3.031123800307372607e-13
3.024521822228565249e-13
2.980427319873579783e-13
2.896855390115138373e-13
2.772118201221224210e-13
2.604851826858850528e-13
2.394049856361407658e-13
2.139084265620483372e-13
1.839730082685286927e-13
1.496180702118335426e-13
1.109066587482929189e-13
6.794677396681353398e-14
2.089176101810041181e-14
-3.005877339569418272e-14
-8.465871368735014557e-14
-1.426156420606186637e-13
-2.035903590895740689e-13
-2.671989149036213540e-13
-3.330127514890313112e-13
-4.005612573403094512e-13
-4.693322011410649974e-13
-5.387755671291960535e-13
-6.083063198124294413e-13
-6.773090118275537641e-13
-7.451399523447643780e-13
-8.111334954402638076e-13
-8.746067021656034335e-13
-9.348652494495235388e-13
-9.912091763694674817e-13
-1.042939606205051106e-12
-1.089365143230880406e-12
-1.129809895812627918e-12
-1.163618463737026154e-12
-1.190164720249464736e-12
-1.208858425687242555e-12
-1.219151299011733691e-12
-1.220543739861856825e-12
-1.212591984288413638e-12
-1.194912441562778760e-12
-1.167187440448413938e-12
-1.129171842834120199e-12
-1.080694995297948324e-12
-1.021666150118061278e-12
-9.520766336770791760e-13
-8.720025569675105004e-13
-7.816063334747935798e-13
-6.811366249671879647e-13
-5.709302388495762770e-13
-4.514107729107486033e-13
-3.230860674482971540e-13
-1.865469177785364363e-13
-4.246327275263597767e-14
1.084204069839306284e-13
2.652881712049415253e-13
4.272595189973305008e-13
5.933949078634759289e-13
7.627024012357708216e-13
9.341457728878621580e-13
1.106650903727468549e-12
1.279116135927127473e-12
1.450419428658533683e-12
1.619427465390788079e-12
1.785004219087560351e-12
1.946021035287293088e-12
2.101364221518409181e-12
2.249943937757126200e-12
2.390704604768312258e-12
2.522632059839824414e-12
2.644761363038150570e-12
2.756183085581009884e-12
2.856053284497339639e-12
2.943597839435985186e-12
3.018118957878734854e-12
3.078998644587271905e-12
3.125706291018381933e-12
3.157798024802649373e-12
3.174926033883140875e-12
3.176835530749322345e-12
3.163366270320100426e-12
3.134455368869470959e-12
3.090137087186084486e-12
3.030541095849770272e-12
2.955889873146322344e-12
2.866499789269671972e-12
2.762774601108852757e-12
2.645206753290607615e-12
2.514368487721574397e-12
2.370908807822202924e-12
2.215550009079803040e-12
2.049081390675944192e-12
1.872353400794724010e-12
1.686270589308647150e-12
1.491787054129500856e-12
1.289899393894233803e-12
1.081640961693441927e-12
8.680741130258351479e-13
6.502823995425954795e-13
4.293666117094474544e-13
2.064356172983006221e-13
-1.739851752252663530e-14
-2.410275755024282596e-13
-4.633541272024144231e-13
-6.832963556947790895e-13
-8.997946159862435511e-13
-1.111816584978275735e-12
-1.318363387209364745e-12
-1.518474040083928056e-12
-1.711230332782087693e-12
-1.895761542539120548e-12
-2.071247253571106839e-12
-2.236922886506009789e-12
-2.392082192048672340e-12
-2.536079636225596623e-12
-2.668334954034068396e-12
-2.788332498920853553e-12
-2.895627097473929545e-12
-2.989841230496836921e-12
-3.070669369817369265e-12
-3.137878845649311188e-12
-3.191306593985920870e-12
-3.230864577610792487e-12
-3.256535232448731776e-12
-3.268372551767928513e-12
-3.266500351456480544e-12
-3.251113137384131768e-12
-3.222471118072278706e-12
-3.180899120491798016e-12
-3.126785939541742998e-12
-3.060578266517177681e-12
-2.982781556470914808e-12
-2.893953956681349915e-12
-2.794702403524640388e-12
-2.685679803549056999e-12
-2.567580696666293960e-12
-2.441138870906689462e-12
-2.307119122482714779e-12
-2.166313352661153324e-12
-2.019537531997017688e-12
-1.867624544599211234e-12
-1.711421477625096887e-12
-1.551782357125941481e-12
-1.389564570179746550e-12
-1.225622034417561679e-12
-1.060802053837184289e-12
-8.959387593800161032e-13
-7.318490973830249491e-13
-5.693275169880995801e-13
-4.091425820102606581e-13
-2.520317938722871354e-13
-9.869761393799594829e-14
5.019597882965562419e-14
1.940273029049643938e-13
3.322199015453469739e-13
4.642450703376543863e-13
5.896243779682230901e-13
7.079317600883205941e-13
8.187945222011550062e-13
9.218949388600794492e-13
1.016970795769678304e-12
1.103815606626201706e-12
1.182278233646805177e-12
1.252262833359440997e-12
1.313726796618730486e-12
1.366681290707050245e-12
1.411186380424755971e-12
1.447351787031703196e-12
1.475333201959860840e-12
1.495329251047228247e-12
1.507579976654793708e-12
1.512361633496106528e-12
1.509985170754235551e-12
1.500791136331558473e-12
1.485147508445416875e-12
1.463444708298122787e-12
1.436092347470441233e-12
1.403516083735290021e-12
1.366152633727746313e-12
1.324447496120484402e-12
1.278850181134216779e-12
1.229811391612045668e-12
1.177779553572511073e-12
1.123197455182856075e-12
1.066499753094030112e-12
1.008109719834171525e-12
9.484374006649143318e-13
8.878766320254138922e-13
8.268037946998485488e-13
7.655761875141608996e-13
7.045291542003007113e-13
6.439763002366594158e-13
5.842080291751372556e-13
5.254906752794052949e-13
4.680665035249054196e-13
4.121528693421666611e-13
3.579428149280000637e-13
3.056050421404443718e-13
2.552839667088746545e-13
2.071006127007946063e-13
1.611535340936831595e-13
1.175195466114609122e-13
7.625460186249169436e-14
3.739524762438363459e-14
9.596646123165991638e-16
-3.305093422252894375e-14
-6.465092811146558316e-14
-9.386886206481578898e-14
-1.207460374090876809e-13
-1.453349566344838695e-13
-1.676980223522944735e-13
-1.879059652017470161e-13
-2.060365631361901761e-13
-2.221733403804868057e-13
-2.364042934934612594e-13
-2.488205225626566319e-13
-2.595154180527053933e-13
-2.685832242374508461e-13
-2.761181853907362926e-13
-2.822138139499386078e-13
-2.869618876289586895e-13
-2.904517175817550312e-13
-2.927697689315833518e-13
-2.939990102496931046e-13
-2.942185069795127950e-13
-2.935030961759982349e-13
-2.919232780854152942e-13
-2.895447282543622824e-13
-2.864286498954760063e-13
-2.826313944166713998e-13
-2.782046240514673974e-13
-2.731955286994214305e-13
-2.676468259261294280e-13
-2.615968964884973769e-13
-2.550801367004473796e-13
-2.481272023784064640e-13
-2.407653069969040160e-13
-2.330186282643864626e-13
-2.249085520687060802e-13
-2.164539706327184287e-13
-2.076717568527328139e-13
-1.985772521894899056e-13
-1.891842937732160501e-13
-1.795060004501983220e-13
-1.695548812030017727e-13
-1.593431468585940203e-13
-1.488831302166870874e-13
-1.381874622325904300e-13
-1.272693159626997472e-13
-1.161427860352573505e-13
-1.048228818740885859e-13
-9.332583940672642409e-14
-8.166914816946577171e-14
-6.987180202911585924e-14
-5.795428563047308468e-14
-4.593864215895679393e-14
-3.384854110324506116e-14
-2.170923082142964256e-14
-9.547547858378396118e-15
2.608166910526496518e-15
1.472817669960577863e-14
2.678145384496857795e-14
3.873586699879374984e-14
5.055832597196385780e-14
6.221500365669735411e-14
7.367149696280855808e-14
8.489313174956866770e-14
9.584511867976805433e-14
1.064928378227865402e-13
1.168020758238186296e-13
1.267392901781530523e-13
1.362718260716072605e-13
1.453682009835977063e-13
1.539982740937292927e-13
1.621335579899199630e-13
1.697474219563080422e-13
1.768152681561052653e-13
1.833146807093954944e-13
1.892257102962049964e-13
1.945308741565024424e-13
1.992153187205247811e-13
2.032669144764673308e-13
2.066763101805924041e-13
2.094369735148107758e-13
2.115450284563558103e-13
2.129994585656908024e-13
2.138018088309115439e-13
2.139562534303821040e-13
2.134695008650447368e-13
2.123505500129310719e-13
2.106105546038905540e-13
2.082627825620089745e-13
2.053223856126468183e-13
2.018062366521133910e-13
1.977327671173409462e-13
1.931218179080859687e-13
1.879945716242933940e-13
1.823731730953362384e-13
1.762807835901242237e-13
1.697413639766692794e-13
1.627797153796670115e-13
1.554212081299535808e-13
1.476917817645057029e-13
1.396178637112777121e-13
1.312263150790929367e-13
1.225444171051165432e-13
1.135998101684833339e-13
1.044204463564527008e-13
9.503459624067220335e-14
8.547075400948747625e-14
7.575767134926011948e-14
6.592419481404182546e-14
5.599920822733396586e-14
4.601153781439749901e-14
3.598980651258604224e-14
2.596226287069052646e-14
1.595657267883417163e-14
5.999594081224990730e-15
-3.882868910431861234e-15
-1.366638278373988671e-14
-2.332817505791215384e-14
-3.284746674420309376e-14
-4.220581878238392759e-14
-5.138747635963572535e-14
-6.037971365295893844e-14
-6.917322346432913660e-14
-7.776242215255801948e-14
-8.614572407196832704e-14
-9.432594137194494355e-14
-1.023104398509971924e-13
-1.101114235598291136e-13
-1.177460635503474462e-13
-1.252367214923597039e-13
-1.326108819109383941e-13
-1.399012470541111108e-13
-1.471456284726432862e-13
-1.543867030745493807e-13
-1.616719182574027913e-13
-1.690530040173582327e-13
-1.765856205834456794e-13
-1.843288298690112792e-13
-1.923446211332668909e-13
-2.006970165144977836e-13
-2.094515831390850180e-13
-2.186745657597674586e-13
-2.284319651837951604e-13
-2.387887793314086293e-13
-2.498079596912478051e-13
-2.615494897485054482e-13
-2.740693956504447470e-13
-2.874187162143354568e-13
-3.016426626707702230e-13
-3.167792363058946625e-13
-3.328585508350495603e-13
-3.499016397803811351e-13
-3.679196162141573634e-13
-3.869126427667041179e-13
-4.068689016343413067e-13
-4.277636730075362603e-13
-4.495586574445459283e-13
-4.722011627197875150e-13
-4.956226943610142488e-13
-5.197388201240438210e-13
-5.444481671057488370e-13
-5.696316356974817641e-13
-5.951521827446404345e-13
-6.208535747141696870e-13
-6.465606045349958642e-13
-6.720782242362888237e-13
-6.971915991575705629e-13
-7.216661621588238429e-13
-7.452469630991886973e-13
-7.676596446189176692e-13
-7.886106589798103084e-13
-8.077874306955390438e-13
-8.248603080955596578e-13
-8.394822922745681648e-13
-8.512914765473889034e-13
-8.599123474915815191e-13
-8.649575196709169411e-13
-8.660303377205913478e-13
-8.627268279111366400e-13
-8.546385170740689041e-13
-8.413557394185144922e-13
-8.224703470366412361e-13
-7.975792877708276496e-13
-7.662875325595286391e-13
-7.282130627672689371e-13
-6.829897433204001889e-13
-6.302719305663340155e-13
-5.697385380316888348e-13
-5.010974816511970520e-13
-4.240902334168294985e-13
-3.384964563420828076e-13
-2.441387207414297267e-13
-1.408873560350409893e-13
-2.866540419746085866e-14
9.254656231898888974e-14
2.227055481219056277e-13
3.617012830740840013e-13
5.093521091015240643e-13
6.654003520054074805e-13
8.295083912292222639e-13
1.001255718960369911e-12
1.180135524893322074e-12
1.365553828867882569e-12
1.556826932994082036e-12
1.753182343224024553e-12
1.953758118830584145e-12
2.157606341854356735e-12
2.363693659204746389e-12
2.570907679452782979e-12
2.778061418060029375e-12
2.983896983665967895e-12
3.187096420109725159e-12
3.386287561121803513e-12
3.580053788143633398e-12
3.766942920785387727e-12
3.945478492528575742e-12
4.114168641183857389e-12
4.271520637200154624e-12
4.416048256239424319e-12
4.546286524326204059e-12
4.660802126188468009e-12
4.758205982002827739e-12
4.837163655735388090e-12
4.896407064525210018e-12
4.934746621748642426e-12
4.951082079041047024e-12
4.944413801999392177e-12
4.913851010118763796e-12
4.858624787218435159e-12
4.778096321378377809e-12
4.671766879599248412e-12
4.539284746696292672e-12
4.380454332597594203e-12
4.195241810195371457e-12
3.983782921601619620e-12
3.746384279190717592e-12
3.483528786610290418e-12
3.195878240866423248e-12
2.884272248121488857e-12
2.549727573172844153e-12
2.193435971048485200e-12
1.816758440735533053e-12
1.421220129430023071e-12
1.008502201020611277e-12
5.804328372105427292e-13
1.389765310211982241e-13
-3.137780833772918498e-13
-7.756316205628777105e-13
-1.244287550598854875e-12
-1.717368326541179879e-12
-2.192430915634591138e-12
-2.666983821286716960e-12
-3.138500527175014376e-12
-3.604444217056301802e-12
-4.062276556804356176e-12
-4.509481763698142132e-12
-4.943579833688316327e-12
-5.362146490717201175e-12
-5.762829016070503130e-12
-6.143361427207727488e-12
-6.501582692358676141e-12
-6.835452343034731371e-12
-7.143063050774056677e-12
-7.422656239652880572e-12
-7.672636831435042382e-12
-7.891581485508503135e-12
-8.078253344034891370e-12
-8.231608103481669048e-12
-8.350800953516035463e-12
-8.435199587430997070e-12
-8.484382467421891505e-12
-8.498144028756815516e-12
-8.476493812414886975e-12
-8.419660801894934821e-12
-8.328085616959857163e-12
-8.202413574742717373e-12
-8.043497291831958051e-12
-7.852379337036641260e-12
-7.630290496662972544e-12
-7.378629825194327196e-12
-7.098961609525167304e-12
-6.792996720683674994e-12
-6.462578736043944616e-12
-6.109668326814698958e-12
-5.736331982336695390e-12
-5.344718591315800182e-12
-4.937049900843870631e-12
-4.515601000759650319e-12
-4.082686445860961300e-12
-3.640640306584730368e-12
-3.191802508059615739e-12
-2.738503651275592254e-12
-2.283050051093971078e-12
-1.827706389012639931e-12
-1.374684654303903741e-12
-9.261301578064595752e-13
-4.841074372971543305e-13
-5.058863619894840569e-14
3.725574807423442936e-13
7.835758951413307472e-13
1.180832558470013005e-12
1.562825606774009835e-12
1.928192848443810448e-12
2.275713905514065161e-12
2.604319537802268769e-12
2.913091209227891554e-12
3.201266291982807211e-12
3.468237632850423857e-12
3.713551167960904564e-12
3.936907657514643333e-12
4.138161167899223614e-12
4.317309964391169430e-12
4.474493692230296915e-12
4.609990340853631352e-12
4.724204534511944331e-12
4.817660593375849842e-12
4.890997329365376345e-12
4.944957204128241912e-12
4.980373752294653400e-12
4.998162474179057568e-12
4.999315197928844157e-12
4.984881431246979133e-12
4.955962723540707771e-12
4.913700956538091802e-12
4.859265333861939595e-12
4.793842840050688281e-12
4.718626531174940908e-12
4.634806427539217566e-12
4.543561707426313490e-12
4.446041625139063314e-12
4.343368113085555038e-12
4.236620169267846236e-12
4.126828219430667133e-12
4.014966310805778704e-12
3.901943872175461792e-12
3.788604412829910117e-12
3.675716415268981407e-12
3.563971166797852419e-12
3.453977989037460006e-12
3.346264021084066620e-12
3.241270750062308359e-12
3.139352710082587983e-12
3.040782686411502844e-12
2.945746294460982462e-12
2.854343497671329999e-12
2.766599015852078125e-12
2.682460373618078542e-12
2.601796599346895000e-12
2.524411452445307624e-12
2.450042989668443916e-12
2.378371371375420651e-12
2.309025149901944296e-12
2.241586690571173435e-12
2.175597592704581196e-12
2.110566279037162651e-12
2.045976452494380204e-12
1.981292734043460513e-12
1.915968252108601888e-12
1.849455701433133648e-12
1.781206042036909132e-12
1.710679991759334051e-12
1.637356049355442877e-12
1.560740360735668464e-12
1.480367044226493789e-12
1.395803611581314385e-12
1.306663436305421921e-12
1.212600983166445268e-12
1.113327962806720528e-12
1.008607477051559620e-12
8.982651861916268743e-13
7.821862732168560761e-13
6.603225995507888690e-13
5.326910245372074026e-13
3.993784198751820780e-13
2.605385796428799638e-13
1.163946868575072013e-13
-3.276313275584266660e-14
-1.865781156960497067e-13
-3.446283243589004508e-13
-5.064291000445031443e-13
-6.714362681299601565e-13
-8.390509966503534311e-13
-1.008623631663929654e-12
-1.179457248014215143e-12
-1.350812690870117905e-12
-1.521914213577224562e-12
-1.691956253921378384e-12
-1.860108855139541717e-12
-2.025523845872179152e-12
-2.187342537998682168e-12
-2.344700171866276328e-12
-2.496737408833049621e-12
-2.642601632310559445e-12
-2.781458223466426460e-12
-2.912493380149983047e-12
-3.034927127318343132e-12
-3.148012883355533198e-12
-3.251047217892044650e-12
-3.343376790698737722e-12
-3.424400953772055445e-12
-3.493578907068362049e-12
-3.550436420557412376e-12
-3.594566484743655366e-12
-3.625632996953620513e-12
-3.643376399187214787e-12
-3.647615629681633109e-12
-3.638250724996572316e-12
-3.615258700045975715e-12
-3.578703089077150956e-12
-3.528727874138604115e-12
-3.465555099835260222e-12
-3.389488776456284214e-12
-3.300908157921611519e-12
-3.200269910186293032e-12
-3.088100521825287714e-12
-2.964996087193028096e-12
-2.831612114922998913e-12
-2.688663094246868113e-12
-2.536917724504927918e-12
-2.377193277294797902e-12
-2.210344754449700133e-12
-2.037264671198024679e-12
-1.858871563620301259e-12
-1.676105868680943800e-12
-1.489922660073694782e-12
-1.301286010370328317e-12
-1.111159124780880525e-12
-9.205006548662630905e-13
-7.302542901974073963e-13
-5.413455057487470690e-13
-3.546747856346399441e-13
-1.711109417134801247e-13
8.514244742726349846e-15
1.834108629946221147e-13
3.528352740186924130e-13
5.160942203111251736e-13
6.725490932397992783e-13
8.216189230705883695e-13
9.627837806516770236e-13
1.095585102674212497e-12
1.219627805866541070e-12
1.334582292768227152e-12
1.440182608586360047e-12
1.536227416977509197e-12
1.622579891627506932e-12
1.699164572065148260e-12
1.765968231023928858e-12
1.823034995532268887e-12
1.870464286929385267e-12
1.908408760881163957e-12
1.937070946353425249e-12
1.956699342484102822e-12
1.967583431253250303e-12
1.970050208036089323e-12
1.964461362677361045e-12
1.951207424799594747e-12
1.930703426994417882e-12
1.903386085896907609e-12
1.869708164334293876e-12
1.830134568198138467e-12
1.785137467534558819e-12
1.735194670240969295e-12
1.680783225273263515e-12
1.622377145821252142e-12
1.560445566164969655e-12
1.495447429084029167e-12
1.427828992192625712e-12
1.358022743737363758e-12
1.286443607889653507e-12
1.213488836325493647e-12
1.139536381922212627e-12
1.064941537731733945e-12
9.900376959220968942e-13
9.151362393572393117e-13
8.405246984533043531e-13
7.664674016999439843e-13
6.932055298704276058e-13
6.209570618115334284e-13
5.499177502255037098e-13
4.802614469306965006e-13
4.121416207446271240e-13
3.456921435305432277e-13
2.810284557147602058e-13
2.182485556211435918e-13
1.574345715642591625e-13
9.865366986869239518e-14
4.195980653318338860e-14
-1.260485229512059088e-14
-6.500868772333148748e-14
-1.152292101796667523e-13
-1.632517499005128880e-13
-2.090682228034212997e-13
-2.526760539082323342e-13
-2.940770457010577488e-13
-3.332767547180315315e-13
-3.702831227400671388e-13
-4.051059075867169401e-13
-4.377562494353032241e-13
-4.682460474046690191e-13
-4.965872548237659778e-13
-5.227919334417630015e-13
-5.468719010623401822e-13
-5.688387586487431147e-13
-5.887038361136742726e-13
-6.064781381091843837e-13
-6.221728319176500488e-13
-6.357992474517737413e-13
-6.473694193556700505e-13
-6.568961954250829294e-13
-6.643940497590150596e-13
-6.698792453900537236e-13
-6.733704848056742964e-13
-6.748887473179143726e-13
-6.744589695767411186e-13
-6.721092324184219091e-13
-6.678721161182399335e-13
-6.617848088107114446e-13
-6.538894317502375042e-13
-6.442335272020816017e-13
-6.328704379131300239e-13
-6.198591444815659823e-13
-6.052646990377386071e-13
-5.891583878744888203e-13
-5.716177314471493354e-13
-5.527264843735446576e-13
-5.325741475430134653e-13
-5.112564560073862285e-13
-4.888745658293558449e-13
-4.655353251330207609e-13
-4.413502983219297349e-13
-4.164357118689732129e-13
-3.909117224799169010e-13
-3.649022273580215803e-13
-3.385338071069249333e-13
-3.119352649447182380e-13
-2.852369219725342520e-13
-2.585700208633523456e-13
-2.320658042901518892e-13
-2.058546611167014206e-13
-1.800655165338366226e-13
-1.548249646977223337e-13
-1.302564826832774969e-13
-1.064795631224371708e-13
-8.360911789295766283e-14
-6.175461075667854072e-14
-4.101942716700987535e-14
-2.150019494850854279e-14
-3.286184597551568276e-15
1.354129465215526615e-14
2.890934629813830814e-14
4.275396429573828649e-14
5.502051586689024609e-14
6.566391853000952405e-14
7.464897976020359871e-14
8.195061382970658670e-14
8.755391973491039037e-14
9.145414731504680761e-14
9.365681244866835842e-14
9.417737856926011730e-14
9.304114146875888669e-14
9.028296502327365358e-14
8.594680007837154911e-14
8.008533208337179077e-14
7.275945254278659569e-14
6.403757461369979920e-14
5.399506051149451091e-14
4.271356421228604539e-14
3.028013698612962157e-14
1.678649894868572412e-14
2.328116218824069841e-15
-1.299662959718117516e-14
-2.908736551859684993e-14
-4.584267332603288170e-14
-6.316103781482673707e-14
-8.094180436579029303e-14
-9.908611068145181666e-14
-1.174978490154840460e-13
-1.360844217260931410e-13
-1.547577983731368567e-13
-1.734353085409631734e-13
-1.920401907157601173e-13
-2.105025409624566857e-13
-2.287599634460263376e-13
-2.467579634547745204e-13
-2.644505979216421609e-13
-2.818007329222216306e-13
-2.987803960404628034e-13
-3.153711016293248015e-13
-3.315636068652871860e-13
-3.473581285887844539e-13
-3.627644517244232869e-13
-3.778009806040816265e-13
-3.924951726477776681e-13
-4.068825083716059998e-13
-4.210062203371944811e-13
-4.349166155253464394e-13
-4.486700453439768088e-13
-4.623280382663741417e-13
-4.759564053644083081e-13
-4.896242916316295712e-13
-5.034023328395753616e-13
-5.173619237013038497e-13
-5.315736999883524661e-13
-5.461058580173705490e-13
-5.610227993974037375e-13
-5.763836673569611158e-13
-5.922401783396702424e-13
-6.086354835919960404e-13
-6.256024886498734450e-13
-6.431616849343624320e-13
-6.613201197595841574e-13
-6.800693905587018584e-13
-6.993838017402276286e-13
-7.192194973262844293e-13
-7.395124009684783672e-13
-7.601769691154003361e-13
-7.811052152306707796e-13
-8.021655171705499576e-13
-8.232009366705705933e-13
-8.440295446061896190e-13
-8.644430657400725693e-13
-8.842072581928539510e-13
-9.030607750308561332e-13
-9.207161942581532088e-13
-9.368602898671141155e-13
-9.511540860485112603e-13
-9.632349171756482420e-13
-9.727168072751202210e-13
-9.791929636918106361e-13
-9.822374033921499326e-13
-9.814073382088950304e-13
-9.762463190274295322e-13
-9.662867294507604399e-13
-9.510539057677735997e-13
-9.300699316608374012e-13
-9.028572702830806040e-13
-8.689440226389288924e-13
-8.278678849220344471e-13
-7.791819489968987433e-13
-7.224595270985401108e-13
-6.573001691545510283e-13
-5.833350837959605517e-13
-5.002325593680967408e-13
-4.077042794082413879e-13
-3.055113399676873120e-13
-1.934694266771119775e-13
-7.145508956665075351e-14
6.058917473641955986e-14
2.026493935766010557e-13
3.546353477806157839e-13
5.163761128759714047e-13
6.876154376792009693e-13
8.680092235258118905e-13
1.057121621142464996e-12
1.254423214608335613e-12
1.459289611892289340e-12
1.671000143810275063e-12
1.888738948227497438e-12
2.111594753217982401e-12
2.338563587570008373e-12
2.568552358653275469e-12
2.800380587142381472e-12
3.032786695389422249e-12
3.264434078956157670e-12
3.493918479188784509e-12
3.719773187388364377e-12
3.940480754194286561e-12
4.154480145318606432e-12
4.360181053014722252e-12
4.555969750769106597e-12
4.740224272131721150e-12
4.911330023227300501e-12
5.067687155330125037e-12
5.207726177375304744e-12
5.329922701108325001e-12
5.432811318872854400e-12
5.514999915079421555e-12
5.575180941908008947e-12
5.612148766542812695e-12
5.624811380555705398e-12
5.612199940885354010e-12
5.573489152838062566e-12
5.508001173215593127e-12
5.415217319698628629e-12
5.294790213911104715e-12
5.146549419271506665e-12
4.970508813567642292e-12
4.766872226807938873e-12
4.536036043306657106e-12
4.278593104811712067e-12
3.995334878909018173e-12
3.687246254852061256e-12
3.355505977242767557e-12
3.001478622935427332e-12
2.626713083153653372e-12
2.232930203585614670e-12
1.822015628649698016e-12
1.396007224749307163e-12
9.570831540489654898e-13
5.075463161731408324e-13
4.980893220660545517e-14
-4.136233998537630629e-13
-8.801707735046904180e-13
-1.347197635566399487e-12
-1.812032403465668740e-12
-2.271987719487666979e-12
-2.724381050617230571e-12
-3.166555559430683786e-12
-3.595900053415812536e-12
-4.009873162680310799e-12
-4.406016784058719438e-12
-4.781982101964565857e-12
-5.135545200901647789e-12
-5.464626581103138037e-12
-5.767306771042868263e-12
-6.041841072584874794e-12
-6.286674739813813417e-12
-6.500456423141898199e-12
-6.682045975564543383e-12
-6.830523126277743273e-12
-6.945196587976321112e-12
-7.025608393662619022e-12
-7.071534330327367002e-12
-7.082987408396634876e-12
-7.060218729093570289e-12
-7.003704907693197868e-12
-6.914155446097192126e-12
-6.792492783513903731e-12
-6.639853163820097492e-12
-6.457571023049668568e-12
-6.247165545286703647e-12
-6.010332856409839053e-12
-5.748921737963597067e-12
-5.464923218817530071e-12
-5.160452360569722785e-12
-4.837729175588556529e-12
-4.499058244011866492e-12
-4.146811800193050956e-12
-3.783408048657621592e-12
-3.411291648464098714e-12
-3.032915498607513527e-12
-2.650719704497261908e-12
-2.267112929679737654e-12
-1.884456132805745199e-12
-1.505042835150960379e-12
-1.131082640742908652e-12
-7.646875212034831559e-13
-4.078567724438014741e-13
-6.246423463109745944e-14
2.697529157512368325e-13
5.872042760889095714e-13
8.884543491530227932e-13
1.172229522651557776e-12
1.437422555115863698e-12
1.683096262188044090e-12
1.908486606597148416e-12
2.113000746595261603e-12
2.296217686478807529e-12
2.457886108184204055e-12
2.597917323973741865e-12
2.716383108031239502e-12
2.813507890206401463e-12
2.889660299237872820e-12
2.945344705976293831e-12
2.981193417128658041e-12
2.997953447991807963e-12
2.996478933037227677e-12
2.977716163921062531e-12
2.942693614824132275e-12
2.892510016228033720e-12
2.828321778169939904e-12
2.751330196656964766e-12
2.662769744282700302e-12
2.563897445045926204e-12
2.455979213403236550e-12
2.340279662768618429e-12
2.218051914013030590e-12
2.090527403963982067e-12
1.958905260224241829e-12
1.824345795958803862e-12
1.687960752075334803e-12
1.550806900431356272e-12
1.413879863881861709e-12
1.278108912108888440e-12
1.144351865871306995e-12
1.013391519137651908e-12
8.859333622615594983e-13
7.626029256864452766e-13
6.439450752140918333e-13
5.304234699035625944e-13
4.224210770672337523e-13
3.202417443639443695e-13
2.241113111062231766e-13
1.341807253415344681e-13
5.052879840342257289e-14
-2.683408169604738214e-14
-9.796186079122012891e-14
-1.629682581374622408e-13
-2.220221348350065460e-13
-2.753421676857797928e-13
-3.231916416348429300e-13
-3.658728322478849160e-13
-4.037215711478331359e-13
-4.371014726382849158e-13
-4.663981332218847253e-13
-4.920139816400048716e-13
-5.143619905001450832e-13
-5.338612039419710076e-13
-5.509306661051482923e-13
-5.659849759004353942e-13
-5.794290828392556492e-13
-5.916540044351159544e-13
-6.030325978151340749e-13
-6.139150602810228285e-13
-6.246257851227898783e-13
-6.354594584909167843e-13
-6.466785657313622870e-13
-6.585101929891534756e-13
-6.711439130141494402e-13
-6.847293999162618050e-13
-6.993748570723046232e-13
-7.151456618732787707e-13
-7.320631731019822119e-13
-7.501035925207288901e-13
-7.691982901320004729e-13
-7.892332620773601093e-13
-8.100490222172351817e-13
-8.314413610724380455e-13
-8.531621589757953927e-13
-8.749204702743207385e-13
-8.963837159516041542e-13
-9.171798520321572390e-13
-9.368986706240201023e-13
-9.550944020039753291e-13
-9.712889130139568117e-13
-9.849733875744171030e-13
-9.956125550728001095e-13
-1.002647834549841299e-12
-1.005500804146519656e-12
-1.003578080013833862e-12
-9.962753278608404983e-13
-9.829818166037784799e-13
-9.630861646375832308e-13
-9.359810019052283714e-13
-9.010684451186967703e-13
-8.577669824427758272e-13
-8.055164608250509062e-13
-7.437849164695919946e-13
-6.720751884702058643e-13
-5.899309361324933665e-13
-4.969437947081878360e-13
-3.927596908728098191e-13
-2.770860526701141024e-13
-1.496978945967827879e-13
-1.044449815128028689e-14
1.407442142432185905e-13
3.038520769629154961e-13
4.787708315738548048e-13
6.652951301845677623e-13
8.631180080549694100e-13
1.071826438367451395e-12
1.290897944095092953e-12
1.519699296959053925e-12
1.757482180619884815e-12
2.003384871190894145e-12
2.256430068833803482e-12
2.515527283003526904e-12
2.779474567171646981e-12
3.046961554592497734e-12
3.316571843547944098e-12
3.586790153081720334e-12
3.856009695574202922e-12
4.122536947231969506e-12
4.384601622747785754e-12
4.640367517322330215e-12
4.887939445558098228e-12
5.125380155013292693e-12
5.350717698776596976e-12
5.561963216382803665e-12
5.757121775834539434e-12
5.934210154517893798e-12
6.091269849628488942e-12
6.226383124363632504e-12
6.337690355157077349e-12
6.423406511552043341e-12
6.481836768712501140e-12
6.511390385210980014e-12
6.510600652348541573e-12
6.478137904580849593e-12
6.412823830986846829e-12
6.313647521460907797e-12
6.179777609777170611e-12
6.010574416653868823e-12
5.805602092817663262e-12
5.564635557897545937e-12
5.287672643489171875e-12
4.974938429963549069e-12
4.626890450637466401e-12
4.244226064348266547e-12
3.827875950240811065e-12
3.379012130863556784e-12
2.899042767998127879e-12
2.389608042691060419e-12
1.852575818445112432e-12
1.290032859181666769e-12
7.042766435143288373e-13
9.780262537339989848e-14
-5.267070416967167823e-13
-1.166398683367930733e-12
-1.818263421771160182e-12
-2.479152950637941721e-12
-3.145800677242793775e-12
-3.814840804361452342e-12
-4.482827303808889496e-12
-5.146257552046673567e-12
-5.801593580545549855e-12
-6.445286578754538809e-12
-7.073796409740040758e-12
-7.683620233123189536e-12
-8.271308117591136266e-12
-8.833497301685699910e-12
-9.366917831654664184e-12
-9.868434194815201010e-12
-1.033504878900082247e-11
-1.076393141286047239e-11
-1.115243834781676213e-11
-1.149812970530073031e-11
-1.179877723300748471e-11
-1.205239207047181793e-11
-1.225722908587689730e-11
-1.241180335592728667e-11
-1.251489623738111234e-11
-1.256557011219960884e-11
-1.256316578546190499e-11
-1.250731115898240375e-11
-1.239792470075773423e-11
-1.223521110815806168e-11
-1.201967171626794340e-11
-1.175208281384287901e-11
-1.143351038845885626e-11
-1.106529191191585326e-11
-1.064902593189698266e-11
-1.018656946988327761e-11
-9.680026745451097980e-12
-9.131727492228680632e-12
-8.544224355810925431e-12
-7.920269474992469583e-12
-7.262798001894665845e-12
-6.574918560986464655e-12
-5.859885059827929510e-12
-5.121086280729381102e-12
-4.362018992537519679e-12
-3.586274940209355222e-12
-2.797516125002674769e-12
-1.999456373039110169e-12
-1.195838350218081381e-12
-3.904162149820367134e-13
4.130668246685176292e-13
1.210898135234339534e-12
1.999416257558728205e-12
2.775028470902718425e-12
3.534231284366140535e-12
4.273628326223466445e-12
4.989946390115962416e-12
5.680054083329055814e-12
6.340975487739708427e-12
6.969909024934217712e-12
7.564233961421251706e-12
8.121529490590084777e-12
8.639582105285370517e-12
9.116399475594949564e-12
9.550214785658539540e-12
9.939498876732066890e-12
1.028296458399635682e-11
1.057956847128060929e-11
1.082851863731804087e-11
1.102927731783109877e-11
1.118155741608450882e-11
1.128532163552353751e-11
1.134079028602963390e-11
1.134841699779176594e-11
1.130890780326465617e-11
1.122319251423142816e-11
1.109243859959141432e-11
1.091802342978454021e-11
1.070153601151480061e-11
1.044475703843028569e-11
1.014965195222927719e-11
9.818358799595916508e-12
9.453167415518493044e-12
9.056509014948588288e-12
8.630937110842840099e-12
8.179116238460348853e-12
7.703798536595751756e-12
7.207808135067939048e-12
6.694022940123556253e-12
6.165359455606589378e-12
5.624752399957522186e-12
5.075136491616838441e-12
4.519427367066786161e-12
3.960508570405307793e-12
3.401212688228238967e-12
2.844302267671072748e-12
2.292456155461586320e-12
1.748256270653336664e-12
1.214172208954811261e-12
6.925475275719461532e-13
1.855890522641998053e-13
-3.046440324398075328e-13
-7.762490737001082053e-13
-1.227488271617060978e-12
-1.656796553249628712e-12
-2.062785055614857477e-12
-2.444246628013901912e-12
-2.800157458335283955e-12
-3.129678590937934324e-12
-3.432154950869237275e-12
-3.707116644907637593e-12
-3.954272239509171172e-12
-4.173506592403120052e-12
-4.364876082102453481e-12
-4.528601885850358499e-12
-4.665060438641122076e-12
-4.774778662730572165e-12
-4.858421824571745873e-12
-4.916784427516640577e-12
-4.950779803475358065e-12
-4.961428837213510690e-12
-4.949849558011365502e-12
-4.917241093471691471e-12
-4.864876730625855572e-12
-4.794088737103407993e-12
-4.706257085429488285e-12
-4.602795575237017545e-12
-4.485144027011056522e-12
-4.354751368534914846e-12
-4.213069997038854098e-12
-4.061541467731411004e-12
-3.901588253862886546e-12
-3.734601603661014124e-12
-3.561937203522269613e-12
-3.384904335990146507e-12
-3.204757856659079529e-12
-3.022693206844451197e-12
-2.839841859933467383e-12
-2.657264599331687904e-12
-2.475947615335205576e-12
-2.296800987247604731e-12
-2.120654780252140270e-12
-1.948258611730868672e-12
-1.780280350222041008e-12
-1.617305681739233947e-12
-1.459839844494825734e-12
-1.308308387841516929e-12
-1.163059340676675379e-12
-1.024364946165812196e-12
-8.924258359209458202e-13
-7.673741741869022359e-13
-6.492763683467461799e-13
-5.381386525629694439e-13
-4.339108282749859491e-13
-3.364907907432018730e-13
-2.457295976941720195e-13
-1.614363617829031594e-13
-8.338287878087782823e-14
-1.130880294736204966e-14
5.507346220235721790e-14
1.160740340649946134e-13
1.720210616746459253e-13
2.232555774365346801e-13
2.701280497029168171e-13
3.129935004751727146e-13
3.522080901669638608e-13
3.881254313168464032e-13
4.210927938806674486e-13
4.514489097221657810e-13
4.795203947458026583e-13
5.056198515429599638e-13
5.300434028319978008e-13
5.530690922600500770e-13
5.749551767846028394e-13
5.959388798409959165e-13
6.162354155604676809e-13
6.360370671983084367e-13
6.555130787136431714e-13
6.748093295087798094e-13
6.940483344292092127e-13
7.133292437636051808e-13
7.327287648156710631e-13
7.523012703243570076e-13
7.720798284559238223e-13
7.920771785858982117e-13
8.122867612911366386e-13
8.326833688711288151e-13
8.532250427017995520e-13
8.738543742781157420e-13
8.944993725758243475e-13
9.150755240355801234e-13
9.354867141347922299e-13
9.556273957919692030e-13
9.753831856779138221e-13
9.946330868301767048e-13
1.013251006536097787e-12
1.031106406854109814e-12
1.048067015119169554e-12
1.063998715522540550e-12
1.078768368037441583e-12
1.092243483158394923e-12
1.104295691348178288e-12
1.114799116734566109e-12
1.123633846557281490e-12
1.130685280646692714e-12
1.135846408248375461e-12
1.139017916443330058e-12
1.140108949089502222e-12
1.139038191023955537e-12
1.135734084903305963e-12
1.130135481725025315e-12
1.122192291348744764e-12
1.111865590916472080e-12
1.099128383794112374e-12
1.083965057470381854e-12
1.066372034078111319e-12
1.046357553553811659e-12
1.023942107318542849e-12
9.991577877566104604e-13
9.720485050560001561e-13
9.426692282668569511e-13
9.110865274025714555e-13
8.773777060780418857e-13
8.416303136186964462e-13
8.039417113796243353e-13
7.644187474849239994e-13
7.231771605165082661e-13
6.803404953119318588e-13
6.360401571745000204e-13
5.904142192508787801e-13
5.436072056906604555e-13
4.957686279734307977e-13
4.470525512278999969e-13
3.976171063409250639e-13
3.476231075997399111e-13
2.972336732211949828e-13
2.466131411495847692e-13
1.959261474848011941e-13
1.453371250388288405e-13
9.500936143510760323e-14
4.510407414855428787e-14
-4.220403493099701003e-15
-5.280922793786564651e-14
-1.005120330499140180e-13
-1.471833722607729378e-13
-1.926835020748043914e-13
-2.368791740450099104e-13
-2.796441192758764016e-13
-3.208596582870981706e-13
-3.604152566671903202e-13
-3.982088909917219643e-13
-4.341475367142938468e-13
-4.681475476372987110e-13
-5.001348185422471726e-13
-5.300451375554737776e-13
-5.578246198290059965e-13
-5.834294635950754149e-13
-6.068261127964436064e-13
-6.279914739268366297e-13
-6.469126449804019074e-13
-6.635864817708392316e-13
-6.780201942425956307e-13
-6.902303706889101331e-13
-7.002433572225741365e-13
-7.080942277838675469e-13
-7.138268383506674031e-13
-7.174932848373616334e-13
-7.191531983634369407e-13
-7.188734199928270563e-13
-7.167275128429351216e-13
-7.127950573532215728e-13
-7.071609465537920247e-13
-6.999146271238765316e-13
-6.911499367615037137e-13
-6.809642368217627695e-13
-6.694569486438706196e-13
-6.567298788118236530e-13
-6.428861891623338654e-13
-6.280296378433081195e-13
-6.122640372127619024e-13
-5.956927659478417070e-13
-5.784177390527611706e-13
-5.605391368082579540e-13
-5.421548084603988737e-13
-5.233596759093850359e-13
-5.042454626590087141e-13
-4.848999890852412342e-13
-4.654070098059071015e-13
-4.458459426301408790e-13
-4.262913806674095696e-13
-4.068129025921324304e-13
-3.874749913285180369e-13
-3.683369527354013462e-13
-3.494528071860264484e-13
-3.308712895680465671e-13
-3.126357950734154345e-13
-2.947846773539847254e-13
-2.773511401012868083e-13
-2.603637249375123641e-13
-2.438462843104560740e-13
-2.278181983339511163e-13
-2.122949982041183459e-13
-1.972883255417848258e-13
-1.828064473885157581e-13
-1.688547169925377900e-13
-1.554357228865377305e-13
-1.425499936190746664e-13
-1.301960790697428982e-13
-1.183712009704754320e-13
-1.070715646136685684e-13
-9.629262990272502432e-14
-8.602978897841173644e-14
-7.627831200875123674e-14
-6.703397060527083173e-14
-5.829320045332847533e-14
-5.005355870990428613e-14
-4.231361897151508789e-14
-3.507344900079666095e-14
-2.833467510100773357e-14
-2.210060917097207006e-14
-1.637625378727615433e-14
-1.116840554228875487e-14
-6.485574576030935651e-15
-2.337927613210353216e-15
1.262891078367969159e-15
4.303840473568985858e-15
6.770578716408905476e-15
8.647911624000761965e-15
9.919907777156122819e-15
1.057026560328860540e-14
1.058268649442714246e-14
9.941081906771585819e-15
8.630107838482423827e-15
6.635512960222102880e-15
3.944536720640236943e-15
5.463007814743574449e-16
-3.567707432516322927e-15
-8.403267333010038670e-15
-1.396286803220141495e-14
-2.024564936813251503e-14
-2.724669346751158044e-14
-3.495680917582795477e-14
-4.336224237208412269e-14
-5.244440407121964132e-14
-6.217950958807560990e-14
-7.253846503497973774e-14
-8.348681311163771990e-14
-9.498447221898548287e-14
-1.069857974455613869e-13
-1.194394789235525556e-13
-1.322887383404386386e-13
-1.454714441354726384e-13
-1.589201318284716447e-13
-1.725624715820037181e-13
-1.863213901741322953e-13
-2.001155859944481197e-13
-2.138597323319765819e-13
-2.274651821065898361e-13
-2.408402795771313887e-13
-2.538909837576652784e-13
-2.665215053862524108e-13
-2.786347270532923970e-13
-2.901331518784244778e-13
-3.009193100863422066e-13
-3.108965992634771247e-13
-3.199699619843565657e-13
-3.280465092278528338e-13
-3.350364690540841295e-13
-3.408535389701206064e-13
-3.454158075018309848e-13
-3.486464318202403545e-13
-3.504742069476707300e-13
-3.508341891739902296e-13
-3.496682652627536303e-13
-3.469258300775601711e-13
-3.425642744730311717e-13
-3.365493376605160902e-13
-3.288556222041244537e-13
-3.194669192813776037e-13
-3.083766152590233789e-13
-2.955878543233619871e-13
-2.811138095307891271e-13
-2.649779538583391103e-13
-2.472138162581960508e-13
-2.278653340233999236e-13
-2.069865952898305994e-13
-1.846420423241151854e-13
-1.609058887649603142e-13
-1.358619976504077398e-13
-1.096037255637720420e-13
-8.223344151892658660e-14
-5.386207633877558576e-14
-2.460865848119900279e-14
5.400320812141415003e-15
3.603149747424989890e-14
6.714529106333078090e-14
9.859668149200112586e-14
1.302358963945274284e-13
1.619092365604327122e-13
1.934599399081027293e-13
2.247291843717955095e-13
2.555566977653633831e-13
2.857818690894797786e-13
3.152445752357957431e-13
3.437861161113137110e-13
3.712500413425440238e-13
3.974831802675687920e-13
4.223364550876712586e-13
4.456658295442367246e-13
4.673331491754362244e-13
4.872069544678558906e-13
5.051631855879090693e-13
5.210860497435743088e-13
5.348687530208617869e-13
5.464144219556599236e-13
5.556363745842785029e-13
5.624588793849694124e-13
5.668178057992301344e-13
5.686608952823468677e-13
5.679486828752411398e-13
5.646544429943611831e-13
5.587645146923336803e-13
5.502789521792672556e-13
5.392113621924266020e-13
5.255891208366669787e-13
5.094534820046514589e-13
4.908593063263078093e-13
4.698751153789371138e-13
4.465832272124853342e-13
4.210789974080225706e-13
3.934705751322542522e-13
3.638789031375211369e-13
3.324367148747897627e-13
2.992882092330007016e-13
2.645885897531452535e-13
2.285030617412558973e-13
1.912064121400644523e-13
1.528819253268295930e-13
1.137207596970876700e-13
7.392068727962719521e-14
3.368546354397608522e-14
-6.776407150118962316e-15
-4.725263081750523397e-14
-8.752837322122120067e-14
-1.273872636065390140e-13
-1.666126546624735472e-13
-2.049889121294445893e-13
-2.423025159421082764e-13
-2.783431579840567327e-13
-3.129053819436039552e-13
-3.457893964654151775e-13
-3.768026743487112862e-13
-4.057607928039524969e-13
-4.324889242308255222e-13
-4.568227848951444958e-13
-4.786096649209148346e-13
-4.977098377531574691e-13
-5.139971022589950866e-13
-5.273598940348789288e-13
-5.377022069784354041e-13
-5.449440811794437067e-13
-5.490224160714651802e-13
-5.498913499026036877e-13
-5.475229644669177276e-13
-5.419073935246376816e-13
-5.330530938527089369e-13
-5.209869536650091337e-13
-5.057544010325654149e-13
-4.874191328330113038e-13
-4.660625726495004617e-13
-4.417840334010325609e-13
-4.147000939262041053e-13
-3.849436774113618176e-13
-3.526635634996250213e-13
-3.180237377695821488e-13
-2.812021177977380715e-13
-2.423897942169933595e-13
-2.017897703316187674e-13
-1.596159050201370611e-13
-1.160916794553518150e-13
-7.144861145867015262e-14
-2.592508490056964071e-14
2.023513091299351113e-14
6.678436693637393451e-14
1.134725045046428016e-13
1.600485558970674016e-13
2.062621720557572536e-13
2.518651519983761133e-13
2.966128319521754708e-13
3.402656303420903416e-13
3.825904979111449666e-13
4.233620290276796094e-13
4.623641421987179090e-13
4.993907848013789952e-13
5.342472883355930957e-13
5.667515068363826458e-13
5.967342505547312825e-13
6.240403159496477059e-13
6.485293530499036674e-13
6.700759738742512184e-13
6.885706197931606987e-13
7.039189110075172451e-13
7.160427307507932770e-13
7.248795747677450052e-13
7.303827681548469286e-13
7.325207064187710948e-13
7.312772891572560940e-13
7.266502937558483310e-13
7.186517548586623949e-13
7.073062838550137066e-13
6.926510146693098946e-13
6.747341942982265639e-13
6.536145864995124288e-13
6.293600623291650820e-13
6.020466243594757572e-13
5.717571598465309712e-13
5.385810612594521540e-13
5.026118952457248046e-13
4.639471315806553697e-13
4.226870860702530708e-13
3.789335652985142966e-13
3.327890263707389273e-13
2.843557908669552825e-13
2.337351503751278203e-13
1.810266075496363980e-13
1.263274559829344335e-13
6.973225165698981876e-14
1.133265031295904723e-14
-4.878297201957315643e-14
-1.105294173786401657e-13
-1.738245777784669377e-13
-2.385892048165083601e-13
-3.047460829692927309e-13
-3.722199143959409318e-13
-4.409360788819316479e-13
-5.108199562127435644e-13
-5.817954625009225111e-13
-6.537841557192891617e-13
-7.267037991330604907e-13
-8.004664639460479236e-13
-8.749773366782676032e-13
-9.501323339211609209e-13
-1.025816909715204783e-12
-1.101904049775892513e-12
-1.178251615198411262e-12
-1.254701204045360896e-12
-1.331075874522191782e-12
-1.407177759732425315e-12
-1.482786983475481435e-12
-1.557659275001899157e-12
-1.631524234289860598e-12
-1.704084356263235733e-12
-1.775013079227671930e-12
-1.843954025929073204e-12
-1.910518835149255246e-12
-1.974290739573114628e-12
-2.034818060575593890e-12
-2.091619412392109467e-12
-2.144181967395075716e-12
-2.191962540296077400e-12
-2.234388672348042171e-12
-2.270861667111323534e-12
-2.300758108336742325e-12
-2.323431811529497182e-12
-2.338218377598288988e-12
-2.344439095983141819e-12
-2.341404197261920395e-12
-2.328417840480323520e-12
-2.304784835205353488e-12
-2.269815628855309519e-12
-2.222832378231953676e-12
-2.163176538935718263e-12
-2.090216021100044230e-12
-2.003351694604416089e-12
-1.902026930053479781e-12
-1.785733778729425847e-12
-1.654024139874366028e-12
-1.506515290121412942e-12
-1.342899966574884196e-12
-1.162954606746813280e-12
-9.665478053338949493e-13
-7.536476325821495070e-13
-5.243302536941940595e-13
-2.787864882523860555e-13
-1.732874572459540408e-14
2.596028047478077250e-13
5.514347116951368033e-13
8.574561958900328573e-13
1.176815481000736963e-12
1.508517052592472929e-12
1.851421143131415370e-12
2.204241997261213726e-12
2.565551720720704587e-12
2.933780822444997938e-12
3.307222334533732599e-12
3.684038317464111145e-12
4.062263980059155344e-12
4.439821774115948472e-12
4.814525514373890758e-12
5.184092304738596724e-12
5.546162053920999924e-12
5.898302245926911880e-12
6.238028323057864810e-12
6.562820165784133408e-12
6.870140741022101594e-12
7.157450847283808315e-12
7.422236436571694185e-12
7.662017721676850357e-12
7.874380834882455105e-12
8.056993440475057611e-12
8.207627286149765666e-12
8.324178152330219405e-12
8.404692740382468941e-12
8.447380815679306210e-12
8.450642095814142607e-12
8.413080995750554791e-12
8.333526577142258418e-12
8.211051630291343884e-12
8.044985684574346152e-12
7.834922814697886650e-12
7.580745926827336945e-12
7.282624156501604773e-12
6.941028914825286833e-12
6.556737357915620734e-12
6.130828050093795056e-12
5.664690938544936216e-12
5.160017378658121601e-12
4.618801435068986549e-12
4.043325136510178552e-12
3.436153054800494822e-12
2.800117126014467495e-12
2.138301688492383335e-12
1.454025701924654967e-12
7.508209006780452999e-13
3.240962524937197886e-14
-6.973191013330548582e-13
-1.434336807312752704e-12
-2.174504500074281310e-12
-2.913600133727656250e-12
-3.647352385394153629e-12
-4.371468464992034342e-12
-5.081669026546498102e-12
-5.773721344776161501e-12
-6.443470323275191092e-12
-7.086869719535870971e-12
-7.700015972056384328e-12
-8.279174221192953098e-12
-8.820816473076309450e-12
-9.321641548931669519e-12
-9.778603274335218032e-12
-1.018893910215146192e-11
-1.055018572504451413e-11
-1.086020249424501927e-11
-1.111718789942317542e-11
-1.131968997702959001e-11
-1.146662452489177753e-11
-1.155727857166111150e-11
-1.159131818306846640e-11
-1.156878152303031371e-11
-1.149009099671305378e-11
-1.135604024010694602e-11
-1.116778891585568090e-11
-1.092684276393640630e-11
-1.063505793846841740e-11
-1.029461325213754108e-11
-9.907992828961376119e-12
-9.477962685522367536e-12
-9.007551649009570838e-12
-8.500022734281298398e-12
-7.958841051480813888e-12
-7.387658193525048489e-12
-6.790269301698570459e-12
-6.170588345844052469e-12
-5.532616465658835025e-12
-4.880408577268013914e-12
-4.218041280840134633e-12
-3.549584237649838769e-12
-2.879065909289213465e-12
-2.210447103134782765e-12
-1.547589096803636544e-12
-8.942292978146582083e-13
-2.539528917017142007e-13
3.698302243875656314e-13
9.739078033615955476e-13
1.555284113302635163e-12
2.111198802584590695e-12
2.639139774773813230e-12
3.136858394564567831e-12
3.602376860353806443e-12
4.033999263103327237e-12
4.430312453701512609e-12
4.790190813452888108e-12
5.112795169875949952e-12
5.397570411458385564e-12
5.644239849805776643e-12
5.852799581790302241e-12
6.023505912805537932e-12
6.156868417872551902e-12
6.253633895447752167e-12
6.314770754911602779e-12
6.341456006142554003e-12
6.335056611239675561e-12
6.297109968883551900e-12
6.229309602867605378e-12
6.133476972841611641e-12
6.011549331247367789e-12
5.865557605594373669e-12
5.697604280735513171e-12
5.509843449547080496e-12
5.304463032013151391e-12
5.083667861671692378e-12
4.849656700528504061e-12
4.604608361269413308e-12
4.350663058982906506e-12
4.089909400734059730e-12
3.824368773053254955e-12
3.555983415712282714e-12
3.286606880745224224e-12
3.017989937820209079e-12
2.751773635345511337e-12
2.489484746820425087e-12
2.232527097217884560e-12
1.982178744058815667e-12
1.739587640603446062e-12
1.505772069532174129e-12
1.281618366121006769e-12
1.067882978225687118e-12
8.651943094253877753e-13
6.740553211079247653e-13
4.948485197997509744e-13
3.278397789786141603e-13
1.731846274461573687e-13
3.093405997393709750e-14
-9.895850008575027279e-14
-2.166296249371882365e-13
-3.222984216750407471e-13
-4.162586887592606422e-13
-4.988710182798894444e-13
-5.705546712170272983e-13
-6.317792968467406123e-13
-6.830572891157460358e-13
-7.249356280200625058e-13
-7.579889949212159639e-13
-7.828117494501629636e-13
-8.000118037650161273e-13
-8.102037920773574875e-13
-8.140033785908329378e-13
-8.120215112296380600e-13
-8.048590548377643206e-13
-7.931031591017212445e-13
-7.773224880609774790e-13
-7.580640217115519608e-13
-7.358503997106913275e-13
-7.111767229804610846e-13
-6.845093068752472476e-13
-6.562839464582803650e-13
-6.269046696691371601e-13
-5.967434662731974093e-13
-5.661395831302318271e-13
-5.353999578752710597e-13
-5.047999778601264254e-13
-4.745835885736071624e-13
-4.449647302093989731e-13
-4.161283676581278845e-13
-3.882318457600758554e-13
-3.614067866589826261e-13
-3.357602011092725158e-13
-3.113765755652364575e-13
-2.883199592702140324e-13
-2.666351568789832038e-13
-2.463502492278113465e-13
-2.274778130618992922e-13
-2.100171572023620814e-13
-1.939558946393790673e-13
-1.792713384424909906e-13
-1.659326024023091706e-13
-1.539017394427966146e-13
-1.431347716133318793e-13
-1.335836009950380765e-13
-1.251967550897764569e-13
-1.179206065475904563e-13
-1.117001117794357012e-13
-1.064793259532119396e-13
-1.022025414060441506e-13
-9.881455869482566601e-14
-9.626122869730441289e-14
-9.448981853031612754e-14
-9.344912674626518201e-14
-9.308972727861339336e-14
-9.336415917726020863e-14
-9.422691983227912682e-14
-9.563426168601035782e-14
-9.754439552096816346e-14
-9.991707710776259743e-14
-1.027138782556426266e-13
-1.058976989215185127e-13
-1.094326655660081415e-13
-1.132842666787085839e-13
-1.174184583114037950e-13
-1.218024569009032443e-13
-1.264036347380786962e-13
-1.311898587810431116e-13
-1.361295109839413819e-13
-1.411909190908097744e-13
-1.463425599234832730e-13
-1.515529509613783299e-13
-1.567909891546717671e-13
-1.620248802746554473e-13
-1.672234941664518804e-13
-1.723553347569503624e-13
-1.773892989963277156e-13
-1.822942160721249816e-13
-1.870396605608767859e-13
-1.915953832219707831e-13
-1.959317311259894945e-13
-2.000199458103077421e-13
-2.038320684114025561e-13
-2.073414546608851050e-13
-2.105226529127562918e-13
-2.133515532212054699e-13
-2.158059836518053110e-13
-2.178655476511859312e-13
-2.195119222026323258e-13
-2.207288984836658363e-13
-2.215024496286799316e-13
-2.218212863825536063e-13
-2.216765047349453233e-13
-2.210619924961076954e-13
-2.199746054797405148e-13
-2.184137473746489144e-13
-2.163815865851778653e-13
-2.138832730716466735e-13
-2.109267757200231075e-13
-2.075228687893962420e-13
-2.036850912543949899e-13
-1.994295841748622289e-13
-1.947750500382733341e-13
-1.897425765768831485e-13
-1.843553521646557058e-13
-1.786388148950629473e-13
-1.726201917951614151e-13
-1.663285394831737207e-13
-1.597944189078367994e-13
-1.530494887725872277e-13
-1.461266139557784727e-13
-1.390594182772847409e-13
-1.318821625257565744e-13
-1.246294463030234168e-13
-1.173359505260776481e-13
-1.100362815730122901e-13
-1.027648628628037575e-13
-9.555542663554350558e-14
-8.844094618980224976e-14
-8.145353423867629505e-14
-7.462402278144569800e-14
-6.798213251016371750e-14
-6.155583584088047955e-14
-5.537164490484504376e-14
-4.945425240653576748e-14
-4.382636899333443303e-14
-3.850876391310771585e-14
-3.352009899574952267e-14
-2.887682023296374301e-14
-2.459320860024108435e-14
-2.068130551795971384e-14
-1.715086372347431748e-14
-1.400943705660850913e-14
-1.126239401218198655e-14
-8.912909269681058844e-15
-6.962186886440248010e-15
-5.409355265556829370e-15
-4.251689078523012214e-15
-3.484749872695184006e-15
-3.102381624370937306e-15
-3.096987083288111481e-15
-3.459597017568230744e-15
-4.180045761294822609e-15
-5.247076034840640613e-15
-6.648495434204669541e-15
-8.371313862107817444e-15
-1.040197879139401552e-14
-1.272633799558053891e-14
-1.532984622489713677e-14
-1.819763212188886536e-14
-2.131449991548198253e-14
-2.466523011768022300e-14
-2.823444569235913221e-14
-3.200665779504521802e-14
-3.596641146258287847e-14
-4.009822462676219945e-14
-4.438646444750865561e-14
-4.881549130848414353e-14
-5.336952667994721011e-14
-5.803274798644314503e-14
-6.278909548329200674e-14
-6.762229258537935661e-14
-7.251580520957479070e-14
-7.745267914440606694e-14
-8.241570268038497793e-14
-8.738717621704569782e-14
-9.234881061899111176e-14
-9.728173399215639394e-14
-1.021664171449096492e-13
-1.069827684557420056e-13
-1.117099238090966951e-13
-1.163263414630591464e-13
-1.208097342867212043e-13
-1.251370426551268178e-13
-1.292843328053183694e-13
-1.332271424257791548e-13
-1.369402638159988861e-13
-1.403977303339465355e-13
-1.435731416567220808e-13
-1.464395960179207257e-13
-1.489698663904859277e-13
-1.511364818018723355e-13
-1.529117544391001005e-13
-1.542681997770967151e-13
-1.551786178938599492e-13
-1.556160799179306942e-13
-1.555543752617891129e-13
-1.549680929370175764e-13
-1.538328519472623168e-13
-1.521256536539394855e-13
-1.498248411186536844e-13
-1.469104785739583363e-13
-1.433646766840074305e-13
-1.391714976768654299e-13
-1.343174703405392023e-13
-1.287917119957224243e-13
-1.225859420483227380e-13
-1.156947123824234036e-13
-1.081156648582992652e-13
-9.984970749526977940e-14
-9.090111611565268590e-14
-8.127743947707391503e-14
-7.098977709927428714e-14
-6.005277926410951261e-14
-4.848469783752702711e-14
-3.630739643396135863e-14
-2.354651812885768386e-14
-1.023117544461313311e-14
3.605798080637875186e-15
1.792810284994075798e-14
3.269593254993929943e-14
4.786607240669753238e-14
6.339216938920991251e-14
7.922485502917867017e-14
9.531169121090518614e-14
1.115975259251278384e-13
1.280246931687975542e-13
1.445332975481480875e-13
1.610613362514404234e-13
1.775450852959867265e-13
1.939192486059490572e-13
2.101174052457355224e-13
2.260721449452718357e-13
2.417156373061418728e-13
2.569797673268592320e-13
2.717963657958288870e-13
2.860979411278136153e-13
2.998176251538253734e-13
3.128898236424287882e-13
3.252503789300670300e-13
3.368368680766592460e-13
3.475891449666868027e-13
3.574495571496277835e-13
3.663632982056630460e-13
3.742785432709477833e-13
3.811469640336434539e-13
3.869239726794065914e-13
3.915688574166603653e-13
3.950450806321920139e-13
3.973207125720218391e-13
3.983683771312945820e-13
3.981654144846052956e-13
3.966945316073028360e-13
3.939434228047294928e-13
3.899052304981442951e-13
3.845784639095600754e-13
3.779672159021779665e-13
3.700812442955503379e-13
3.609360260756894201e-13
3.505524592394698713e-13
3.389574320007693320e-13
3.261831993742192459e-13
3.122676000156393572e-13
2.972539206967661496e-13
2.811907878850355980e-13
2.641317611677684862e-13
2.461353603572247195e-13
2.272648350976416709e-13
2.075875685540393145e-13
1.871751180698016936e-13
1.661027950383350826e-13
1.444491228019817441e-13
1.222957011267483685e-13
9.972650147089395789e-14
7.682765014449532970e-14
5.368686249143835021e-14
3.039297193909926142e-14
7.035446342531798819e-15
-1.629609736541158538e-14
-3.951238953538681320e-14
-6.252505837297389624e-14
-8.524710343009445079e-14
-1.075933775667586856e-13
-1.294811154996244884e-13
-1.508303437659438972e-13
-1.715643821670678748e-13
-1.916101961341523663e-13
-2.108987355413372011e-13
-2.293655445694681161e-13
-2.469508430212596917e-13
-2.636000142122729706e-13
-2.792635643133339896e-13
-2.938976373465657099e-13
-3.074640422904423298e-13
-3.199303615000065326e-13
-3.312700591270867356e-13
-3.414625895405143385e-13
-3.504932346957978506e-13
-3.583531854502858272e-13
-3.650393247227323723e-13
-3.705539293376997056e-13
-3.749049681811555956e-13
-3.781055872044414290e-13
-3.801737028484575287e-13
-3.811318936234459054e-13
-3.810070748483385117e-13
-3.798299023395623752e-13
-3.776348266211482230e-13
-3.744592797731011169e-13
-3.703434856960202692e-13
-3.653300535352843603e-13
-3.594634084749109837e-13
-3.527893309516333398e-13
-3.453548482346829873e-13
-3.372073128539432307e-13
-3.283944297050034322e-13
-3.189636055278555204e-13
-3.089617591715138056e-13
-2.984347523878744246e-13
-2.874272543064437802e-13
-2.759823077534695468e-13
-2.641410582013975494e-13
-2.519426995587631390e-13
-2.394240946994308228e-13
-2.266196399373227033e-13
-2.135612514738913226e-13
-2.002781214526308529e-13
-1.867967586166585647e-13
-1.731410018612419832e-13
-1.593319253661087953e-13
-1.453880283308270349e-13
-1.313252891849137072e-13
-1.171572604555248809e-13
-1.028952313977815614e-13
-8.854845838773134359e-14
-7.412434788146501918e-14
-5.962857161159740293e-14
-4.506553414945421721e-14
-3.043849148968470752e-14
-1.574985259399086512e-14
-1.001604495787830184e-15
1.380460162007284344e-14
2.866715924972756957e-14
4.358388378932626095e-14
5.855196563058287507e-14
7.356765749973875890e-14
8.862594496174616698e-14
1.037203499086244984e-13
1.188423816821104761e-13
1.339816929277204416e-13
1.491255442699276901e-13
1.642588924035889852e-13
1.793638344403311602e-13
