-1.679474057926250846e-14
-1.453872422842519829e-14
-1.418341677694159517e-14
0.000000000000000000e+00
0.000000000000000000e+00
0.000000000000000000e+00
0.000000000000000000e+00
0.000000000000000000e+00
0.000000000000000000e+00
0.000000000000000000e+00
0.000000000000000000e+00
0.000000000000000000e+00
0.000000000000000000e+00
0.000000000000000000e+00
0.000000000000000000e+00
0.000000000000000000e+00
0.000000000000000000e+00
0.000000000000000000e+00
0.000000000000000000e+00
0.000000000000000000e+00
0.000000000000000000e+00
0.000000000000000000e+00
0.000000000000000000e+00
0.000000000000000000e+00
0.000000000000000000e+00
0.000000000000000000e+00
0.000000000000000000e+00
0.000000000000000000e+00
0.000000000000000000e+00
0.000000000000000000e+00
0.000000000000000000e+00
0.000000000000000000e+00
0.000000000000000000e+00
0.000000000000000000e+00
0.000000000000000000e+00
0.000000000000000000e+00
0.000000000000000000e+00
0.000000000000000000e+00
0.000000000000000000e+00
0.000000000000000000e+00
0.000000000000000000e+00
0.000000000000000000e+00
0.000000000000000000e+00
0.000000000000000000e+00
0.000000000000000000e+00
0.000000000000000000e+00
0.000000000000000000e+00
0.000000000000000000e+00
0.000000000000000000e+00
0.000000000000000000e+00
0.000000000000000000e+00
0.000000000000000000e+00
0.000000000000000000e+00
0.000000000000000000e+00
0.000000000000000000e+00
0.000000000000000000e+00
0.000000000000000000e+00
0.000000000000000000e+00
0.000000000000000000e+00
0.000000000000000000e+00
0.000000000000000000e+00
0.000000000000000000e+00
0.000000000000000000e+00
0.000000000000000000e+00
0.000000000000000000e+00
0.000000000000000000e+00
0.000000000000000000e+00
0.000000000000000000e+00
0.000000000000000000e+00
0.000000000000000000e+00
0.000000000000000000e+00
0.000000000000000000e+00
0.000000000000000000e+00
0.000000000000000000e+00
0.000000000000000000e+00
0.000000000000000000e+00
0.000000000000000000e+00
0.000000000000000000e+00
0.000000000000000000e+00
0.000000000000000000e+00
0.000000000000000000e+00
0.000000000000000000e+00
0.000000000000000000e+00
0.000000000000000000e+00
0.000000000000000000e+00
0.000000000000000000e+00
0.000000000000000000e+00
0.000000000000000000e+00
0.000000000000000000e+00
0.000000000000000000e+00
0.000000000000000000e+00
0.000000000000000000e+00
0.000000000000000000e+00
0.000000000000000000e+00
0.000000000000000000e+00
0.000000000000000000e+00
0.000000000000000000e+00
0.000000000000000000e+00
0.000000000000000000e+00
0.000000000000000000e+00
0.000000000000000000e+00
0.000000000000000000e+00
0.000000000000000000e+00
0.000000000000000000e+00
0.000000000000000000e+00
0.000000000000000000e+00
0.000000000000000000e+00
0.000000000000000000e+00
0.000000000000000000e+00
0.000000000000000000e+00
0.000000000000000000e+00
0.000000000000000000e+00
0.000000000000000000e+00
0.000000000000000000e+00
0.000000000000000000e+00
0.000000000000000000e+00
0.000000000000000000e+00
0.000000000000000000e+00
0.000000000000000000e+00
0.000000000000000000e+00
0.000000000000000000e+00
0.000000000000000000e+00
0.000000000000000000e+00
0.000000000000000000e+00
0.000000000000000000e+00
0.000000000000000000e+00
0.000000000000000000e+00
0.000000000000000000e+00
0.000000000000000000e+00
0.000000000000000000e+00
0.000000000000000000e+00
0.000000000000000000e+00
0.000000000000000000e+00
0.000000000000000000e+00
0.000000000000000000e+00
0.000000000000000000e+00
0.000000000000000000e+00
0.000000000000000000e+00
0.000000000000000000e+00
0.000000000000000000e+00
0.000000000000000000e+00
0.000000000000000000e+00
0.000000000000000000e+00
0.000000000000000000e+00
0.000000000000000000e+00
0.000000000000000000e+00
0.000000000000000000e+00
0.000000000000000000e+00
0.000000000000000000e+00
0.000000000000000000e+00
0.000000000000000000e+00
0.000000000000000000e+00
0.000000000000000000e+00
0.000000000000000000e+00
0.000000000000000000e+00
0.000000000000000000e+00
0.000000000000000000e+00
0.000000000000000000e+00
0.000000000000000000e+00
0.000000000000000000e+00
0.000000000000000000e+00
0.000000000000000000e+00
0.000000000000000000e+00
0.000000000000000000e+00
0.000000000000000000e+00
0.000000000000000000e+00
0.000000000000000000e+00
0.000000000000000000e+00
0.000000000000000000e+00
0.000000000000000000e+00
0.000000000000000000e+00
0.000000000000000000e+00
0.000000000000000000e+00
0.000000000000000000e+00
0.000000000000000000e+00
0.000000000000000000e+00
0.000000000000000000e+00
0.000000000000000000e+00
0.000000000000000000e+00
0.000000000000000000e+00
0.000000000000000000e+00
0.000000000000000000e+00
0.000000000000000000e+00
0.000000000000000000e+00
0.000000000000000000e+00
0.000000000000000000e+00
0.000000000000000000e+00
0.000000000000000000e+00
0.000000000000000000e+00
0.000000000000000000e+00
0.000000000000000000e+00
0.000000000000000000e+00
0.000000000000000000e+00
0.000000000000000000e+00
0.000000000000000000e+00
0.000000000000000000e+00
0.000000000000000000e+00
0.000000000000000000e+00
0.000000000000000000e+00
0.000000000000000000e+00
0.000000000000000000e+00
0.000000000000000000e+00
0.000000000000000000e+00
0.000000000000000000e+00
0.000000000000000000e+00
0.000000000000000000e+00
0.000000000000000000e+00
0.000000000000000000e+00
0.000000000000000000e+00
0.000000000000000000e+00
0.000000000000000000e+00
0.000000000000000000e+00
0.000000000000000000e+00
0.000000000000000000e+00
0.000000000000000000e+00
0.000000000000000000e+00
0.000000000000000000e+00
0.000000000000000000e+00
0.000000000000000000e+00
0.000000000000000000e+00
0.000000000000000000e+00
0.000000000000000000e+00
0.000000000000000000e+00
0.000000000000000000e+00
0.000000000000000000e+00
0.000000000000000000e+00
0.000000000000000000e+00
0.000000000000000000e+00
0.000000000000000000e+00
0.000000000000000000e+00
0.000000000000000000e+00
0.000000000000000000e+00
0.000000000000000000e+00
0.000000000000000000e+00
0.000000000000000000e+00
0.000000000000000000e+00
0.000000000000000000e+00
0.000000000000000000e+00
0.000000000000000000e+00
0.000000000000000000e+00
0.000000000000000000e+00
0.000000000000000000e+00
0.000000000000000000e+00
0.000000000000000000e+00
0.000000000000000000e+00
0.000000000000000000e+00
0.000000000000000000e+00
0.000000000000000000e+00
0.000000000000000000e+00
0.000000000000000000e+00
0.000000000000000000e+00
0.000000000000000000e+00
0.000000000000000000e+00
0.000000000000000000e+00
0.000000000000000000e+00
0.000000000000000000e+00
0.000000000000000000e+00
0.000000000000000000e+00
0.000000000000000000e+00
0.000000000000000000e+00
0.000000000000000000e+00
0.000000000000000000e+00
0.000000000000000000e+00
0.000000000000000000e+00
0.000000000000000000e+00
0.000000000000000000e+00
0.000000000000000000e+00
0.000000000000000000e+00
0.000000000000000000e+00
0.000000000000000000e+00
0.000000000000000000e+00
0.000000000000000000e+00
0.000000000000000000e+00
0.000000000000000000e+00
0.000000000000000000e+00
0.000000000000000000e+00
0.000000000000000000e+00
0.000000000000000000e+00
0.000000000000000000e+00
0.000000000000000000e+00
0.000000000000000000e+00
0.000000000000000000e+00
0.000000000000000000e+00
0.000000000000000000e+00
0.000000000000000000e+00
0.000000000000000000e+00
0.000000000000000000e+00
0.000000000000000000e+00
0.000000000000000000e+00
0.000000000000000000e+00
0.000000000000000000e+00
0.000000000000000000e+00
0.000000000000000000e+00
0.000000000000000000e+00
0.000000000000000000e+00
0.000000000000000000e+00
0.000000000000000000e+00
0.000000000000000000e+00
0.000000000000000000e+00
0.000000000000000000e+00
0.000000000000000000e+00
0.000000000000000000e+00
0.000000000000000000e+00
0.000000000000000000e+00
0.000000000000000000e+00
0.000000000000000000e+00
0.000000000000000000e+00
0.000000000000000000e+00
0.000000000000000000e+00
0.000000000000000000e+00
0.000000000000000000e+00
0.000000000000000000e+00
0.000000000000000000e+00
0.000000000000000000e+00
0.000000000000000000e+00
0.000000000000000000e+00
0.000000000000000000e+00
0.000000000000000000e+00
0.000000000000000000e+00
0.000000000000000000e+00
0.000000000000000000e+00
0.000000000000000000e+00
0.000000000000000000e+00
0.000000000000000000e+00
0.000000000000000000e+00
0.000000000000000000e+00
0.000000000000000000e+00
0.000000000000000000e+00
0.000000000000000000e+00
0.000000000000000000e+00
0.000000000000000000e+00
0.000000000000000000e+00
0.000000000000000000e+00
0.000000000000000000e+00
0.000000000000000000e+00
0.000000000000000000e+00
0.000000000000000000e+00
0.000000000000000000e+00
0.000000000000000000e+00
0.000000000000000000e+00
0.000000000000000000e+00
0.000000000000000000e+00
0.000000000000000000e+00
0.000000000000000000e+00
0.000000000000000000e+00
0.000000000000000000e+00
0.000000000000000000e+00
0.000000000000000000e+00
0.000000000000000000e+00
0.000000000000000000e+00
0.000000000000000000e+00
0.000000000000000000e+00
0.000000000000000000e+00
0.000000000000000000e+00
0.000000000000000000e+00
0.000000000000000000e+00
0.000000000000000000e+00
0.000000000000000000e+00
0.000000000000000000e+00
0.000000000000000000e+00
0.000000000000000000e+00
0.000000000000000000e+00
0.000000000000000000e+00
0.000000000000000000e+00
0.000000000000000000e+00
0.000000000000000000e+00
0.000000000000000000e+00
0.000000000000000000e+00
0.000000000000000000e+00
0.000000000000000000e+00
0.000000000000000000e+00
0.000000000000000000e+00
0.000000000000000000e+00
0.000000000000000000e+00
0.000000000000000000e+00
0.000000000000000000e+00
0.000000000000000000e+00
0.000000000000000000e+00
0.000000000000000000e+00
0.000000000000000000e+00
0.000000000000000000e+00
0.000000000000000000e+00
0.000000000000000000e+00
0.000000000000000000e+00
0.000000000000000000e+00
0.000000000000000000e+00
0.000000000000000000e+00
0.000000000000000000e+00
0.000000000000000000e+00
0.000000000000000000e+00
0.000000000000000000e+00
0.000000000000000000e+00
0.000000000000000000e+00
0.000000000000000000e+00
0.000000000000000000e+00
0.000000000000000000e+00
0.000000000000000000e+00
0.000000000000000000e+00
0.000000000000000000e+00
0.000000000000000000e+00
0.000000000000000000e+00
0.000000000000000000e+00
0.000000000000000000e+00
0.000000000000000000e+00
0.000000000000000000e+00
0.000000000000000000e+00
0.000000000000000000e+00
0.000000000000000000e+00
0.000000000000000000e+00
0.000000000000000000e+00
0.000000000000000000e+00
0.000000000000000000e+00
0.000000000000000000e+00
0.000000000000000000e+00
0.000000000000000000e+00
0.000000000000000000e+00
0.000000000000000000e+00
0.000000000000000000e+00
0.000000000000000000e+00
0.000000000000000000e+00
0.000000000000000000e+00
0.000000000000000000e+00
0.000000000000000000e+00
0.000000000000000000e+00
0.000000000000000000e+00
0.000000000000000000e+00
0.000000000000000000e+00
0.000000000000000000e+00
0.000000000000000000e+00
0.000000000000000000e+00
0.000000000000000000e+00
0.000000000000000000e+00
0.000000000000000000e+00
0.000000000000000000e+00
0.000000000000000000e+00
0.000000000000000000e+00
0.000000000000000000e+00
0.000000000000000000e+00
0.000000000000000000e+00
0.000000000000000000e+00
0.000000000000000000e+00
0.000000000000000000e+00
0.000000000000000000e+00
0.000000000000000000e+00
0.000000000000000000e+00
0.000000000000000000e+00
0.000000000000000000e+00
0.000000000000000000e+00
0.000000000000000000e+00
0.000000000000000000e+00
0.000000000000000000e+00
0.000000000000000000e+00
0.000000000000000000e+00
0.000000000000000000e+00
0.000000000000000000e+00
0.000000000000000000e+00
0.000000000000000000e+00
0.000000000000000000e+00
0.000000000000000000e+00
0.000000000000000000e+00
0.000000000000000000e+00
0.000000000000000000e+00
0.000000000000000000e+00
0.000000000000000000e+00
0.000000000000000000e+00
0.000000000000000000e+00
0.000000000000000000e+00
0.000000000000000000e+00
0.000000000000000000e+00
0.000000000000000000e+00
0.000000000000000000e+00
0.000000000000000000e+00
0.000000000000000000e+00
0.000000000000000000e+00
0.000000000000000000e+00
0.000000000000000000e+00
0.000000000000000000e+00
0.000000000000000000e+00
0.000000000000000000e+00
0.000000000000000000e+00
0.000000000000000000e+00
0.000000000000000000e+00
0.000000000000000000e+00
0.000000000000000000e+00
0.000000000000000000e+00
0.000000000000000000e+00
0.000000000000000000e+00
0.000000000000000000e+00
0.000000000000000000e+00
0.000000000000000000e+00
0.000000000000000000e+00
0.000000000000000000e+00
0.000000000000000000e+00
0.000000000000000000e+00
0.000000000000000000e+00
0.000000000000000000e+00
0.000000000000000000e+00
0.000000000000000000e+00
0.000000000000000000e+00
0.000000000000000000e+00
0.000000000000000000e+00
0.000000000000000000e+00
0.000000000000000000e+00
0.000000000000000000e+00
0.000000000000000000e+00
0.000000000000000000e+00
0.000000000000000000e+00
0.000000000000000000e+00
0.000000000000000000e+00
0.000000000000000000e+00
0.000000000000000000e+00
0.000000000000000000e+00
0.000000000000000000e+00
0.000000000000000000e+00
0.000000000000000000e+00
0.000000000000000000e+00
0.000000000000000000e+00
0.000000000000000000e+00
0.000000000000000000e+00
0.000000000000000000e+00
0.000000000000000000e+00
0.000000000000000000e+00
0.000000000000000000e+00
0.000000000000000000e+00
0.000000000000000000e+00
0.000000000000000000e+00
0.000000000000000000e+00
0.000000000000000000e+00
0.000000000000000000e+00
0.000000000000000000e+00
0.000000000000000000e+00
0.000000000000000000e+00
0.000000000000000000e+00
0.000000000000000000e+00
0.000000000000000000e+00
0.000000000000000000e+00
0.000000000000000000e+00
0.000000000000000000e+00
0.000000000000000000e+00
0.000000000000000000e+00
0.000000000000000000e+00
0.000000000000000000e+00
0.000000000000000000e+00
0.000000000000000000e+00
0.000000000000000000e+00
0.000000000000000000e+00
0.000000000000000000e+00
0.000000000000000000e+00
0.000000000000000000e+00
0.000000000000000000e+00
0.000000000000000000e+00
0.000000000000000000e+00
0.000000000000000000e+00
0.000000000000000000e+00
0.000000000000000000e+00
0.000000000000000000e+00
0.000000000000000000e+00
0.000000000000000000e+00
0.000000000000000000e+00
0.000000000000000000e+00
0.000000000000000000e+00
0.000000000000000000e+00
0.000000000000000000e+00
0.000000000000000000e+00
0.000000000000000000e+00
0.000000000000000000e+00
0.000000000000000000e+00
0.000000000000000000e+00
0.000000000000000000e+00
0.000000000000000000e+00
0.000000000000000000e+00
0.000000000000000000e+00
0.000000000000000000e+00
0.000000000000000000e+00
0.000000000000000000e+00
0.000000000000000000e+00
0.000000000000000000e+00
0.000000000000000000e+00
0.000000000000000000e+00
0.000000000000000000e+00
0.000000000000000000e+00
0.000000000000000000e+00
0.000000000000000000e+00
0.000000000000000000e+00
0.000000000000000000e+00
0.000000000000000000e+00
0.000000000000000000e+00
0.000000000000000000e+00
0.000000000000000000e+00
0.000000000000000000e+00
0.000000000000000000e+00
0.000000000000000000e+00
0.000000000000000000e+00
0.000000000000000000e+00
0.000000000000000000e+00
0.000000000000000000e+00
0.000000000000000000e+00
0.000000000000000000e+00
0.000000000000000000e+00
0.000000000000000000e+00
0.000000000000000000e+00
0.000000000000000000e+00
0.000000000000000000e+00
0.000000000000000000e+00
0.000000000000000000e+00
0.000000000000000000e+00
0.000000000000000000e+00
0.000000000000000000e+00
0.000000000000000000e+00
0.000000000000000000e+00
0.000000000000000000e+00
0.000000000000000000e+00
0.000000000000000000e+00
0.000000000000000000e+00
0.000000000000000000e+00
0.000000000000000000e+00
0.000000000000000000e+00
0.000000000000000000e+00
0.000000000000000000e+00
0.000000000000000000e+00
0.000000000000000000e+00
0.000000000000000000e+00
0.000000000000000000e+00
0.000000000000000000e+00
0.000000000000000000e+00
0.000000000000000000e+00
0.000000000000000000e+00
0.000000000000000000e+00
0.000000000000000000e+00
0.000000000000000000e+00
0.000000000000000000e+00
0.000000000000000000e+00
0.000000000000000000e+00
0.000000000000000000e+00
0.000000000000000000e+00
0.000000000000000000e+00
0.000000000000000000e+00
0.000000000000000000e+00
0.000000000000000000e+00
0.000000000000000000e+00
0.000000000000000000e+00
0.000000000000000000e+00
0.000000000000000000e+00
0.000000000000000000e+00
0.000000000000000000e+00
0.000000000000000000e+00
0.000000000000000000e+00
0.000000000000000000e+00
0.000000000000000000e+00
0.000000000000000000e+00
0.000000000000000000e+00
0.000000000000000000e+00
0.000000000000000000e+00
0.000000000000000000e+00
0.000000000000000000e+00
0.000000000000000000e+00
0.000000000000000000e+00
0.000000000000000000e+00
0.000000000000000000e+00
0.000000000000000000e+00
0.000000000000000000e+00
0.000000000000000000e+00
0.000000000000000000e+00
0.000000000000000000e+00
0.000000000000000000e+00
0.000000000000000000e+00
0.000000000000000000e+00
0.000000000000000000e+00
0.000000000000000000e+00
0.000000000000000000e+00
0.000000000000000000e+00
0.000000000000000000e+00
0.000000000000000000e+00
0.000000000000000000e+00
0.000000000000000000e+00
0.000000000000000000e+00
0.000000000000000000e+00
0.000000000000000000e+00
0.000000000000000000e+00
0.000000000000000000e+00
0.000000000000000000e+00
0.000000000000000000e+00
0.000000000000000000e+00
0.000000000000000000e+00
0.000000000000000000e+00
0.000000000000000000e+00
0.000000000000000000e+00
0.000000000000000000e+00
0.000000000000000000e+00
0.000000000000000000e+00
0.000000000000000000e+00
0.000000000000000000e+00
0.000000000000000000e+00
0.000000000000000000e+00
0.000000000000000000e+00
0.000000000000000000e+00
0.000000000000000000e+00
0.000000000000000000e+00
0.000000000000000000e+00
0.000000000000000000e+00
0.000000000000000000e+00
0.000000000000000000e+00
0.000000000000000000e+00
0.000000000000000000e+00
0.000000000000000000e+00
0.000000000000000000e+00
0.000000000000000000e+00
0.000000000000000000e+00
0.000000000000000000e+00
0.000000000000000000e+00
0.000000000000000000e+00
0.000000000000000000e+00
0.000000000000000000e+00
0.000000000000000000e+00
0.000000000000000000e+00
0.000000000000000000e+00
0.000000000000000000e+00
0.000000000000000000e+00
0.000000000000000000e+00
0.000000000000000000e+00
0.000000000000000000e+00
0.000000000000000000e+00
0.000000000000000000e+00
0.000000000000000000e+00
0.000000000000000000e+00
0.000000000000000000e+00
0.000000000000000000e+00
0.000000000000000000e+00
0.000000000000000000e+00
0.000000000000000000e+00
0.000000000000000000e+00
0.000000000000000000e+00
0.000000000000000000e+00
0.000000000000000000e+00
0.000000000000000000e+00
0.000000000000000000e+00
0.000000000000000000e+00
0.000000000000000000e+00
0.000000000000000000e+00
0.000000000000000000e+00
0.000000000000000000e+00
0.000000000000000000e+00
1.401298464324817071e-45
2.802596928649634142e-45
2.802596928649634142e-45
-1.401298464324817071e-45
-1.541428310757298778e-44
-3.082856621514597556e-44
-2.942726775082115849e-44
8.407790785948902426e-45
1.625506218616787802e-43
3.180947514017334751e-43
3.881596746179743286e-43
2.256090527562955484e-43
-1.643723098653010424e-42
-2.445265820246805789e-42
-3.073047532264323837e-42
3.541081219348812738e-42
1.773903725988785930e-41
4.604106234385618968e-41
8.427689224142314828e-41
1.400765970908373640e-40
1.967142784219178204e-40
2.414381202093086821e-40
2.345577447494738302e-40
1.625996673079301488e-40
-1.156771882300136492e-41
-2.812434043869194358e-40
-6.164886476935243470e-40
-9.273583042131990653e-40
-1.106745527123740523e-39
-1.044473224667609977e-39
-5.857343502969875867e-40
3.570102110544979700e-40
1.749836424864007197e-39
3.397045954096257766e-39
4.936515249600430450e-39
5.795083812199924245e-39
5.307429144017959255e-39
2.815348744674989977e-39
-2.054815022639660384e-39
-9.161854712974444338e-39
-1.751273736698865162e-38
-2.519785471281135236e-38
-2.937478912333219409e-38
-2.668142621257360809e-38
-1.395966103278521845e-38
1.061728813957305774e-38
4.619770509139227503e-38
8.796361881796002520e-38
1.264473552294476158e-37
1.477211846811763981e-37
1.352593477548340831e-37
7.350587325252287216e-38
-4.668949078744706958e-38
-2.216677270643724241e-37
-4.288244592216633522e-37
-6.228396350143127121e-37
-7.367274435780975721e-37
-6.901149205101020074e-37
-4.061265630081614032e-37
1.632742411782684012e-37
1.006652190325870879e-36
2.023359650016228061e-36
3.004138355179907234e-36
3.633586558593526642e-36
3.525682361734735038e-36
2.299963321556604883e-36
-3.020399515816991853e-37
-4.272781342135523167e-36
-9.194495258997451734e-36
-1.413736434335715006e-35
-1.765265494472975740e-35
-1.791469748850919304e-35
-1.305014973307598654e-35
-1.659577367057605975e-36
1.651671442908864220e-35
3.990457503001446154e-35
6.455906810212160985e-35
8.402360725252635701e-35
8.983694339200845744e-35
7.288759481037877358e-35
2.567812882045443254e-35
-5.466434440407500475e-35
-1.630932175414319966e-34
-2.838481132198703319e-34
-3.892159141198521410e-34
-4.410142104420804770e-34
-3.958091976487670410e-34
-2.143578003983011470e-34
1.251612431401578919e-34
6.118449473562448849e-34
1.187875245072323251e-33
1.739957370866541854e-33
2.101674431358829739e-33
2.071756079749487046e-33
1.451443394552246502e-33
1.005252233520747745e-34
-1.993700867131987048e-33
-4.646744964505841693e-33
-7.425132024507876856e-33
-9.635693966951313615e-33
-1.037980025812105321e-32
-8.690902137421408253e-33
-3.760648139306385571e-33
4.762294589823734028e-33
1.644398459618122584e-32
2.978034416445234075e-32
4.205336917538487671e-32
4.943748967136050249e-32
4.745325520717248117e-32
3.182231891115275282e-32
-3.012285089218730771e-34
-4.885885257716823146e-32
-1.094409455799176609e-31
-1.722556373707685987e-31
-2.219871945864025587e-31
-2.390200607100434718e-31
-2.023846272822030758e-31
-9.451057452962924535e-32
9.254779871481548490e-32
3.502922854292201580e-31
6.478217546053974149e-31
9.286736390705262869e-31
1.112630699691724822e-30
1.104447754377232648e-30
8.106366089315764513e-31
1.639767129425317853e-31
-8.466917478181899168e-31
-2.146319524601435841e-30
-3.550510533155862344e-30
-4.758526016648451192e-30
-5.371874142466831447e-30
-4.946098427695038755e-30
-3.078746282035267527e-30
4.709540063744600301e-31
5.645092507677042483e-30
1.195811256639526888e-29
1.841116503534729144e-29
2.349100237056137188e-29
2.529341249703877855e-29
2.179965671193157756e-29
1.131070594937480787e-29
-6.991485305357469701e-30
-3.243120979749168513e-29
-6.229735776148907777e-29
-9.153486413604524799e-29
-1.128504187962290961e-28
-1.173984181004644867e-28
-9.615212469590566449e-29
-4.195171646762633212e-29
4.794156021546168866e-29
1.691513696017442102e-28
3.079174869156368295e-28
4.399733031914197464e-28
5.313496753301040773e-28
5.417931267500410830e-28
4.311887033808320765e-28
1.688701597557393690e-28
-2.550197024701025708e-28
-8.177902026191552558e-28
-1.454588057226609003e-27
-2.054036256126063865e-27
-2.462452234213726559e-27
-2.499509437459670241e-27
-1.986891790102913907e-27
-7.892757505310328160e-28
1.136076414872886866e-27
3.688352673541873034e-27
6.581565139872054119e-27
9.325556939297101047e-27
1.124371383042879002e-26
1.153948736608009313e-26
9.418422199727542541e-27
4.263075976408279002e-27
-4.154258623434466911e-27
-1.545088853464326287e-26
-2.844935026339830693e-26
-4.108466172332760482e-26
-5.046234126026762426e-26
-5.311928641881021241e-26
-4.551828495928719559e-26
-2.477057600984184937e-26
1.046992679369650823e-26
5.905689454098903933e-26
1.165226196582923656e-25
1.745946275220887938e-25
2.213039322108883442e-25
2.419102363023288685e-25
2.207938843318563837e-25
1.443255168987895195e-25
4.529155524177019713e-27
-1.968848291714334323e-25
-4.447899522932311596e-25
-7.081016151756567560e-25
-9.394299973396411077e-25
-1.077897075703661715e-24
-1.055846638465697688e-24
-8.096847130551637356e-25
-2.943621648842495710e-25
4.999151086158162777e-25
1.531169254880281804e-24
2.692680458941486834e-24
3.807554699324091410e-24
4.634927793937993011e-24
4.891246845845119830e-24
4.288505049436522224e-24
2.588731271384382582e-24
-3.293609157167047097e-25
-4.399635829459532262e-24
-9.305699060826513136e-24
-1.444114332190913372e-23
-1.890953232356320326e-23
-2.157969080366063021e-23
-2.120746205236666446e-23
-1.662682287706507626e-23
-7.001297517156618754e-24
7.887985063234088234e-24
2.735733647249190863e-23
4.959279156944466153e-23
7.154384022195989350e-23
8.900470206828798891e-23
9.693991071189132258e-23
9.008754934477952563e-23
6.383565943599192526e-23
1.531572816397870243e-23
-5.540215575755306640e-23
-1.441900914708608048e-22
-2.420481479240080004e-22
-3.348549197417460790e-22
-4.039377789966805699e-22
-4.276664625902389343e-22
-3.841682683795688702e-22
-2.551012336851955879e-22
-3.021498194621140301e-23
2.878068514575814618e-22
6.789600350798882259e-22
1.102914787204204706e-21
1.498409406864966512e-21
1.786021479098718043e-21
1.875056486047541003e-21
1.674872517409564471e-21
1.110320941548556137e-21
1.401636570581913758e-22
-1.223547043420916292e-21
-2.898025660492398566e-21
-4.717830682147945441e-21
-6.432382625411088168e-21
-7.716656458994956587e-21
-8.197918055755264162e-21
-7.499742075843563167e-21
-5.302189760167260919e-21
-1.414023453842311338e-21
4.150496257448807048e-21
1.110095042077559600e-20
1.881961747795868196e-20
2.634461360408568781e-20
3.240170826299058867e-20
3.549631048799937325e-20
3.407164697924163677e-20
2.673083424872692657e-20
1.250997989283865347e-20
-8.822753649930342174e-21
-3.647919815734270503e-20
-6.842198273907975260e-20
-1.012482899190771995e-19
-1.302413193558817403e-19
-1.496369081873573507e-19
-1.531357529314859463e-19
-1.346650424977241189e-19
-8.935846041772533540e-20
-1.468026836783695060e-20
8.842375278788894970e-20
2.145075525251540682e-19
3.529276460370480119e-19
4.876699652985604832e-19
5.978914717285217135e-19
6.593244180640334037e-19
6.466163389158046704e-19
5.365680234265967303e-19
3.120971579714238706e-19
-3.339730737190338767e-20
-4.917515329348385446e-19
-1.036443865843989690e-18
-1.620395844986132635e-18
-2.175888881948541801e-18
-2.617244332666010565e-18
-2.846749522726757720e-18
-2.764000648993637353e-18
-2.278459484700270371e-18
-1.324517785971707108e-18
1.221483134896336289e-19
2.028682786162839304e-18
4.291789385103819205e-18
6.729573368358847065e-18
9.080990596676600753e-18
1.101517130657770686e-17
1.215227416077781507e-17
1.209655031163256781e-17
1.048098633879708712e-17
7.021329069393038010e-18
1.575497515312519984e-18
-5.797238247615628300e-18
-1.478454319529508569e-17
-2.478491857304477501e-17
-3.489579204574174798e-17
-4.393372623717373853e-17
-5.049304019287018336e-17
-5.304646071703767428e-17
-5.008741398153133007e-17
-4.030878918239485641e-17
-2.280773191591642444e-17
2.699596159705105480e-18
3.567451310928896908e-17
7.458870224869902253e-17
1.168209444356307848e-16
1.586449696815451778e-16
1.953326797795380994e-16
2.213905631408529797e-16
2.309374714893561989e-16
2.182196688330269047e-16
1.782433400824293612e-16
1.074890037847178465e-16
4.655708322777136283e-18
-1.286317468590181343e-16
-2.872307517682849655e-16
-4.620880776440652610e-16
-6.401296385965908869e-16
-8.045077640165165973e-16
-9.352623342600316185e-16
-1.010427826241141417e-15
-1.007580948505419714e-15
-9.057856935747003735e-16
-6.878477690757539304e-16
-3.427437029445557079e-16
1.319490455178211948e-16
7.278301594058802625e-16
1.423894253949119313e-15
2.185424413254899965e-15
2.963788399475294176e-15
3.697334813665279288e-15
4.313528412903206918e-15
4.732395099166404606e-15
4.871266150868747147e-15
4.650711900414409780e-15
4.001434464806150060e-15
2.871823067776579398e-15
1.235757436693861715e-15
-8.998064880000322674e-16
-3.487986597344879501e-15
-6.436385255201510294e-15
-9.603251286088680672e-15
-1.279582688450738720e-14
-1.577121815305240760e-14
-1.823993633540653414e-14
-1.987220778828114459e-14
-2.030681531131964257e-14
-1.916222816002437906e-14
-1.604939224326019237e-14
-1.058564856864369075e-14
-2.408882080894188260e-15
8.808881765296969202e-15
2.334933394093456627e-14
4.143805456646547369e-14
6.323765702710357206e-14
8.884463531620007126e-14
1.182901162005006723e-13
1.515449414178290932e-13
1.885285005366610367e-13
2.291217346059304383e-13
2.731827893238947258e-13
3.205652973972683561e-13
3.711379348379090226e-13
4.248040450221396425e-13
4.815208561742556626e-13
5.413160696597640875e-13
6.043024153995490977e-13
6.706877891601847885e-13
7.407811885608295288e-13
8.149947730573536830e-13
8.938397439740841666e-13
9.779192429795746655e-13
1.067916046391947926e-12
1.164577874239458577e-12
1.268698579352800504e-12
1.381100095398934968e-12
1.502610861257858144e-12
1.634048040106972355e-12
1.776196377478722610e-12
1.929794865573875029e-12
2.095519938127843318e-12
2.273976579952874388e-12
2.465687810176975248e-12
2.671090128594788560e-12
2.890530696741944183e-12
3.124265820012017691e-12
3.372460513975661378e-12
3.635190672784949228e-12
3.912442418652073428e-12
4.204112752370647854e-12
4.510008685953970087e-12
4.829843556347634959e-12
5.163234857025189584e-12
5.509691661242932526e-12
5.868608116826878884e-12
6.239255206236249407e-12
6.620761230924365748e-12
7.012100101955187625e-12
7.412078763258111991e-12
7.819315507584523317e-12
8.232230869209544721e-12
8.649030276697278197e-12
9.067689307751258809e-12
9.485943280873598837e-12
9.901281183832821853e-12
1.031093526532300686e-11
1.071187756551683634e-11
1.110082598759776218e-11
1.147423215469567381e-11
1.182829615503644405e-11
1.215898041972973687e-11
1.246200191651336553e-11
1.273286424213759815e-11
1.296686976542948955e-11
1.315913437244242701e-11
1.330461869147869791e-11
1.339814804240946344e-11
1.343444452905906417e-11
1.340816173367453956e-11
1.331392114611862354e-11
1.314634859306273995e-11
1.290011673871216402e-11
1.256999365706334970e-11
1.215089053679951903e-11
1.163791632508015539e-11
1.102642456507485491e-11
1.031207324392324765e-11
9.490889844865346703e-12
8.559324256307565548e-12
7.514312089229591152e-12
6.353334958825174184e-12
5.074489439760299092e-12
3.676538240515725420e-12
2.158977423921681904e-12
5.220905630563821287e-13
-1.232995910233070092e-12
-3.104262073089225638e-12
-5.088746264647614481e-12
-7.182508494213424299e-12
-9.380591789454051366e-12
-1.167699183873827096e-11
-1.406464354702929853e-11
-1.653540672441611292e-11
-1.908005871353868343e-11
-2.168831260418446760e-11
-2.434881289647972125e-11
-2.704918233842334985e-11
-2.977605662035642808e-11
-3.251513294721952718e-11
-3.525121514136309031e-11
-3.796830558289165936e-11
-4.064966765970901008e-11
-4.327793678982061465e-11
-4.583520368806048850e-11
-4.830312885784060484e-11
-5.066308483847592470e-11
-5.289623947191124387e-11
-5.498373631396269445e-11
-5.690681953440801522e-11
-5.864698310320548558e-11
-6.018610609892505181e-11
-6.150664699777763644e-11
-6.259176510425845663e-11
-6.342552177907023747e-11
-6.399301921700129014e-11
-6.428054616369749397e-11
-6.427575138800989407e-11
-6.396779633766058737e-11
-6.334749391712080069e-11
-6.240743338770116111e-11
-6.114213996211148583e-11
-5.954809562114249388e-11
-5.762393340269511555e-11
-5.537049638237867555e-11
-5.279082726517003721e-11
-4.989028287716301691e-11
-4.667654110446228799e-11
-4.315956272926690929e-11
-3.935163653268070050e-11
-3.526726827240977968e-11
-3.092316333552780350e-11
-2.633811918562045662e-11
-2.153291780992994120e-11
-1.653022857484032215e-11
-1.135444342714730936e-11
-6.031536381456703566e-12
-5.888790431847479301e-13
4.944941157936089127e-12
1.054031254638099213e-11
1.616681094551708497e-11
2.179340909125304648e-11
2.738871282548238639e-11
3.292118661013532233e-11
3.835936429608111098e-11
4.367212147471377648e-11
4.882887844059879967e-11
5.379987080833537050e-11
5.855631257656312982e-11
6.307068756150613353e-11
6.731692980821435413e-11
7.127066298240336550e-11
7.490934955667327699e-11
7.821242264949290757e-11
8.116157745874374996e-11
8.374079207840168237e-11
8.593653566535408572e-11
8.773776843939984360e-11
8.913610821670303608e-11
9.012582347089903578e-11
9.070388884424573916e-11
9.086999208651747040e-11
9.062650629942936575e-11
8.997842054769833453e-11
8.893327740899792389e-11
8.750116603506441493e-11
8.569446541262237815e-11
8.352786518006638516e-11
8.101817827732560318e-11
7.818409808457715826e-11
7.504613597220100019e-11
7.162636456170545785e-11
6.794828588674306502e-11
6.403656077624830800e-11
5.991686313766564354e-11
5.561560587064029448e-11
5.115977433356455606e-11
4.657670429897287079e-11
4.189385990893690348e-11
3.713862550824842401e-11
3.233810094704914206e-11
2.751891249597182565e-11
2.270702029183446768e-11
1.792756394725092406e-11
1.320468040466593607e-11
8.561357352221410366e-12
4.019311359432231612e-12
-4.011479191358413576e-13
-4.681207678436383191e-12
-8.803635771770235152e-12
-1.275284999130432695e-11
-1.651497341659258211e-11
-2.007786645275011495e-11
-2.343114764713494225e-11
-2.656619368934798331e-11
-2.947611599246613423e-11
-3.215573293746665229e-11
-3.460154385237501629e-11
-3.681167176639021932e-11
-3.878575932647621016e-11
-4.052494104178627765e-11
-4.203171491412582839e-11
-4.330988692680115548e-11
-4.436444614452916824e-11
-4.520145022168797766e-11
-4.582791784946138591e-11
-4.625173855021813552e-11
-4.648154083852773510e-11
-4.652657425996409302e-11
-4.639659836880305477e-11
-4.610179599184860422e-11
-4.565258934774441002e-11
-4.505965045531468149e-11
-4.433370684453485921e-11
-4.348549298427428766e-11
-4.252567395446327225e-11
-4.146474136268452071e-11
-4.031294395523410401e-11
-3.908024251431108098e-11
-3.777624046907845923e-11
-3.641013879285281973e-11
-3.499070477808174928e-11
-3.352623040298041701e-11
-3.202452886208462246e-11
-3.049289640233432408e-11
-2.893811405779711521e-11
-2.736645805800907993e-11
-2.578368595018698528e-11
-2.419507302842127672e-11
-2.260541406839955414e-11
-2.101902853157699980e-11
-1.943982128049803748e-11
-1.787129298713718839e-11
-1.631657656209206664e-11
-1.477846664488247086e-11
-1.325946383939902162e-11
-1.176180246947877706e-11
-1.028749828380082221e-11
-8.838379680908836633e-12
-7.416118934233661975e-12
-6.022271657052380434e-12
-4.658308027510882354e-12
-3.325639459997309366e-12
-2.025648962802883979e-12
-7.597107621812315692e-13
4.707876883475181629e-13
1.664430095485447403e-12
2.819757882049911402e-12
3.935262705978548325e-12
5.009380063536461591e-12
6.040493626124909810e-12
7.026929819270444355e-12
7.966971700412717183e-12
8.858864163074908760e-12
9.700829549375011851e-12
1.049108456357972230e-11
1.122785545093485382e-11
1.190939968170878771e-11
1.253402763523592256e-11
1.310012515132186195e-11
1.360618822471293399e-11
1.405082994399009522e-11
1.443282039020887808e-11
1.475110832094284063e-11
1.500483765015658832e-11
1.519338301003703151e-11
1.531635408780207541e-11
1.537362598336144970e-11
1.536535482182799228e-11
1.529199510075240909e-11
1.515429448595284612e-11
1.495332156709050508e-11
1.469046585766964341e-11
1.436743172350540831e-11
1.398624011744731277e-11
1.354922944674097351e-11
1.305903822579335127e-11
1.251860160672579880e-11
1.193112796060713521e-11
1.130009540800669399e-11
1.062921192035437556e-11
9.922410115770219363e-12
9.183812564594884265e-12
8.417701431728819017e-12
7.628497659950550513e-12
6.820723673361950290e-12
5.998974754450880909e-12
5.167884783302545415e-12
4.332094145215181769e-12
3.496215903592281293e-12
2.664802840196545120e-12
1.842314712244275121e-12
1.033088111584978819e-12
2.413052396788017973e-13
-5.290339021891965476e-13
-1.274139322694767262e-12
-1.990454242400963025e-12
-2.674679054626150077e-12
-3.323791762654959570e-12
-3.935063212778810993e-12
-4.506073465748716700e-12
-5.034722638797006766e-12
-5.519240012935577866e-12
-5.958187936083714220e-12
-6.350465726195908545e-12
-6.695312273347076015e-12
-6.992296065072567401e-12
-7.241316487410776048e-12
-7.442588212391854086e-12
-7.596635993867284498e-12
-7.704274718189907389e-12
-7.766605067405230045e-12
-7.784979258462776386e-12
-7.760998441130873005e-12
-7.696480605612343595e-12
-7.593444102671487173e-12
-7.454082490143676409e-12
-7.280742848891907926e-12
-7.075900195635531631e-12
-6.842134931545063026e-12
-6.582108122432650532e-12
-6.298535044219066847e-12
-5.994171305145901130e-12
-5.671778151306039462e-12
-5.334109889898464019e-12
-4.983891337823065371e-12
-4.623797872360668748e-12
-4.256437216576536287e-12
-3.884334694170821223e-12
-3.509916532765111619e-12
-3.135497937678533020e-12
-2.763271382544285615e-12
-2.395295984128353872e-12
-2.033489912914299147e-12
-1.679624213150876511e-12
-1.335317273420955075e-12
-1.002031357194566041e-12
-6.810697839032542333e-13
-3.735778776169790261e-13
-8.054301447795939040e-14
1.972024838347782860e-13
4.589785582848060486e-13
7.042527910665341562e-13
9.326350455807208562e-13
1.143871781149330413e-12
1.337838151892201122e-12
1.514530796782598276e-12
1.674060412862332647e-12
1.816643081624380596e-12
1.942590619613548952e-12
2.052302338489964129e-12
2.146256479831909481e-12
2.225000348896055691e-12
2.289141098898994642e-12
2.339337274240294029e-12
2.376289920044682979e-12
2.400735643268148145e-12
2.413436204357077841e-12
2.415170927833054648e-12
2.406732582324599967e-12
2.388918273268925141e-12
2.362523154539331038e-12
2.328335007434345627e-12
2.287129687028599534e-12
2.239664833800225630e-12
2.186677271545645063e-12
2.128879754773049804e-12
2.066955764531974715e-12
2.001557773689821573e-12
1.933306596410555578e-12
1.862787918707753398e-12
1.790550238460475452e-12
1.717107901179348861e-12
1.642936004256356775e-12
1.568472890629835081e-12
1.494119715103603419e-12
1.420240986448051412e-12
1.347165760022528413e-12
1.275188505137081485e-12
1.204569755573758894e-12
1.135538386411172329e-12
1.068293240327755633e-12
1.003004428644371782e-12
9.398156081488751035e-13
8.788442521466544033e-13
8.201850114873676656e-13
7.639091182537471880e-13
7.100678009984429107e-13
6.586913089620671791e-13
6.097915141584087095e-13
5.633628871563878260e-13
5.193829307609254542e-13
4.778140231566363472e-13
4.386046918453817556e-13
4.016913754747997167e-13
3.670001043516724071e-13
3.344489127917599225e-13
3.039502243645797464e-13
2.754135081887293390e-13
2.487476641766656060e-13
2.238638148552990481e-13
2.006778938986805705e-13
1.791125163767490203e-13
1.590985508484812905e-13
1.405760273812117767e-13
1.234943950486483422e-13
1.078118171994602026e-13
9.349384330961663103e-14
8.051141676089501598e-14
6.883827275566689607e-14
5.844822781146674640e-14
4.931225919138984559e-14
4.139590620701009971e-14
3.465706115645360297e-14
2.904452259212472742e-14
2.449743458489504061e-14
2.094562553728220727e-14
1.831096004803380722e-14
1.650961234855776588e-14
1.545507157581921254e-14
1.506165526500569118e-14
1.524827186987886413e-14
1.594209180356791211e-14
1.708184747893203709e-14
1.862051162673968030e-14
2.052711164024154100e-14
2.278755458526120214e-14
2.540443746481494541e-14
2.839584104419486110e-14
3.179326309057754762e-14
3.563884349308890642e-14
3.998215400793404817e-14
4.487677116309270187e-14
5.037692539597987684e-14
5.653445512296753628e-14
6.339622159482957708e-14
7.100220476667640224e-14
7.938421919600688326e-14
8.856541937546716370e-14
9.856033361416854932e-14
1.093754603488823751e-13
1.210103387936853347e-13
1.334587415623492146e-13
1.467099824872114544e-13
1.607502379905728640e-13
1.755635160903892822e-13
1.911326999448625941e-13
2.074398595605653206e-13
2.244668481036354857e-13
2.421948275613261536e-13
2.606043636096955218e-13
2.796743956215430593e-13
2.993815590400517035e-13
3.196991824917783109e-13
3.405960138491009870e-13
3.620345397168517332e-13
3.839699012301439618e-13
4.063478069651904612e-13
4.291029066360446675e-13
4.521571647913419367e-13
4.754179363554433824e-13
4.987760421695797142e-13
5.221047118947330645e-13
5.452576866578351389e-13
5.680681077445404181e-13
5.903483539689002857e-13
6.118889032610819179e-13
6.324588205583459022e-13
6.518064083263497288e-13
6.696598570804512818e-13
6.857287090586416944e-13
6.997055387349127020e-13
7.112681754337102369e-13
7.200812754230845325e-13
7.257989782100127130e-13
7.280670207346351397e-13
7.265249599847090067e-13
7.208082871898446875e-13
7.105514093774800699e-13
6.953884083144012962e-13
6.749566725840205894e-13
6.488986323098522302e-13
6.168641986104006492e-13
5.785142872562210048e-13
5.335229328641555302e-13
4.815811378150458566e-13
4.224006398562824005e-13
3.557181947003856815e-13
2.812996417831531426e-13
1.989448509360711159e-13
1.084926826112539433e-13
9.825796487485539271e-15
-9.712411132506773570e-14
-2.123712582744255450e-13
-3.358711149915177829e-13
-4.675157830313914076e-13
-6.071296894047395476e-13
-7.544658257516156930e-13
-9.092021840267916488e-13
-1.070939127309489258e-12
-1.239196679297949188e-12
-1.413413331687041197e-12
-1.592944526285222651e-12
-1.777061570812366043e-12
-1.964952939942365973e-12
-2.155723733202052905e-12
-2.348398168636189887e-12
-2.541922184892686509e-12
-2.735164959105640392e-12
-2.926925412108372093e-12
-3.115933726316466590e-12
-3.300860236185587659e-12
-3.480321066062774804e-12
-3.652884852239912661e-12
-3.817081633411545383e-12
-3.971413042175298003e-12
-4.114359894447083832e-12
-4.244396934610650263e-12
-4.360000641773220664e-12
-4.459664408595909180e-12
-4.541908515953707592e-12
-4.605296179127638112e-12
-4.648443522464740241e-12
-4.670036492931961547e-12
-4.668843003180489504e-12
-4.643727243014428296e-12
-4.593661388774261667e-12
-4.517741215848136704e-12
-4.415196507012719707e-12
-4.285404930221003994e-12
-4.127902013262296776e-12
-3.942395888911764956e-12
-3.728770330696518087e-12
-3.487096245438636721e-12
-3.217639913191683299e-12
-2.920867324049392089e-12
-2.597449815996966116e-12
-2.248264942272815148e-12
-1.874399723975073151e-12
-1.477147505875298084e-12
-1.058006655375864913e-12
-6.186769304326877883e-13
-1.610524457936260423e-13
3.127861468096848618e-13
8.005813351662227628e-13
1.299910591494313206e-12
1.808199965626366978e-12
2.322739440022147939e-12
2.840697945968861937e-12
3.359144559733628910e-12
3.875064765596070160e-12
4.385382248311975317e-12
4.886981878199359031e-12
5.376731178341476181e-12
5.851503309672878572e-12
6.308200056065471628e-12
6.743776544138047058e-12
7.155264228342339550e-12
7.539796911815166425e-12
7.894631129379270362e-12
8.217169999991114082e-12
8.504986645507806031e-12
8.755839803198384175e-12
8.967698979234217660e-12
9.138757459115076642e-12
9.267453991712581995e-12
9.352481462887585195e-12
9.392809446895356018e-12
9.387679869576892600e-12
9.336628692402371144e-12
9.239484177747669946e-12
9.096379031958701233e-12
8.907742599095769265e-12
8.674305197742260276e-12
8.397095518919428514e-12
8.077431085107278363e-12
7.716913046074136417e-12
7.317415770535795616e-12
6.881072101005969444e-12
6.410262078093698079e-12
5.907594292225981647e-12
5.375885066966068493e-12
4.818142412821302401e-12
4.237539139029244950e-12
3.637395072642046756e-12
3.021148652429528347e-12
2.392334811154861463e-12
1.754556244216998184e-12
1.111457930899617530e-12
4.667014387796375452e-13
-1.760620051442438050e-13
-8.132184162179534326e-13
-1.441216286937607727e-12
-2.056591659124751281e-12
-2.655992830183362408e-12
-3.236203622788980105e-12
-3.794163767889546790e-12
-4.326991456110595990e-12
-4.831997215543060165e-12
-5.306708197871934374e-12
-5.748877936195828653e-12
-6.156498054410430854e-12
-6.527812144996314458e-12
-6.861327044721532431e-12
-7.155812834641617215e-12
-7.410310212674353636e-12
-7.624131360961516890e-12
-7.796864716358431480e-12
-7.928367164178329318e-12
-8.018764471873218724e-12
-8.068435676522600630e-12
-8.078018289003896513e-12
-8.048390079395950636e-12
-7.980659535999912180e-12
-7.876151987551427425e-12
-7.736391388624141996e-12
-7.563095982821010921e-12
-7.358147945113469035e-12
-7.123583407181444116e-12
-6.861572074412514155e-12
-6.574399444986278596e-12
-6.264444258469170634e-12
-5.934161148579697453e-12
-5.586059392825859504e-12
-5.222685998951259734e-12
-4.846604888253391863e-12
-4.460375211540190676e-12
-4.066537037661355214e-12
-3.667593138911851014e-12
-3.265990993275846854e-12
-2.864109557160210429e-12
-2.464241050798010590e-12
-2.068580766748095989e-12
-1.679213734208373499e-12
-1.298103226472779870e-12
-9.270825209947708423e-13
-5.678466594508102538e-13
-2.219447634574725492e-13
1.092240447392311964e-13
4.244151417028690920e-13
7.225406796311506508e-13
1.002670928056115240e-12
1.264034124766333367e-12
1.506014930818810882e-12
1.728152668710458695e-12
1.930135955577338969e-12
2.111800534790320150e-12
2.273121578119652320e-12
2.414208589984756514e-12
2.535297059097496586e-12
2.636742170089578785e-12
2.719009262533433890e-12
2.782665591005706318e-12
2.828369483065529266e-12
2.856863834041489802e-12
2.868965265009904009e-12
2.865551546049616150e-12
2.847556608912005238e-12
2.815956452392742726e-12
2.771763504480495577e-12
2.716013828771290939e-12
2.649760185574612237e-12
2.574063791976888282e-12
2.489983479819768419e-12
2.398571575731867078e-12
2.300863059107038922e-12
2.197871225295688902e-12
2.090580746710868354e-12
1.979942034976978071e-12
1.866866253599774872e-12
1.752221414838550650e-12
1.636828368158094182e-12
1.521457113941304673e-12
1.406825394026367526e-12
1.293596414882192125e-12
1.182375811842328872e-12
1.073713383828445167e-12
9.681016838875011743e-13
8.659759107715325754e-13
7.677152641903661756e-13
6.736432158621630251e-13
5.840293526571116445e-13
4.990914365815557474e-13
4.189973021317960900e-13
3.438669433832725053e-13
2.737753058111580540e-13
2.087548477179915207e-13
1.487988606028306515e-13
9.386423387679199148e-14
4.387440931397090793e-14
-1.277587841156660117e-15
-4.172562564019009768e-14
-7.762770325636311752e-14
-1.091627805402221874e-13
-1.365278333095854002e-13
-1.599347417740107358e-13
-1.796078883493576472e-13
-1.957811489967584140e-13
-2.086954198864121590e-13
-2.185963947831312537e-13
-2.257321391439803815e-13
-2.303511656594203760e-13
-2.327004962419249035e-13
-2.330241034853575144e-13
-2.315610539687512626e-13
-2.285443698440275950e-13
-2.241996600307535892e-13
-2.187443341695669008e-13
-2.123862744745144693e-13
-2.053234698148193038e-13
-1.977431348006153389e-13
-1.898211134717525672e-13
-1.817217166674711670e-13
-1.735972612404781956e-13
-1.655878396639859362e-13
-1.578213606892933663e-13
-1.504133189528245040e-13
-1.434669847115085939e-13
-1.370734987104701985e-13
-1.313119263931378233e-13
-1.262496373720042864e-13
-1.219425764791698397e-13
-1.184354399491951981e-13
-1.157622310727149384e-13
-1.139466125621435566e-13
-1.130022995749629944e-13
-1.129335950385453036e-13
-1.137356539244321896e-13
-1.153951473221656587e-13
-1.178904386221410472e-13
-1.211921052879025296e-13
-1.252632437880041305e-13
-1.300597813041343143e-13
-1.355307738867134182e-13
-1.416187588205997105e-13
-1.482599579129967315e-13
-1.553846976217951315e-13
-1.629177478687515723e-13
-1.707787150627762540e-13
-1.788826384111277812e-13
-1.871406268881894985e-13
-1.954606181769902307e-13
-2.037482053733608023e-13
-2.119075721103078069e-13
-2.198425496551317804e-13
-2.274575926913824375e-13
-2.346587822058682216e-13
-2.413547335079757605e-13
-2.474574093812992315e-13
-2.528824046867106379e-13
-2.575497595139891738e-13
-2.613833899756806689e-13
-2.643114676778579586e-13
-2.662658776190346410e-13
-2.671815405638072738e-13
-2.669959251518777554e-13
-2.656483431666412098e-13
-2.630793532239911192e-13
-2.592308420874822605e-13
-2.540458349329505205e-13
-2.474691187647620749e-13
-2.394482453028229374e-13
-2.299352928111092487e-13
-2.188885330585074729e-13
-2.062751553767727675e-13
-1.920737196679442316e-13
-1.762771515128463973e-13
-1.588953171512488827e-13
-1.399575713569717328e-13
-1.195144921613613964e-13
-9.763920900095202082e-14
-7.442766699174499512e-14
-4.999801706548692715e-14
-2.448900999520164934e-14
1.942600184309589348e-15
2.912557009264980790e-14
5.687839115713425042e-14
8.501396608169217717e-14
1.133446296346617144e-13
1.416870635574662973e-13
1.698670501135146615e-13
1.977234294261304148e-13
2.251115960305583030e-13
2.519061077354417533e-13
2.780019053502669202e-13
3.033150716268834257e-13
3.277822891584181164e-13
3.513598103872112022e-13
3.740215873560687188e-13
3.957570490938089325e-13
4.165687434755371843e-13
4.364697622424862367e-13
4.554818436482144239e-13
4.736333395795322421e-13
4.909577518835694931e-13
5.074924313251683028e-13
5.232785775868831202e-13
5.383601550668082325e-13
5.527845433998812563e-13
5.666020495669055190e-13
5.798662331552018045e-13
5.926335268878479834e-13
6.049628571529186427e-13
6.169146682215298494e-13
6.285500006759925373e-13
6.399284856357934093e-13
6.511068810846620813e-13
6.621366324156829908e-13
6.730617582370590490e-13
6.839163024970063010e-13
6.947221660794089537e-13
7.054868841893657816e-13
7.162017289993882763e-13
7.268398122955987972e-13
7.373550012755580862e-13
7.476799669843547935e-13
7.577253711629761135e-13
7.673785109955921779e-13
7.765025601680353162e-13
7.849350509847585755e-13
7.924861938554683682e-13
7.989381725637123566e-13
8.040429758625344814e-13
8.075210964318679796e-13
8.090599045752766560e-13
8.083128892784341435e-13
8.048973271744530589e-13
7.983955293763833616e-13
7.883543535862347351e-13
7.742867219780180665e-13
7.556733017111127992e-13
7.319661912176533836e-13
7.025927149101329761e-13
6.669614405034607341e-13
6.244680337066932374e-13
5.745023055371556442e-13
5.164566690973870777e-13
4.497342168813256436e-13
3.737578009675029955e-13
2.879793029476190869e-13
1.918884024116121467e-13
8.502218568941233290e-14
-3.302634316200425690e-14
-1.625995887412357011e-13
-3.039671379184705202e-13
-4.573178316071013771e-13
-6.227526632394952966e-13
-8.002774875073837002e-13
-9.897967861993706151e-13
-1.191106891937354639e-12
-1.403891326107187254e-12
-1.627715215217484523e-12
-1.862019219367461176e-12
-2.106118664885192615e-12
-2.359196171752842019e-12
-2.620302195707746584e-12
-2.888352317736986308e-12
-3.162125509353908015e-12
-3.440267602045077311e-12
-3.721291504110713078e-12
-4.003580019590335937e-12
-4.285392353475803162e-12
-4.564869315881736611e-12
-4.840045465109854561e-12
-5.108852143415054670e-12
-5.369136125282780725e-12
-5.618668291046402530e-12
-5.855160540441106676e-12
-6.076278369349097375e-12
-6.279665589609129128e-12
-6.462954303676493595e-12
-6.623789190751683265e-12
-6.759849190823841170e-12
-6.868863117182044675e-12
-6.948635243586576138e-12
-6.997066120950634627e-12
-7.012174261383785634e-12
-6.992120424320624750e-12
-6.935225397436406425e-12
-6.839992114371362675e-12
-6.705128206135890778e-12
-6.529562047302706063e-12
-6.312464006369422620e-12
-6.053264660355051063e-12
-5.751665203140854388e-12
-5.407654359024238744e-12
-5.021520525783085276e-12
-4.593859147250523023e-12
-4.125582254294046791e-12
-3.617921283741165617e-12
-3.072427945741140753e-12
-2.490977476371503130e-12
-1.875760397701542459e-12
-1.229278397824051794e-12
-5.543350609267527762e-13
1.459773328691543748e-13
8.682937723859807111e-13
1.608992995262570336e-12
2.364220147779705350e-12
3.129909309160239239e-12
3.901809864786942583e-12
4.675515183349965298e-12
5.446493516608752472e-12
6.210119658095480943e-12
6.961706818658930374e-12
7.696545657742692725e-12
8.409937676812084817e-12
9.097234250632357799e-12
9.753872189099954682e-12
1.037540799803116087e-11
1.095756211461074159e-11
1.149624926505277145e-11
1.198760968962320206e-11
1.242804990864154746e-11
1.281427481486518971e-11
1.314331109225630456e-11
1.341253583891921508e-11
1.361970692476122125e-11
1.376297686928040775e-11
1.384091105616214179e-11
1.385251028468426071e-11
1.379721857597271395e-11
1.367493097925720491e-11
1.348599443923292895e-11
1.323121907176316725e-11
1.291186341872974097e-11
1.252963531539474928e-11
1.208667367580407159e-11
1.158554155389346363e-11
1.102921313306248763e-11
1.042104510323715871e-11
9.764756711549971158e-12
9.064401139402544771e-12
8.324341216336961224e-12
7.549218195013196464e-12
6.743910985207435260e-12
5.913514903449490490e-12
5.063296570212427739e-12
4.198662684889997720e-12
3.325114706145826382e-12
2.448220012135626789e-12
1.573568098739430710e-12
7.067359935122863313e-13
-1.467500437574847938e-13
-9.814504894553599534e-13
-1.792048389022415922e-12
-2.573380961448656912e-12
-3.320474320847588423e-12
-4.028568711261781843e-12
-4.693152550611090490e-12
-5.309984223156316574e-12
-5.875116799308743865e-12
-6.384916467067069945e-12
-6.836085517103462905e-12
-7.225671016380941225e-12
-7.551087359558561474e-12
-7.810115401629680321e-12
-8.000919371475845310e-12
-8.122043836100711900e-12
-8.172420205843078378e-12
-8.151370203823837812e-12
-8.058593722881646215e-12
-7.894171427658136508e-12
-7.658558683065752604e-12
-7.352569941776465612e-12
-6.977375274774821889e-12
-6.534481723080576288e-12
-6.025728527259133216e-12
-5.453263274973751962e-12
-4.819530625282952840e-12
-4.127256696129233404e-12
-3.379429331859529206e-12
-2.579281406511757524e-12
-1.730273910260926584e-12
-8.360768132507911954e-13
9.944779374992940291e-14
1.072267817071870244e-12
2.078194170571090460e-12
3.112900779159155640e-12
4.171938836061706013e-12
5.250757727920385420e-12
6.344713816830438446e-12
7.449091690703291135e-12
8.559118691575662297e-12
9.669971420822598418e-12
1.077679872424353036e-11
1.187472516150922530e-11
1.295886661867307055e-11
1.402434071651192937e-11
1.506627461678178292e-11
1.607981456319684810e-11
1.706014322866433730e-11
1.800247798056098247e-11
1.890207955435041498e-11
1.975426419664749744e-11
2.055442448190003546e-11
2.129800155681316198e-11
2.198052503898928478e-11
2.259761648637503839e-11
2.314497551947347631e-11
2.361842492415444639e-11
2.401387595718507129e-11
2.432738038793402779e-11
2.455511662058373901e-11
2.469338622468342237e-11
2.473866771157684497e-11
2.468759398299713581e-11
2.453698008664240149e-11
2.428381974672877419e-11
2.392532873207731114e-11
2.345894312139051863e-11
2.288233318104015979e-11
2.219341203868463452e-11
2.139038252080283087e-11
2.047172847907674509e-11
1.943624601541404928e-11
1.828306603335327907e-11
1.701165944223426152e-11
1.562186491277373079e-11
1.411391142847051583e-11
1.248843823492551408e-11
1.074650091137385743e-11
8.889611269324859677e-12
6.919733015753326555e-12
4.839311243398647377e-12
2.651289777999554786e-12
3.591279834277982808e-13
-2.033206068785542442e-12
-4.521207627034007359e-12
-7.099829404944024702e-12
-9.763473883539486309e-12
-1.250599103441718540e-11
-1.532067875342768559e-11
-1.820027982490923790e-11
-2.113700013628427854e-11
-2.412248178984555125e-11
-2.714786381807776650e-11
-3.020375269335850987e-11
-3.328027436966252139e-11
-3.636707254783821952e-11
-3.945334337007722070e-11
-4.252787358383081084e-11
-4.557906135849165707e-11
-4.859495097986332723e-11
-5.156329876965237702e-11
-5.447159390215006169e-11
-5.730712779317137517e-11
-6.005701491673676173e-11
-6.270829688848067462e-11
-6.524796675178023975e-11
-6.766301408056563105e-11
-6.994055334885729280e-11
-7.206781005297813181e-11
-7.403226642832549942e-11
-7.582167532715899938e-11
-7.742417817979685424e-11
-7.882833275019152097e-11
-8.002321721933824961e-11
-8.099846487974460274e-11
-8.174440291330853370e-11
-8.225205239131838653e-11
-8.251321848007364679e-11
-8.252058758539959626e-11
-8.226773429154121686e-11
-8.174923238346565313e-11
-8.096068954133173179e-11
-7.989880285164119300e-11
-7.856135880723869036e-11
-7.694735820740206123e-11
-7.505702309673623063e-11
-7.289176207070369173e-11
-7.045424660345744883e-11
-6.774843880341663294e-11
-6.477958447437259792e-11
-6.155416454323159314e-11
-5.808000261287027399e-11
-5.436611924536371987e-11
-5.042277012590190566e-11
-4.626144259334274977e-11
-4.189475502625050751e-11
-3.733648459847138668e-11
-3.260142503180851747e-11
-2.770537445295762069e-11
-2.266509896431401216e-11
-1.749818866192409672e-11
-1.222301947156889668e-11
-6.858661642100694067e-12
-1.424785311433807156e-12
4.058456262029386252e-12
9.570485029475328531e-12
1.509045492731342364e-11
2.059730858094965811e-11
2.606993093623444224e-11
3.148722255152947014e-11
3.682823143669189392e-11
4.207225540175940637e-11
4.719896695704051126e-11
5.218848617150051439e-11
5.702151945063960170e-11
6.167948096713615769e-11
6.614452041642238100e-11
7.039967220290321848e-11
7.442893523723626004e-11
7.821740477531591296e-11
8.175118915154655497e-11
8.501764570123526710e-11
8.800538076059183368e-11
9.070434681124339704e-11
9.310577309129541845e-11
9.520233212878537188e-11
9.698812586389493617e-11
9.845869258784389899e-11
9.961100694289015678e-11
1.004435562501626578e-10
1.009562086706772277e-10
1.011503311665329363e-10
1.010286784786096348e-10
1.005954000654618596e-10
9.985599153106150538e-11
9.881730156369172846e-11
9.748739315806886907e-11
9.587551585976683555e-11
9.399202943738416138e-11
9.184836918807448569e-11
8.945696267081970632e-11
8.683113256191532514e-11
8.398496481598627383e-11
8.093330172709300996e-11
7.769160315085343882e-11
7.427592568776120174e-11
7.070268676079294323e-11
6.698867849319611878e-11
6.315096362508043626e-11
5.920674367443368169e-11
5.517331730375829579e-11
5.106793807274634389e-11
4.690774851878742879e-11
4.270970035968879586e-11
3.849044000192591852e-11
3.426628078506688269e-11
3.005308849002297222e-11
2.586623797096176958e-11
2.172052468440988093e-11
1.763013172950689267e-11
1.360854397919331049e-11
9.668545478125345483e-12
5.822124032883735367e-12
2.080488776048938782e-12
-1.546016244712011822e-12
-5.047891792064884697e-12
-8.416527023935582719e-12
-1.164419689142492942e-11
-1.472408306391059796e-11
-1.765025799127517558e-11
-2.041769357752354352e-11
-2.302225771133592502e-11
-2.546068043896010380e-11
-2.773054182114709221e-11
-2.983027366787460721e-11
-3.175911617026017097e-11
-3.351707453247421142e-11
-3.510489121616444663e-11
-3.652401645015679321e-11
-3.777660129156146240e-11
-3.886539007291744952e-11
-3.979372040219253392e-11
-4.056546765163204782e-11
-4.118500332439545275e-11
-4.165715689063986815e-11
-4.198714986802798421e-11
-4.218057500504635016e-11
-4.224333383096023908e-11
-4.218158461410936866e-11
-4.200171807577923744e-11
-4.171028106236818189e-11
-4.131397307594042445e-11
-4.081959076307484224e-11
-4.023396546481983194e-11
-3.956395627779940583e-11
-3.881642229863757620e-11
-3.799814629612541239e-11
-3.711583471122104072e-11
-3.617609337092098087e-11
-3.518538932434367439e-11
-3.415000573991910926e-11
-3.307606272207053166e-11
-3.196947220840407056e-11
-3.083592756136788182e-11
-2.968089315991129240e-11
-2.850958531752656455e-11
-2.732695320029066011e-11
-2.613769096992957230e-11
-2.494622911020094591e-11
-2.375670667131846159e-11
-2.257300422969787945e-11
-2.139871786710489943e-11
-2.023716437482558916e-11
-1.909139339673071589e-11
-1.796419263344617434e-11
-1.685806702567127502e-11
-1.577528906115954754e-11
-1.471786754969617306e-11
-1.368758145020576578e-11
-1.268596252351761322e-11
-1.171433783309083765e-11
-1.077380719360920835e-11
-9.865283936982827129e-12
-8.989484504007272392e-12
-8.146944924236620977e-12
-7.338039030579945887e-12
-6.562984964514351205e-12
-5.821854717064089968e-12
-5.114586271864896005e-12
-4.440993146143101811e-12
-3.800780436907791326e-12
-3.193552193525572847e-12
-2.618821609221000379e-12
-2.076020562055691521e-12
-1.564507421183969349e-12
-1.083580816220452991e-12
-6.324797998703834967e-13
-2.103993655732175339e-13
1.835039824087114635e-13
5.501051545710178292e-13
8.903062748838452833e-13
1.205027614151199522e-12
1.495203158334568183e-12
1.761776705425099898e-12
2.005696823903502235e-12
2.227910998048310276e-12
2.429362483749586410e-12
2.610989549567399592e-12
2.773717236795314456e-12
2.918462129949950246e-12
3.046122815791862948e-12
3.157580967527717775e-12
3.253699610086813188e-12
3.335320734876301429e-12
3.403265950302492016e-12
3.458333012323899780e-12
3.501296258132113870e-12
3.532905521949625260e-12
3.553887219231999239e-12
3.564940226699619963e-12
3.566740652827249392e-12
3.559936416833164863e-12
3.545150934966545542e-12
3.522981819464865438e-12
3.494002830117803882e-12
3.458759971139424572e-12
3.417776695338603510e-12
3.371549133629470063e-12
3.320553684446614362e-12
3.265238773808576411e-12
3.206031794211749997e-12
3.143335852023865229e-12
3.077532586409637005e-12
3.008980868288158028e-12
2.938020703460719751e-12
2.864969112642556937e-12
2.790124034590668600e-12
2.713763458742080026e-12
2.636146509416015249e-12
2.557515180537373034e-12
2.478093468274988886e-12
2.398088238403373040e-12
2.317691394707055430e-12
2.237079228459282199e-12
2.156414586826360669e-12
2.075845571825052360e-12
1.995509009769524944e-12
1.915530451271352241e-12
1.836024821760817716e-12
1.757098047790173201e-12
1.678847382294290647e-12
1.601362705633269101e-12
1.524728693996779683e-12
1.449024060462544838e-12
1.374323506560248820e-12
1.300698914893927416e-12
1.228219565982402450e-12
1.156953656142323261e-12
1.086969923791425430e-12
1.018336348405923797e-12
9.511222105046401865e-13
8.853989048006327689e-13
8.212397233607615643e-13
7.587205603371005580e-13
6.979200745972635733e-13
6.389201234052732659e-13
5.818054913710180021e-13
5.266641615007949806e-13
4.735868273063326139e-13
4.226672180654422739e-13
3.740012043552259913e-13
3.276865270015333342e-13
2.838225531334725993e-13
2.425085414599348344e-13
2.038436829271753070e-13
1.679261655944397358e-13
1.348520497742103363e-13
1.047138043592729661e-13
7.759991379942959844e-14
5.359322469318528182e-14
3.276996661766111429e-14
1.519833250137464509e-14
9.371515353697639286e-16
-9.965342624446843489e-15
-1.747271930277200652e-14
-2.156153368641691020e-14
-2.222236846307398123e-14
-1.946109695919948090e-14
-1.329938119538649072e-14
-3.775715430955929597e-15
9.053919926608165747e-15
2.511554163156081571e-14
4.431685527990329720e-14
6.654717060608841828e-14
9.167694408522900074e-14
1.195584023493470593e-13
1.500257031236337801e-13
1.828951893363336967e-13
2.179665139784986438e-13
2.550231618762832664e-13
2.938336965234433773e-13
3.341528984936170676e-13
3.757228903000786602e-13
4.182751150647034954e-13
4.615319086111180358e-13
5.052079631376327207e-13
5.490128750923473078e-13
5.926523377955406069e-13
6.358309061552103181e-13
6.782540024410921298e-13
7.196299762687874413e-13
7.596724898445428309e-13
7.981025237392691540e-13
8.346512500242986299e-13
8.690614417342090725e-13
9.010899123217119833e-13
9.305096840619975218e-13
9.571112348852328644e-13
9.807053173022106662e-13
1.001123337875109431e-12
1.018219471411729860e-12
1.031871528327232834e-12
1.041981930426094660e-12
1.048478469843627803e-12
1.051314417466198137e-12
1.050469823973831929e-12
1.045950218797608855e-12
1.037787369061182741e-12
1.026038303798826323e-12
1.010784555013910513e-12
9.921316155778181489e-13
9.702077466075542667e-13
9.451622427422701200e-13
9.171646732017424419e-13
8.864024423314853518e-13
8.530793801399261245e-13
8.174140075749292134e-13
7.796372596992340309e-13
7.399903172861099776e-13
6.987229263059890894e-13
6.560899284795140840e-13
6.123506649663434942e-13
5.677653984979824653e-13
5.225941207553930212e-13
4.770932455523679838e-13
4.315144433181955508e-13
3.861017137517935849e-13
3.410900847791026314e-13
2.967032273083064497e-13
2.531519102417362221e-13
2.106327807484265069e-13
1.693264669103133890e-13
1.293966290453335555e-13
9.098878741382529500e-14
5.422968186162037407e-14
1.922639598797657584e-14
-1.393389018804289808e-14
-4.518424412294601289e-14
-7.447802818265694680e-14
-1.017887082130700116e-13
-1.271095045624753839e-13
-1.504528787795930689e-13
-1.718496764162302792e-13
-1.913482664418070245e-13
-2.090133892785478453e-13
-2.249251132568907963e-13
-2.391771134445386249e-13
-2.518754248139604135e-13
-2.631367888340785388e-13
-2.730868645366840708e-13
-2.818586293182323566e-13
-2.895904544809868586e-13
-2.964241536691086809e-13
-3.025032481451805921e-13
-3.079712591717853609e-13
-3.129694311869435364e-13
-3.176354036564521532e-13
-3.221012595099742581e-13
-3.264918988377801812e-13
-3.309237920582491776e-13
-3.355033807196650120e-13
-3.403258848778262236e-13
-3.454745983646340113e-13
-3.510196148505395630e-13
-3.570176381091638707e-13
-3.635111688656683659e-13
-3.705284505866462963e-13
-3.780836592155029097e-13
-3.861768218572925182e-13
-3.947943588798047410e-13
-4.039098699601395559e-13
-4.134848117110651033e-13
-4.234696089882444836e-13
-4.338049017227341153e-13
-4.444227104383191573e-13
-4.552481438699351735e-13
-4.662008626366009878e-13
-4.771968952800575980e-13
-4.881501019377010309e-13
-4.989743969570359372e-13
-5.095846704675222050e-13
-5.198993904657889242e-13
-5.298417954380241213e-13
-5.393417917137766082e-13
-5.483368208276939715e-13
-5.567740279238675427e-13
-5.646110206973531387e-13
-5.718169535963435468e-13
-5.783735578142323863e-13
-5.842757918109175996e-13
-5.895320039431273251e-13
-5.941647998261578856e-13
-5.982106086530047939e-13
-6.017194121438196319e-13
-6.047547987560186744e-13
-6.073931505326535252e-13
-6.097227215305645043e-13
-6.118427162485340354e-13
-6.138620970048969117e-13
-6.158981202646074404e-13
-6.180749271764152120e-13
-6.205215920089546255e-13
-6.233701163767257913e-13
-6.267536403065099293e-13
-6.308042196229157739e-13
-6.356504949137087301e-13
-6.414150894445969087e-13
-6.482126033852120273e-13
-6.561466322531350759e-13
-6.653077069297685942e-13
-6.757702578942537119e-13
-6.875901757685820570e-13
-7.008025887031421597e-13
-7.154186097702019964e-13
-7.314236022404330129e-13
-7.487744690774789103e-13
-7.673974303235020500e-13
-7.871865594262505983e-13
-8.080003680022151968e-13
-8.296616974164117142e-13
-8.519557130083621477e-13
-8.746288741000307621e-13
-8.973878497936516041e-13
-9.198996816020543754e-13
-9.417914581880126867e-13
-9.626506406248958037e-13
-9.820259839685152592e-13
-9.994290551401663336e-13
-1.014335967650104031e-12
-1.026190092102974294e-12
-1.034404549862810718e-12
-1.038366333021290000e-12
-1.037440207525552882e-12
-1.030972941566676848e-12
-1.018299268691624793e-12
-9.987473088141074484e-13
-9.716444229063148086e-13
-9.363252360949925190e-13
-8.921369502520870576e-13
-8.384486139233204849e-13
-7.746577901715512304e-13
-7.001997722952402192e-13
-6.145545769324634033e-13
-5.172562681995951372e-13
-4.079008452621130099e-13
-2.861548346368147921e-13
-1.517629880272430842e-13
-4.556353700639701604e-15
1.555404026062912060e-13
3.285021722958941792e-13
5.141970291396014137e-13
7.123806210727889887e-13
9.226915021962045493e-13
1.144647094122874798e-12
1.377640406266533724e-12
1.620939168479884618e-12
1.873684150541232718e-12
2.134889270574702458e-12
2.403444413975885929e-12
2.678117493395970605e-12
2.957558677130212033e-12
3.240306460650099751e-12
3.524794605497261202e-12
3.809358644496496638e-12
4.092248675341414454e-12
4.371639768935287051e-12
4.645638908284954738e-12
4.912304070459061478e-12
5.169654634928910752e-12
5.415690899207570297e-12
5.648405788233334945e-12
5.865800900561879416e-12
6.065909927133183999e-12
6.246810360654997396e-12
6.406644312284548448e-12
6.543636292544174893e-12
6.656108390151738163e-12
6.742502389744942093e-12
6.801394950711747711e-12
6.831513653382526030e-12
6.831752177860472841e-12
6.801189819660713454e-12
6.739098428604206603e-12
6.644955419243814276e-12
6.518461118099061480e-12
6.359537462613529257e-12
6.168340577900055521e-12
5.945265547230293990e-12
5.690946412034714186e-12
5.406256171902601437e-12
5.092306784582056878e-12
4.750444829171307504e-12
4.382241097777850314e-12
3.989482355581941420e-12
3.574162884059650658e-12
3.138465615865060343e-12
2.684747389680719465e-12
2.215521386142449423e-12
1.733435010115025321e-12
1.241248315068943509e-12
7.418106927337131395e-13
2.380334969930009148e-13
-2.671341880339239694e-13
-7.707335204082399471e-13
-1.269823981207840458e-12
-1.761510316951320210e-12
-2.242972300947609909e-12
-2.711489019424639935e-12
-3.164467819727345699e-12
-3.599468813286765823e-12
-4.014229053328488561e-12
-4.406685519958708497e-12
-4.774994635803331278e-12
-5.117548312200126404e-12
-5.432993898518700959e-12
-5.720242422097010504e-12
-5.978480731305690909e-12
-6.207175832356748302e-12
-6.406078792431380009e-12
-6.575227341765188527e-12
-6.714938067392539622e-12
-6.825801642657003399e-12
-6.908672418870498433e-12
-6.964653246482876980e-12
-6.995080729932379171e-12
-7.001503109921314305e-12
-6.985665518266515051e-12
-6.949472247663734947e-12
-6.894970271814626628e-12
-6.824314984638091275e-12
-6.739743312056400981e-12
-6.643537282802203237e-12
-6.537996706523774293e-12
-6.425404912996368623e-12
-6.307997093418782342e-12
-6.187924304901226691e-12
-6.067225281208843413e-12
-5.947798243505220128e-12
-5.831371843734167726e-12
-5.719479577448449703e-12
-5.613433762957642514e-12
-5.514310362497720774e-12
-5.422927731868476542e-12
-5.339834043688318488e-12
-5.265296011691678046e-12
-5.199297589686402432e-12
-5.141532165298112744e-12
-5.091406463098024915e-12
-5.048045315092508645e-12
-5.010307273234371195e-12
-4.976786777827202357e-12
-4.945844081505335055e-12
-4.915619560702522151e-12
-4.884059736504076099e-12
-4.848948065988567535e-12
-4.807931830441702914e-12
-4.758555528783237065e-12
-4.698301643568658648e-12
-4.624623167054364714e-12
-4.534979163028918236e-12
-4.426879002261685514e-12
-4.297917924334093698e-12
-4.145816936279578258e-12
-3.968461410180923465e-12
-3.763935343958912938e-12
-3.530556923203587161e-12
-3.266913432484197521e-12
-2.971888794084387442e-12
-2.644690889896939012e-12
-2.284872594945919211e-12
-1.892355196153605590e-12
-1.467439993303731871e-12
-1.010820442105819783e-12
-5.235877378363673618e-13
-7.232245130463915705e-15
5.363584468058568699e-13
1.104908373995849846e-12
1.695768525600271914e-12
2.305931053742105163e-12
2.932053471543794032e-12
3.570485703971448821e-12
4.217298385511547565e-12
4.868318855683062552e-12
5.519169322953931811e-12
6.165304378136227115e-12
6.802058048760439846e-12
7.424686733481511425e-12
8.028411269123125749e-12
8.608476778637630389e-12
9.160189100299032106e-12
9.678967696769014140e-12
1.016038555373688368e-11
1.060022729315601708e-11
1.099452473507511741e-11
1.133960633725727973e-11
1.163212061394691688e-11
1.186909164702099062e-11
1.204793990267072346e-11
1.216651258906242816e-11
1.222311141191312345e-11
1.221650385019312779e-11
1.214595004433993708e-11
1.201120539834343859e-11
1.181252231446938694e-11
1.155066233632373596e-11
1.122688053634135485e-11
1.084291857689212435e-11
1.040099083249312883e-11
9.903762705765206675e-12
9.354328943389500495e-12
8.756186747893579536e-12
8.113204552628872079e-12
7.429577786322028032e-12
6.709806321669731233e-12
5.958639397868337184e-12
5.181046997676519439e-12
4.382158698412741415e-12
3.567233531134861302e-12
2.741603602127162809e-12
1.910634844781711195e-12
1.079674002112118725e-12
2.540096496854438168e-13
-5.611752924329638237e-13
-1.360844488311474532e-12
-2.140149819515602125e-12
-2.894467001149370056e-12
-3.619432227888741416e-12
-4.310973453214295148e-12
-4.965338470247493419e-12
-5.579122667326297247e-12
-6.149284640516450295e-12
-6.673169395537970061e-12
-7.148517888744265747e-12
-7.573476568101256134e-12
-7.946601709996059526e-12
-8.266867225492635640e-12
-8.533655553033536734e-12
-8.746753321631217659e-12
-8.906340942527180005e-12
-9.012981333489378244e-12
-9.067601704215721981e-12
-9.071482280631482098e-12
-9.026216406249343294e-12
-8.933708807445928102e-12
-8.796133092736635462e-12
-8.615917874987832903e-12
-8.395701668606481149e-12
-8.138321613837540269e-12
-7.846772710762284220e-12
-7.524178328999209242e-12
-7.173758549000597284e-12
-6.798807176966459309e-12
-6.402653147247194809e-12
-5.988637537257535115e-12
-5.560085811900927766e-12
-5.120280501674789875e-12
-4.672433880775761494e-12
-4.219670619864945849e-12
-3.765004367300983645e-12
-3.311317799820079344e-12
-2.861346793184282866e-12
-2.417665026510640303e-12
-1.982673573930338051e-12
-1.558587568901981246e-12
-1.147430783200731330e-12
-7.510271159312520428e-13
-3.709989130143420688e-13
-8.763928032720288974e-15
3.344640916221747196e-13
6.576734599625377875e-13
9.600510490759273097e-13
1.240976614004518641e-12
1.500016473879317580e-12
1.736916274870659027e-12
1.951590798687785622e-12
2.144114530019947118e-12
2.314710489254023784e-12
2.463739282032584299e-12
2.591687281450205660e-12
2.699153834467837854e-12
2.786839335688906516e-12
2.855530048528898135e-12
2.906090949481021646e-12
2.939447947200579669e-12
2.956580293089761113e-12
2.958506269828964363e-12
2.946271915674203434e-12
2.920943435041900571e-12
2.883594404923250920e-12
2.835299052830753119e-12
2.777121848457353437e-12
2.710109480580369379e-12
2.635286520252799747e-12
2.553648698749855228e-12
2.466153583430275020e-12
2.373722095619368311e-12
2.277229836991634393e-12
2.177507306411197163e-12
2.075335129442246185e-12
1.971443407827733196e-12
1.866510418446765129e-12
1.761163046995473103e-12
1.655974836423101948e-12
1.551467938495920684e-12
1.448112246435484529e-12
1.346329840147542090e-12
1.246492384136821396e-12
1.148926114837023338e-12
1.053912924812994145e-12
9.616924227448531148e-13
8.724650234041841923e-13
7.863936281674033246e-13
7.036067149919500441e-13
6.242013199722618033e-13
5.482449346935758250e-13
4.757789756788810553e-13
4.068209798983174474e-13
3.413672610644985506e-13
2.793951051419107934e-13
2.208653859846546053e-13
1.657247743983708554e-13
1.139077439142599513e-13
6.533833939387570511e-14
1.993200492622550918e-14
-2.240276615204841310e-14
-6.176308108615108372e-14
-9.825029922668274129e-14
-1.319689800147183512e-13
-1.630260190082014060e-13
-1.915297076753724737e-13
-2.175891438598379080e-13
-2.413136964557471842e-13
-2.628125852794510608e-13
-2.821942169956709323e-13
-2.995661986700259849e-13
-3.150348363255284223e-13
-3.287051349425834657e-13
-3.406806629337177927e-13
-3.510636876688510988e-13
-3.599543623236667322e-13
-3.674516474514583075e-13
-3.736523894112830924e-13
-3.786517540488310019e-13
-3.825430369610444137e-13
-3.854172840253577981e-13
-3.873636437654037756e-13
-3.884689878802527474e-13
-3.888177215090327099e-13
-3.884914850753318216e-13
-3.875691813922527151e-13
-3.861267046118693758e-13
-3.842365878595210837e-13
-3.819677050782149808e-13
-3.793849186629200121e-13
-3.765488084100238053e-13
-3.735154817819524853e-13
-3.703360589111387435e-13
-3.670564286545330290e-13
-3.637169504380061147e-13
-3.603522374159146002e-13
-3.569908041053948544e-13
-3.536550121762543908e-13
-3.503606909802114977e-13
-3.471172730761667991e-13
-3.439276315998773814e-13
-3.407881344740654184e-13
-3.376888341437983554e-13
-3.346136031017604706e-13
-3.315404320438503083e-13
-3.284417280247781123e-13
-3.252846397187175720e-13
-3.220318434658808737e-13
-3.186417330078988863e-13
-3.150693139546134613e-13
-3.112666103598921152e-13
-3.071835591884203298e-13
-3.027687150471136679e-13
-2.979699007064212646e-13
-2.927351015671181278e-13
-2.870130348664456932e-13
-2.807542338802843096e-13
-2.739114002888592969e-13
-2.664405425890220558e-13
-2.583014639852276861e-13
-2.494583587007298542e-13
-2.398805438140472202e-13
-2.295428929398324325e-13
-2.184264596451213070e-13
-2.065188840251475089e-13
-1.938145824387227378e-13
-1.803152082941600343e-13
-1.660297740220181839e-13
-1.509747459427918104e-13
-1.351739765042755947e-13
-1.186588669118901485e-13
-1.014678656851772387e-13
-8.364653642043556880e-14
-6.524694115073517708e-14
-4.632732863779284727e-14
-2.695158210649049868e-14
-7.188633098075686290e-15
1.288836015179723599e-14
3.320258361327356467e-14
5.367445854095875823e-14
7.422240719170275502e-14
9.476388451072972896e-14
1.152162404111783944e-13
1.354975701951810496e-13
1.555277309934002816e-13
1.752292159030305330e-13
1.945280281257996680e-13
2.133544805670711808e-13
2.316440225400007158e-13
2.493380122595839632e-13
2.663841911811071217e-13
2.827374835992491064e-13
2.983603761188419190e-13
3.132231887054137687e-13
3.273045083660580667e-13
3.405912704645963629e-13
3.530790297721214666e-13
3.647713370507482677e-13
3.756803624698629163e-13
3.858260011393305211e-13
3.952357375842235898e-13
4.039439952235185372e-13
4.119917568993353152e-13
4.194258601455252977e-13
4.262981027208789797e-13
4.326642668271707404e-13
4.385837125333441611e-13
4.441176701570903607e-13
4.493291318446307470e-13
4.542808729017522307e-13
4.590351536382097919e-13
4.636521743796306883e-13
4.681888557400704087e-13
4.726985946765238644e-13
4.772295297654494117e-13
4.818237280511394882e-13
4.865165887345257456e-13
4.913354337103548186e-13
4.962995075671883249e-13
5.014186223346872584e-13
5.066927238027429947e-13
5.121122167821290372e-13
5.176562845911336641e-13
5.232938648375151658e-13
5.289828904769811047e-13
5.346709945446004308e-13
5.402947512132827423e-13
5.457807599959507705e-13
5.510454831152145072e-13
5.559961128651091933e-13
5.605311679222901855e-13
5.645417401785313150e-13
5.679112236901817656e-13
5.705170494016420513e-13
5.722316067172106280e-13
5.729234361234736284e-13
5.724582049712600984e-13
5.707000627283576044e-13
5.675128336019019670e-13
5.627616428416359895e-13
5.563135130511043247e-13
5.480393157515639491e-13
5.378148555841566480e-13
5.255221713525159988e-13
5.110510539058088497e-13
4.942996966600388120e-13
4.751763219013049877e-13
4.536001565677572067e-13
4.295024351366055759e-13
4.028273211959670919e-13
3.735328561217665655e-13
3.415915824939858014e-13
3.069914114584015863e-13
2.697360564074546829e-13
2.298454124510102003e-13
1.873560985174438365e-13
1.423215386688048145e-13
9.481223315135900442e-14
4.491557882460410489e-14
-7.264123215433831299e-15
-6.160598696762151216e-14
-1.179727295670326970e-13
-1.762112726783407468e-13
-2.361531922703136166e-13
-2.976155021212900653e-13
-3.604012975642195693e-13
-4.243005957433459985e-13
-4.890911352133098244e-13
-5.545398125070266637e-13
-6.204036850226968269e-13
-6.864302962844570644e-13
-7.523599256618884734e-13
-8.179266183620803599e-13
-8.828593238419113476e-13
-9.468837389517426040e-13
-1.009722687406178210e-12
-1.071098613449061876e-12
-1.130734828685975302e-12
-1.188356271025758915e-12
-1.243691889925291338e-12
-1.296475296910792885e-12
-1.346447801343908512e-12
-1.393357868320621584e-12
-1.436963503916033336e-12
-1.477033989907838851e-12
-1.513350751138065053e-12
-1.545708222874808691e-12
-1.573916344477233054e-12
-1.597800667815785225e-12
-1.617203875155237558e-12
-1.631986321255773920e-12
-1.642027984936900165e-12
-1.647228577497661384e-12
-1.647507325876207407e-12
-1.642805899995658514e-12
-1.633087111721498452e-12
-1.618335131702008933e-12
-1.598557224091745610e-12
-1.573782770769582839e-12
-1.544063596599365429e-12
-1.509474077850125884e-12
-1.470110274834346420e-12
-1.426089715067524466e-12
-1.377551393268172664e-12
-1.324654578735429133e-12
-1.267578490088405729e-12
-1.206520885803363807e-12
-1.141697413692410734e-12
-1.073340309860892905e-12
-1.001697314505223257e-12
-9.270304792904915381e-13
-8.496141615764452037e-13
-7.697344823164031791e-13
-6.876868866023677640e-13
-6.037750052527435241e-13
-5.183091911394044349e-13
-4.316044320985118476e-13
-3.439791312030704429e-13
-2.557528841484746351e-13
-1.672451646573744344e-13
-7.877355587488157895e-14
9.347741256450579211e-15
9.680959105109326890e-14
1.833093274611688472e-13
2.685525684210238184e-13
3.522541687592944948e-13
4.341395136182174541e-13
5.139460363366710194e-13
5.914239909442231546e-13
6.663373737329780777e-13
7.384650616698573700e-13
8.076012731825232827e-13
8.735565439413339739e-13
9.361575100189090115e-13
9.952481547226277314e-13
1.050688615972239504e-12
1.102357246283991454e-12
1.150149311728021484e-12
1.193976558247489272e-12
1.233767970600097019e-12
1.269468796576134206e-12
1.301040546998477598e-12
1.328459694679984260e-12
1.351718433365012295e-12
1.370822184064424132e-12
1.385790137156672763e-12
1.396654818706932755e-12
1.403459813642538023e-12
1.406261066795588821e-12
1.405123305035782533e-12
1.400122747775844889e-12
1.391342444902188280e-12
1.378874553599473973e-12
1.362818061526049895e-12
1.343278353133081637e-12
1.320366667563466212e-12
1.294199339710311314e-12
1.264897908637152568e-12
1.232587382854477553e-12
1.197396565580377548e-12
1.159457295799026788e-12
1.118905315622420460e-12
1.075878210306246974e-12
1.030517034553146694e-12
9.829643609488014633e-13
9.333656894247588376e-13
8.818686341068027179e-13
8.286234112059309709e-13
7.737827305981381798e-13
7.175013079334380262e-13
6.599367319976012780e-13
6.012491394515040444e-13
5.416016485119967694e-13
4.811599252710352381e-13
4.200925631664409465e-13
3.585712727172812864e-13
2.967704749480548632e-13
2.348674369139630569e-13
1.730420955180569931e-13
1.114771117213461671e-13
5.035743008566587187e-14
-1.013008036829243785e-14
-6.979681589636133054e-14
-1.284530207895651088e-13
-1.859082955938881621e-13
-2.419721324350976310e-13
-2.964545113299382750e-13
-3.491669843883049573e-13
-3.999229604163129226e-13
-4.485390195114319356e-13
-4.948356720040070211e-13
-5.386380902937248916e-13
-5.797772743669493689e-13
-6.180913528393283674e-13
-6.534260979518258239e-13
-6.856361724032200566e-13
-7.145862135522762504e-13
-7.401515923592671964e-13
-7.622199312690147721e-13
-7.806912668412158141e-13
-7.954795134233749732e-13
-8.065128426215650848e-13
-8.137352011834686483e-13
-8.171057688972915845e-13
-8.166003138444788423e-13
-8.122120055513437631e-13
-8.039504392071128436e-13
-7.918430993368585913e-13
-7.759350887509564032e-13
-7.562889659147586929e-13
-7.329852870496811335e-13
-7.061211424602698017e-13
-6.758109696858305426e-13
-6.421854692982564838e-13
-6.053912254312676655e-13
-5.655902178894334220e-13
-5.229585753156740235e-13
-4.776859246699571848e-13
-4.299744696574514524e-13
-3.800378523162450950e-13
-3.281001772353908663e-13
-2.743945478819731498e-13
-2.191619688464083171e-13
-1.626499499321476527e-13
-1.051113541908690885e-13
-4.680301217657549528e-14
1.201571631634975462e-14
7.108417045091630637e-14
1.301418283035371548e-13
1.889296146828992051e-13
2.471911293277367916e-13
3.046740648399853812e-13
3.611310740465195623e-13
4.163212201195587436e-13
4.700109659111495475e-13
5.219753123654469196e-13
5.719985032501262445e-13
6.198751364636101435e-13
6.654107061361547171e-13
7.084225784118047820e-13
7.487405335494801140e-13
7.862069827634099450e-13
8.206776729545450788e-13
8.520223914419700062e-13
8.801245864921425355e-13
9.048818009997627865e-13
9.262060519585335605e-13
9.440229630994223520e-13
9.582727406726165853e-13
9.689091976655683780e-13
9.759003501141894077e-13
9.792275497411129237e-13
9.788852671152592499e-13
9.748810916518357850e-13
9.672348642505990135e-13
9.559785688756372579e-13
9.411557904542844355e-13
9.228210643558165671e-13
9.010402016521035229e-13
8.758886086042416697e-13
8.474518287636401137e-13
8.158247298203913367e-13
7.811107988718590800e-13
7.434221966327869691e-13
7.028792153342122706e-13
6.596096824122710256e-13
6.137489062980894250e-13
5.654391885268061912e-13
5.148293900567035841e-13
4.620748228489901521e-13
4.073369246071489869e-13
3.507831503567204745e-13
2.925864303442160530e-13
2.329249531966837150e-13
1.719820439489636033e-13
1.099457642441369065e-13
4.700857690847874693e-14
-1.663290646436010184e-14
-8.077834055949736913e-14
-1.452239478845485099e-13
-2.097631015282944156e-13
-2.741866792204533665e-13
-3.382837900859497759e-13
-4.018421337868838261e-13
-4.646488272266879882e-13
-5.264910686239576698e-13
-5.871562459326684635e-13
-6.464337528808150601e-13
-7.041150431805198728e-13
-7.599944436796624014e-13
-8.138699675135085965e-13
-8.655443440967747204e-13
-9.148258322752567118e-13
-9.615283829561560580e-13
-1.005472831730469530e-12
-1.046487440974075422e-12
-1.084408387738711177e-12
-1.119080414273276869e-12
-1.150357478545138701e-12
-1.178102537399694505e-12
-1.202187438140156495e-12
-1.222494870091461738e-12
-1.238916087775709940e-12
-1.251352537215422167e-12
-1.259714988571802863e-12
-1.263923102463870851e-12
-1.263905104707807592e-12
-1.259598111577608925e-12
-1.250946503501826346e-12
-1.237902250324218745e-12
-1.220423935521797176e-12
-1.198475888843086867e-12
-1.172028186308127218e-12
-1.141055457586082067e-12
-1.105536777575022445e-12
-1.065454907460405831e-12
-1.020796077874641661e-12
-9.715493383757878298e-13
-9.177063406071161999e-13
-8.592618261880902164e-13
-7.962129219829527926e-13
-7.285599532523556743e-13
-6.563061183927076936e-13
-5.794587357686731277e-13
-4.980292437131716987e-13
-4.120345557800941805e-13
-3.214981178414205720e-13
-2.264508567641210224e-13
-1.269327525033059345e-13
-2.299455757910889159e-14
8.530054104467083009e-14
1.978748789170994837e-13
3.146345759885010862e-13
4.354669836531543936e-13
5.602385417559363479e-13
6.887921765071081115e-13
8.209452540507145013e-13
9.564861923327949711e-13
1.095172889008233508e-12
1.236729468834241175e-12
1.380844223686228389e-12
1.527166197320961594e-12
1.675303884333956272e-12
1.824822411233828490e-12
1.975241584878384415e-12
2.126033290389406361e-12
2.276620515370697539e-12
2.426374422562216360e-12
2.574616084563552398e-12
2.720611713344367466e-12
2.863575912850913063e-12
3.002667992718643930e-12
3.136995220878735502e-12
3.265611522515476928e-12
3.387518564268443555e-12
3.501670524722055866e-12
3.606971492320365513e-12
3.702284138984435202e-12
3.786429936952773190e-12
3.858193278749588728e-12
3.916329066599999464e-12
3.959566615557852387e-12
3.986616592399627734e-12
3.996177954518342901e-12
3.986948358264408299e-12
3.957631531520400259e-12
3.906946814680178903e-12
3.833643905798433948e-12
3.736509365803719618e-12
3.614380713126696953e-12
3.466159434126203642e-12
3.290825511398365322e-12
3.087450434202665406e-12
2.855212594132794379e-12
2.593411379744892109e-12
2.301483439590135127e-12
1.979016560002544445e-12
1.625767120753962569e-12
