1.241672129698168092e-12
8.268665700056354595e-13
3.816953263874323099e-13
-9.327213751787050144e-14
0.000000000000000000e+00
0.000000000000000000e+00
0.000000000000000000e+00
0.000000000000000000e+00
0.000000000000000000e+00
0.000000000000000000e+00
0.000000000000000000e+00
0.000000000000000000e+00
0.000000000000000000e+00
0.000000000000000000e+00
0.000000000000000000e+00
0.000000000000000000e+00
0.000000000000000000e+00
0.000000000000000000e+00
0.000000000000000000e+00
0.000000000000000000e+00
0.000000000000000000e+00
0.000000000000000000e+00
0.000000000000000000e+00
0.000000000000000000e+00
0.000000000000000000e+00
0.000000000000000000e+00
0.000000000000000000e+00
0.000000000000000000e+00
0.000000000000000000e+00
0.000000000000000000e+00
0.000000000000000000e+00
0.000000000000000000e+00
0.000000000000000000e+00
0.000000000000000000e+00
0.000000000000000000e+00
0.000000000000000000e+00
0.000000000000000000e+00
0.000000000000000000e+00
0.000000000000000000e+00
0.000000000000000000e+00
0.000000000000000000e+00
0.000000000000000000e+00
0.000000000000000000e+00
0.000000000000000000e+00
0.000000000000000000e+00
0.000000000000000000e+00
0.000000000000000000e+00
0.000000000000000000e+00
0.000000000000000000e+00
0.000000000000000000e+00
0.000000000000000000e+00
0.000000000000000000e+00
0.000000000000000000e+00
0.000000000000000000e+00
0.000000000000000000e+00
0.000000000000000000e+00
0.000000000000000000e+00
0.000000000000000000e+00
0.000000000000000000e+00
0.000000000000000000e+00
0.000000000000000000e+00
0.000000000000000000e+00
0.000000000000000000e+00
0.000000000000000000e+00
0.000000000000000000e+00
0.000000000000000000e+00
0.000000000000000000e+00
0.000000000000000000e+00
0.000000000000000000e+00
0.000000000000000000e+00
0.000000000000000000e+00
0.000000000000000000e+00
0.000000000000000000e+00
0.000000000000000000e+00
0.000000000000000000e+00
0.000000000000000000e+00
0.000000000000000000e+00
0.000000000000000000e+00
0.000000000000000000e+00
0.000000000000000000e+00
0.000000000000000000e+00
0.000000000000000000e+00
0.000000000000000000e+00
0.000000000000000000e+00
0.000000000000000000e+00
0.000000000000000000e+00
0.000000000000000000e+00
0.000000000000000000e+00
0.000000000000000000e+00
0.000000000000000000e+00
0.000000000000000000e+00
0.000000000000000000e+00
0.000000000000000000e+00
0.000000000000000000e+00
0.000000000000000000e+00
0.000000000000000000e+00
0.000000000000000000e+00
0.000000000000000000e+00
0.000000000000000000e+00
0.000000000000000000e+00
0.000000000000000000e+00
0.000000000000000000e+00
0.000000000000000000e+00
0.000000000000000000e+00
0.000000000000000000e+00
0.000000000000000000e+00
0.000000000000000000e+00
0.000000000000000000e+00
0.000000000000000000e+00
0.000000000000000000e+00
0.000000000000000000e+00
0.000000000000000000e+00
0.000000000000000000e+00
0.000000000000000000e+00
0.000000000000000000e+00
0.000000000000000000e+00
0.000000000000000000e+00
0.000000000000000000e+00
0.000000000000000000e+00
0.000000000000000000e+00
0.000000000000000000e+00
0.000000000000000000e+00
0.000000000000000000e+00
0.000000000000000000e+00
0.000000000000000000e+00
0.000000000000000000e+00
0.000000000000000000e+00
0.000000000000000000e+00
0.000000000000000000e+00
0.000000000000000000e+00
0.000000000000000000e+00
0.000000000000000000e+00
0.000000000000000000e+00
0.000000000000000000e+00
0.000000000000000000e+00
0.000000000000000000e+00
0.000000000000000000e+00
0.000000000000000000e+00
0.000000000000000000e+00
0.000000000000000000e+00
0.000000000000000000e+00
0.000000000000000000e+00
0.000000000000000000e+00
0.000000000000000000e+00
0.000000000000000000e+00
0.000000000000000000e+00
0.000000000000000000e+00
0.000000000000000000e+00
0.000000000000000000e+00
0.000000000000000000e+00
0.000000000000000000e+00
0.000000000000000000e+00
0.000000000000000000e+00
0.000000000000000000e+00
0.000000000000000000e+00
0.000000000000000000e+00
0.000000000000000000e+00
0.000000000000000000e+00
0.000000000000000000e+00
0.000000000000000000e+00
0.000000000000000000e+00
0.000000000000000000e+00
0.000000000000000000e+00
0.000000000000000000e+00
0.000000000000000000e+00
0.000000000000000000e+00
0.000000000000000000e+00
0.000000000000000000e+00
0.000000000000000000e+00
0.000000000000000000e+00
0.000000000000000000e+00
0.000000000000000000e+00
0.000000000000000000e+00
0.000000000000000000e+00
0.000000000000000000e+00
0.000000000000000000e+00
0.000000000000000000e+00
0.000000000000000000e+00
0.000000000000000000e+00
0.000000000000000000e+00
0.000000000000000000e+00
0.000000000000000000e+00
0.000000000000000000e+00
0.000000000000000000e+00
0.000000000000000000e+00
0.000000000000000000e+00
0.000000000000000000e+00
0.000000000000000000e+00
0.000000000000000000e+00
0.000000000000000000e+00
0.000000000000000000e+00
0.000000000000000000e+00
0.000000000000000000e+00
0.000000000000000000e+00
0.000000000000000000e+00
0.000000000000000000e+00
0.000000000000000000e+00
0.000000000000000000e+00
0.000000000000000000e+00
0.000000000000000000e+00
0.000000000000000000e+00
0.000000000000000000e+00
0.000000000000000000e+00
0.000000000000000000e+00
0.000000000000000000e+00
0.000000000000000000e+00
0.000000000000000000e+00
0.000000000000000000e+00
0.000000000000000000e+00
0.000000000000000000e+00
0.000000000000000000e+00
0.000000000000000000e+00
0.000000000000000000e+00
0.000000000000000000e+00
0.000000000000000000e+00
0.000000000000000000e+00
0.000000000000000000e+00
0.000000000000000000e+00
0.000000000000000000e+00
0.000000000000000000e+00
0.000000000000000000e+00
0.000000000000000000e+00
0.000000000000000000e+00
0.000000000000000000e+00
0.000000000000000000e+00
0.000000000000000000e+00
0.000000000000000000e+00
0.000000000000000000e+00
0.000000000000000000e+00
0.000000000000000000e+00
0.000000000000000000e+00
0.000000000000000000e+00
0.000000000000000000e+00
0.000000000000000000e+00
0.000000000000000000e+00
0.000000000000000000e+00
0.000000000000000000e+00
0.000000000000000000e+00
0.000000000000000000e+00
0.000000000000000000e+00
0.000000000000000000e+00
0.000000000000000000e+00
0.000000000000000000e+00
0.000000000000000000e+00
0.000000000000000000e+00
0.000000000000000000e+00
0.000000000000000000e+00
0.000000000000000000e+00
0.000000000000000000e+00
0.000000000000000000e+00
0.000000000000000000e+00
0.000000000000000000e+00
0.000000000000000000e+00
0.000000000000000000e+00
0.000000000000000000e+00
0.000000000000000000e+00
0.000000000000000000e+00
0.000000000000000000e+00
0.000000000000000000e+00
0.000000000000000000e+00
0.000000000000000000e+00
0.000000000000000000e+00
0.000000000000000000e+00
0.000000000000000000e+00
0.000000000000000000e+00
0.000000000000000000e+00
0.000000000000000000e+00
0.000000000000000000e+00
0.000000000000000000e+00
0.000000000000000000e+00
0.000000000000000000e+00
0.000000000000000000e+00
0.000000000000000000e+00
0.000000000000000000e+00
0.000000000000000000e+00
0.000000000000000000e+00
0.000000000000000000e+00
0.000000000000000000e+00
0.000000000000000000e+00
0.000000000000000000e+00
0.000000000000000000e+00
0.000000000000000000e+00
0.000000000000000000e+00
0.000000000000000000e+00
0.000000000000000000e+00
0.000000000000000000e+00
0.000000000000000000e+00
0.000000000000000000e+00
0.000000000000000000e+00
0.000000000000000000e+00
0.000000000000000000e+00
0.000000000000000000e+00
0.000000000000000000e+00
0.000000000000000000e+00
0.000000000000000000e+00
0.000000000000000000e+00
0.000000000000000000e+00
0.000000000000000000e+00
0.000000000000000000e+00
0.000000000000000000e+00
0.000000000000000000e+00
0.000000000000000000e+00
0.000000000000000000e+00
0.000000000000000000e+00
0.000000000000000000e+00
0.000000000000000000e+00
0.000000000000000000e+00
0.000000000000000000e+00
0.000000000000000000e+00
0.000000000000000000e+00
0.000000000000000000e+00
0.000000000000000000e+00
0.000000000000000000e+00
0.000000000000000000e+00
0.000000000000000000e+00
0.000000000000000000e+00
0.000000000000000000e+00
0.000000000000000000e+00
0.000000000000000000e+00
0.000000000000000000e+00
0.000000000000000000e+00
0.000000000000000000e+00
0.000000000000000000e+00
0.000000000000000000e+00
0.000000000000000000e+00
0.000000000000000000e+00
0.000000000000000000e+00
0.000000000000000000e+00
0.000000000000000000e+00
0.000000000000000000e+00
0.000000000000000000e+00
0.000000000000000000e+00
0.000000000000000000e+00
0.000000000000000000e+00
0.000000000000000000e+00
0.000000000000000000e+00
0.000000000000000000e+00
0.000000000000000000e+00
0.000000000000000000e+00
0.000000000000000000e+00
0.000000000000000000e+00
0.000000000000000000e+00
0.000000000000000000e+00
0.000000000000000000e+00
0.000000000000000000e+00
0.000000000000000000e+00
0.000000000000000000e+00
0.000000000000000000e+00
0.000000000000000000e+00
0.000000000000000000e+00
0.000000000000000000e+00
0.000000000000000000e+00
0.000000000000000000e+00
0.000000000000000000e+00
0.000000000000000000e+00
0.000000000000000000e+00
0.000000000000000000e+00
0.000000000000000000e+00
0.000000000000000000e+00
0.000000000000000000e+00
0.000000000000000000e+00
0.000000000000000000e+00
0.000000000000000000e+00
0.000000000000000000e+00
0.000000000000000000e+00
0.000000000000000000e+00
0.000000000000000000e+00
0.000000000000000000e+00
0.000000000000000000e+00
0.000000000000000000e+00
0.000000000000000000e+00
0.000000000000000000e+00
0.000000000000000000e+00
0.000000000000000000e+00
0.000000000000000000e+00
0.000000000000000000e+00
0.000000000000000000e+00
0.000000000000000000e+00
0.000000000000000000e+00
0.000000000000000000e+00
0.000000000000000000e+00
0.000000000000000000e+00
0.000000000000000000e+00
0.000000000000000000e+00
0.000000000000000000e+00
0.000000000000000000e+00
0.000000000000000000e+00
0.000000000000000000e+00
0.000000000000000000e+00
0.000000000000000000e+00
0.000000000000000000e+00
0.000000000000000000e+00
0.000000000000000000e+00
0.000000000000000000e+00
0.000000000000000000e+00
0.000000000000000000e+00
0.000000000000000000e+00
0.000000000000000000e+00
0.000000000000000000e+00
0.000000000000000000e+00
0.000000000000000000e+00
0.000000000000000000e+00
0.000000000000000000e+00
0.000000000000000000e+00
0.000000000000000000e+00
0.000000000000000000e+00
0.000000000000000000e+00
0.000000000000000000e+00
0.000000000000000000e+00
0.000000000000000000e+00
0.000000000000000000e+00
0.000000000000000000e+00
0.000000000000000000e+00
0.000000000000000000e+00
0.000000000000000000e+00
0.000000000000000000e+00
0.000000000000000000e+00
0.000000000000000000e+00
0.000000000000000000e+00
0.000000000000000000e+00
0.000000000000000000e+00
0.000000000000000000e+00
0.000000000000000000e+00
0.000000000000000000e+00
0.000000000000000000e+00
0.000000000000000000e+00
0.000000000000000000e+00
0.000000000000000000e+00
0.000000000000000000e+00
0.000000000000000000e+00
0.000000000000000000e+00
0.000000000000000000e+00
0.000000000000000000e+00
0.000000000000000000e+00
0.000000000000000000e+00
0.000000000000000000e+00
0.000000000000000000e+00
0.000000000000000000e+00
0.000000000000000000e+00
0.000000000000000000e+00
0.000000000000000000e+00
0.000000000000000000e+00
0.000000000000000000e+00
0.000000000000000000e+00
0.000000000000000000e+00
0.000000000000000000e+00
0.000000000000000000e+00
0.000000000000000000e+00
0.000000000000000000e+00
0.000000000000000000e+00
0.000000000000000000e+00
0.000000000000000000e+00
0.000000000000000000e+00
0.000000000000000000e+00
0.000000000000000000e+00
0.000000000000000000e+00
0.000000000000000000e+00
0.000000000000000000e+00
0.000000000000000000e+00
0.000000000000000000e+00
0.000000000000000000e+00
0.000000000000000000e+00
0.000000000000000000e+00
0.000000000000000000e+00
0.000000000000000000e+00
0.000000000000000000e+00
0.000000000000000000e+00
0.000000000000000000e+00
0.000000000000000000e+00
0.000000000000000000e+00
0.000000000000000000e+00
0.000000000000000000e+00
0.000000000000000000e+00
0.000000000000000000e+00
0.000000000000000000e+00
0.000000000000000000e+00
0.000000000000000000e+00
0.000000000000000000e+00
0.000000000000000000e+00
0.000000000000000000e+00
0.000000000000000000e+00
0.000000000000000000e+00
0.000000000000000000e+00
0.000000000000000000e+00
0.000000000000000000e+00
0.000000000000000000e+00
0.000000000000000000e+00
0.000000000000000000e+00
0.000000000000000000e+00
0.000000000000000000e+00
0.000000000000000000e+00
0.000000000000000000e+00
0.000000000000000000e+00
0.000000000000000000e+00
0.000000000000000000e+00
0.000000000000000000e+00
0.000000000000000000e+00
0.000000000000000000e+00
0.000000000000000000e+00
0.000000000000000000e+00
0.000000000000000000e+00
0.000000000000000000e+00
0.000000000000000000e+00
0.000000000000000000e+00
0.000000000000000000e+00
0.000000000000000000e+00
0.000000000000000000e+00
0.000000000000000000e+00
0.000000000000000000e+00
0.000000000000000000e+00
0.000000000000000000e+00
0.000000000000000000e+00
0.000000000000000000e+00
0.000000000000000000e+00
0.000000000000000000e+00
0.000000000000000000e+00
0.000000000000000000e+00
0.000000000000000000e+00
0.000000000000000000e+00
0.000000000000000000e+00
0.000000000000000000e+00
0.000000000000000000e+00
0.000000000000000000e+00
0.000000000000000000e+00
0.000000000000000000e+00
0.000000000000000000e+00
0.000000000000000000e+00
0.000000000000000000e+00
0.000000000000000000e+00
0.000000000000000000e+00
0.000000000000000000e+00
0.000000000000000000e+00
0.000000000000000000e+00
0.000000000000000000e+00
0.000000000000000000e+00
0.000000000000000000e+00
0.000000000000000000e+00
0.000000000000000000e+00
0.000000000000000000e+00
0.000000000000000000e+00
0.000000000000000000e+00
0.000000000000000000e+00
0.000000000000000000e+00
0.000000000000000000e+00
0.000000000000000000e+00
0.000000000000000000e+00
0.000000000000000000e+00
0.000000000000000000e+00
0.000000000000000000e+00
0.000000000000000000e+00
0.000000000000000000e+00
0.000000000000000000e+00
0.000000000000000000e+00
0.000000000000000000e+00
1.401298464324817071e-45
9.809089250273719496e-45
1.541428310757298778e-44
9.809089250273719496e-45
-3.783505853677006091e-44
-1.373272495038320730e-43
-1.835700988265510363e-43
9.108440018111310961e-44
6.992479336980837184e-43
1.740412692691422802e-42
-2.392016478602462740e-42
-6.862158579798629196e-42
-1.785114113703384467e-41
-2.744302912533721752e-41
-2.748506807926696203e-41
2.826419002543156032e-42
7.216126571887077988e-41
1.655998473200495822e-40
2.465640699918088629e-40
2.986054923599039193e-40
2.617429349573752814e-40
6.726933277991284349e-41
-2.892280030366422434e-40
-7.510245106564213843e-40
-1.191535294603106554e-39
-1.367270733715617538e-39
-9.899963455685183884e-40
1.473311192406469420e-40
2.063746899051266768e-39
4.439617616747778966e-39
6.450529958500142831e-39
6.872584240373205835e-39
4.342335273458957190e-39
-2.099984477338706538e-39
-1.227902633128342801e-38
-2.414096738504828883e-38
-3.334427811179131855e-38
-3.366707281824239746e-38
-1.856247526998672993e-38
1.608787606898621275e-38
6.832339508997182819e-38
1.267683198401042865e-37
1.691228910255656059e-37
1.646740486610271766e-37
8.221126059593736463e-38
-9.623942970934495906e-38
-3.581890617954020083e-37
-6.450707306833787780e-37
-8.463567397399624568e-37
-8.126595698333032909e-37
-3.948097662933758973e-37
4.904833853139896390e-37
1.779129963899780909e-36
3.186905879929194732e-36
4.182905601116247214e-36
4.051431608929063045e-36
2.074828602725289428e-36
-2.160282069998910551e-36
-8.381574621655050872e-36
-1.528644594452662281e-35
-2.040360158143865883e-35
-2.035488572058609943e-35
-1.167023961231340287e-35
7.821591182140983570e-36
3.722840544605220445e-35
7.094165804397603855e-35
9.784850562499482438e-35
1.022914380524963207e-34
6.751091349625388187e-35
-1.823130753616200509e-35
-1.536086656075380395e-34
-3.162826426295717865e-34
-4.583062374379051952e-34
-5.088480405016998954e-34
-3.877957700072649649e-34
-3.172008942762185209e-35
5.702683550161336817e-34
1.338662976785502235e-33
2.077297249916667920e-33
2.476172237851425260e-33
2.160423067619035245e-33
7.951376233458044632e-34
-1.759771797517590038e-33
-5.273204107625440431e-33
-8.999236509694002058e-33
-1.164107337045872009e-32
-1.150219973316860578e-32
-6.882011022757762720e-33
3.284010159302902960e-33
1.863093306116855063e-32
3.662123051734658574e-32
5.215842995509586783e-32
5.791564863711818535e-32
4.568704261896734658e-32
8.878824745867521037e-33
-5.409093091290420027e-32
-1.361807149142307940e-31
-2.190865917460875150e-31
-2.731045068273903888e-31
-2.610205894701463884e-31
-1.470055602723090423e-31
8.972299762771321635e-32
4.385348595940360313e-31
8.425317203304038742e-31
1.191313965716557722e-30
1.328331656118461001e-30
1.078680730128111975e-30
2.994621699680252292e-31
-1.051773664437789814e-30
-2.843756685825662466e-30
-4.715818143973471974e-30
-6.068886244933800733e-30
-6.132736088804929285e-30
-4.129873142461460885e-30
4.647667683490199033e-31
7.601736520778947590e-30
1.634554348004844983e-29
2.468351562263441253e-29
2.958577469381214457e-29
2.743619011610186474e-29
1.489810330718037746e-29
-9.828799905982433768e-30
-4.555541426453543227e-29
-8.681886957387960461e-29
-1.232753572145756796e-28
-1.403361715157435512e-28
-1.215198118849559520e-28
-5.269967847662972662e-29
7.207846983648916071e-29
2.442075799105612384e-28
4.352675822618011936e-28
5.951730196089040765e-28
6.561177245480770840e-28
5.441777169106841391e-28
1.990428134518549140e-28
-3.999123714559611212e-28
-1.205890701281443630e-27
-2.082886301506995781e-27
-2.799619782159744533e-27
-3.049266910456984470e-27
-2.502468436226226790e-27
-8.949809933077095720e-28
1.858341744104899075e-27
5.543642203870907218e-27
9.554782662022025369e-27
1.286798613799863087e-26
1.412661140116282194e-26
1.186743548738232941e-26
4.894393886248470527e-27
-7.234052486474961263e-27
-2.368742068316682385e-26
-4.194947822406733819e-26
-5.767892093991512677e-26
-6.502174301630127932e-26
-5.751178719859724693e-26
-2.959752498499584553e-26
2.132444330835968134e-26
9.268861721743020700e-26
1.748797760874229014e-25
2.503816163482710090e-25
2.946940288063147354e-25
2.796284618460170046e-25
1.792360262434247016e-25
-2.197339387721271576e-26
-3.196450582889698468e-25
-6.810003480805954718e-25
-1.039758313341780915e-24
-1.297591583756479466e-24
-1.334840412409657812e-24
-1.032043253688719420e-24
-3.017184900406618114e-25
8.731148983803025134e-25
2.400577690297403394e-24
4.051789979885042770e-24
5.455002347456789812e-24
6.123876325702327890e-24
5.528493023817631882e-24
3.210697016407537331e-24
-1.065093468781472083e-24
-7.147475020615882684e-24
-1.435517010501452697e-23
-2.140123468968153292e-23
-2.643370183705750784e-23
-2.723522395980731689e-23
-2.160417389071506953e-23
-7.905138054757213914e-24
1.426981377734780305e-23
4.344039279442271013e-23
7.573780975823654011e-23
1.047563484576045807e-22
1.219473567654746724e-22
1.177002811130585473e-22
8.315539943027005466e-23
1.263979679977686812e-23
-9.357346888696600088e-23
-2.266867415581733805e-22
-3.676561348340702559e-22
-4.870923517007219530e-22
-5.475000634047302847e-22
-5.083434314502600976e-22
-3.339841182765779502e-22
-3.914043821780781014e-24
4.760499651018596145e-22
1.063710545916382621e-21
1.674284645641219290e-21
2.181024455399797147e-21
2.425358583387616321e-21
2.238268342624664364e-21
1.472868286942670285e-21
4.573302768883032790e-23
-2.018354016114024062e-21
-4.546412040480535489e-21
-7.192471135467822614e-21
-9.439342479580465244e-21
-1.063724540939929965e-20
-1.008592872333913976e-20
-7.160540671353568632e-21
-1.472524267857347023e-21
6.953674432381420437e-21
1.751800677884101171e-20
2.893484891293879934e-20
3.921840029346352061e-20
4.580328141961700211e-20
4.582854920239108288e-20
3.659149761901958189e-20
1.614683374449932639e-20
-1.601081261693550401e-20
-5.828233170457084808e-20
-1.064527875486386738e-19
-1.534891399988050851e-19
-1.898012056671465974e-19
-2.040885406258009853e-19
-1.848303800982828178e-19
-1.223767058115777626e-19
-1.147101923304574316e-20
1.461035028032605238e-19
3.391962410735146143e-19
5.458188495058717999e-19
7.331076362340563582e-19
8.592365496264482946e-19
8.776333566423573375e-19
7.435655773209877180e-19
4.227673323355126916e-19
-9.868528371577871439e-20
-8.045340100437625986e-19
-1.640242389423117428e-18
-2.508629521178357022e-18
-3.271256131547133864e-18
-3.757282230474610058e-18
-3.780850674077777199e-18
-3.166961684398844784e-18
-1.784436823996090919e-18
4.170975262243445325e-19
3.370849504479130949e-18
6.863210186581076558e-18
1.051773218314853026e-17
1.379969534054455052e-17
1.604719304132665479e-17
1.653237417525840806e-17
1.455299383514556687e-17
9.549795208841029188e-18
1.240020252423649640e-18
-1.024804152495419133e-17
-2.425922378707139954e-17
-3.953726789889929687e-17
-5.421585256644878992e-17
-6.589582810415475257e-17
-7.182363598428126374e-17
-6.917555291081320433e-17
-5.543904093417790428e-17
-2.886647586956517947e-17
1.104051612054633163e-17
6.307362682046673105e-17
1.239567999695542397e-16
1.881578607300409467e-16
2.479460254191205582e-16
2.937566112312873156e-16
3.149007770562411946e-16
3.006234279253391234e-16
2.414700350208878049e-16
1.308732739701388308e-16
-3.317716219576277259e-17
-2.465652823057572435e-16
-4.977948044751294952e-16
-7.672809836220453178e-16
-1.027410413317116512e-15
-1.243554586731574364e-15
-1.376156535833051014e-15
-1.383917581091386947e-15
-1.227995120886104900e-15
-8.769910202910272470e-16
-3.123744218817164388e-16
4.661355716429607318e-16
1.435805019495172471e-15
2.547368791396714162e-15
3.723396746902873228e-15
4.859123086536909497e-15
5.826181449450091449e-15
6.479518713974541030e-15
6.667485065849163700e-15
6.244849930003631630e-15
5.088151054595578884e-15
3.112522726331939417e-15
2.888764838452408676e-16
-3.339873569155045289e-15
-7.644944993354628460e-15
-1.240157624624082036e-14
-1.728390041223597240e-14
-2.186582349645443957e-14
-2.562845396244118473e-14
-2.797427274634639582e-14
-2.824768312325882241e-14
-2.576090619846923419e-14
-1.982394893314427808e-14
-9.776657565116475546e-15
4.979245910984725354e-15
2.495046676860221413e-14
5.052714499510953250e-14
8.196460003773164971e-14
1.193734510112481884e-13
1.627195421590940660e-13
2.118338463625787926e-13
2.664321942322939174e-13
3.261442494111727042e-13
3.905493279037636212e-13
4.592176248638391023e-13
5.317538943894195569e-13
6.078400044580434258e-13
6.872754318779095151e-13
7.700106828198438613e-13
8.561730968290048871e-13
9.460824051260585676e-13
1.040255880567497737e-12
1.139402808214562413e-12
1.244407354938914523e-12
1.356303958033322488e-12
1.476243606524096919e-12
1.605457845658964100e-12
1.745216601442556303e-12
1.896790016719940297e-12
2.061409203057973372e-12
2.240234690462084011e-12
2.434328129699570020e-12
2.644631475617886807e-12
2.871955928282488024e-12
3.116973693040314686e-12
3.380219281562402145e-12
3.662094499173873530e-12
3.962875166907409152e-12
4.282723047727143850e-12
4.621693652784308881e-12
4.979746216077218790e-12
5.356747597579092357e-12
5.752474017961528574e-12
6.166608022828423685e-12
6.598725905970770356e-12
7.048292071515360746e-12
7.514633880434384849e-12
7.996928640119360665e-12
8.494175848805518569e-12
9.005171608400530658e-12
9.528487374121930031e-12
1.006244480100670913e-11
1.060508972305918007e-11
1.115417827546316687e-11
1.170715781262376964e-11
1.226114348940043897e-11
1.281291652638349987e-11
1.335891640363850996e-11
1.389523305445061752e-11
1.441760426323934752e-11
1.492142520653771953e-11
1.540175278980093765e-11
1.585331518838550835e-11
1.627051965380488241e-11
1.664747333041116661e-11
1.697800754152378744e-11
1.725569340194077483e-11
1.747387824713175775e-11
1.762570991936662779e-11
1.770417493163201073e-11
1.770214703988859384e-11
1.761242193754064544e-11
1.742777797075767410e-11
1.714102297600827995e-11
1.674506540372266983e-11
1.623296462527346051e-11
1.559800726080862177e-11
1.483378003763746733e-11
1.393424264861664597e-11
1.289381275360046430e-11
1.170743536837992593e-11
1.037067740711217212e-11
8.879809214323852729e-12
7.231881326424938194e-12
5.424816845733815285e-12
3.457489503033706058e-12
1.329805623256907765e-12
-9.572222571876953801e-13
-3.401401339406251445e-12
-5.999295244613067624e-12
-8.746162648287647556e-12
-1.163590231112454632e-11
-1.466102239611188907e-11
-1.781258994471013324e-11
-2.108021743274512971e-11
-2.445205843359943287e-11
-2.791481108765925256e-11
-3.145371116342055018e-11
-3.505257542557593808e-11
-3.869385367671895892e-11
-4.235867906432488894e-11
-4.602694961275410890e-11
-4.967739414274419119e-11
-5.328768329371236234e-11
-5.683460299610310074e-11
-6.029410304364546391e-11
-6.364149485182934995e-11
-6.685160064412443148e-11
-6.989893386322165725e-11
-7.275786223503999395e-11
-7.540282981333135126e-11
-7.780855820760379515e-11
-7.995020617768133775e-11
-8.180365412835399752e-11
-8.334569145951320479e-11
-8.455424554965063066e-11
-8.540856910599359253e-11
-8.588952465915511425e-11
-8.597968864654248478e-11
-8.566367754037074178e-11
-8.492824499217732637e-11
-8.376253163300262372e-11
-8.215818997348023345e-11
-8.010954399839675943e-11
-7.761376957793331144e-11
-7.467092916213502463e-11
-7.128413831436475334e-11
-6.745962122245430237e-11
-6.320671069870442693e-11
-5.853791756882387176e-11
-5.346887516077813984e-11
-4.801833930478949242e-11
-4.220812935273876576e-11
-3.606300327807510087e-11
-2.961055012296043287e-11
-2.288103907732708109e-11
-1.590723212874234349e-11
-8.724188906017449341e-12
-1.369039864113075211e-12
6.119282597999431417e-12
1.370030998371074560e-11
2.133232479550883909e-11
2.897267321888552516e-11
3.657809471979689420e-11
4.410502171814378869e-11
5.150995949221304215e-11
5.874975506081625554e-11
6.578201178220055567e-11
7.256534956256999180e-11
7.905975180078073095e-11
8.522687416911978175e-11
9.103034992463676645e-11
9.643605358711226927e-11
1.014123993114957045e-10
1.059305074213590103e-10
1.099645235980162283e-10
1.134917507195076780e-10
1.164928153940536504e-10
1.189518344935081018e-10
1.208565747479184438e-10
1.221984319288438314e-10
1.229725626883393375e-10
1.231779261923193758e-10
1.228171730982552390e-10
1.218967426996897530e-10
1.204266547594201597e-10
1.184204817539225019e-10
1.158951823398979286e-10
1.128709625763946178e-10
1.093710122468394275e-10
1.054213799589476253e-10
1.010506400778155012e-10
9.628972619246667364e-11
9.117159804894470199e-11
8.573095011676912236e-11
8.000393403317929142e-11
7.402786716959042224e-11
6.784090650358010066e-11
6.148177106313212903e-11
5.498941579862304252e-11
4.840272974093728919e-11
4.176030354852144910e-11
3.510007215434818306e-11
2.845912915050430314e-11
2.187340933379466890e-11
1.537749268198940200e-11
9.004373635601581327e-12
2.785257267878815668e-12
-3.250613753863484945e-12
-9.076119196482768103e-12
-1.466639830416394119e-11
-1.999895908599835792e-11
-2.505378023098803197e-11
-2.981336011398383334e-11
-3.426275582696369781e-11
-3.838961787350214649e-11
-4.218417282153552605e-11
-4.563919034361596516e-11
-4.874993117520709518e-11
-5.151410548132062672e-11
-5.393175489531998323e-11
-5.600515190495869433e-11
-5.773871311620659696e-11
-5.913881884200833383e-11
-6.021376453002602602e-11
-6.097346932909530892e-11
-6.142943792530886071e-11
-6.159456972243404493e-11
-6.148301312514092842e-11
-6.110992267771564457e-11
-6.049139661401525814e-11
-5.964424787396893635e-11
-5.858587920348767852e-11
-5.733407151820024694e-11
-5.590689022838546407e-11
-5.432251870551851880e-11
-5.259910215715812853e-11
-5.075463313519712472e-11
-4.880681622743132664e-11
-4.677298132138574260e-11
-4.466994482643649178e-11
-4.251393681542481318e-11
-4.032047959401374726e-11
-3.810438423124118401e-11
-3.587962912887654454e-11
-3.365932185750430961e-11
-3.145565405371364420e-11
-2.927987713396973390e-11
-2.714228841682597704e-11
-2.505218081594318136e-11
-2.301787753455908359e-11
-2.104671124880663768e-11
-1.914503625077834670e-11
-1.731825967354883034e-11
-1.557085189951568083e-11
-1.390637605069855454e-11
-1.232753048946433339e-11
-1.083617744146447848e-11
-9.433384628998453536e-12
-8.119479914803218179e-12
-6.894091200693175381e-12
-5.756198469264450779e-12
-4.704187560322647954e-12
-3.735903513629734718e-12
-2.848700875884846440e-12
-2.039502898162903755e-12
-1.304852384996502135e-12
-6.409686149899673779e-13
-4.379818990124517697e-14
4.909333031245799450e-13
9.676710387845899319e-13
1.390982706621357590e-12
1.765510697707139975e-12
2.095928031825566862e-12
2.386894501493763698e-12
2.643017532263924885e-12
2.868813910386625032e-12
3.068676389383906411e-12
3.246838778739324916e-12
3.407349272524506922e-12
3.554042910663968158e-12
3.690516642285146531e-12
3.820109159557993905e-12
3.945882249417609344e-12
4.070606265255127809e-12
4.196746249129912343e-12
4.326454992875650163e-12
4.461563497121234789e-12
4.603580103929028056e-12
4.753687894709646145e-12
4.912745123902828581e-12
5.081290423147866164e-12
5.259552775943587832e-12
5.447455420776181612e-12
5.644630596268740419e-12
5.850432985288200882e-12
6.063954460094889143e-12
6.284043164300756601e-12
6.509324329551091637e-12
6.738218923801886362e-12
6.968968371129369288e-12
7.199658837858669003e-12
7.428245518692477845e-12
7.652578223882322561e-12
7.870430002165917927e-12
8.079527498427996335e-12
8.277567867254198575e-12
8.462261273656235261e-12
8.631342168774480683e-12
8.782606586432706308e-12
8.913932959819792501e-12
9.023310744427082142e-12
9.108862102091830337e-12
9.168864452402392118e-12
9.201766085209506230e-12
9.206209579393220821e-12
9.181046548012439246e-12
9.125352383454465865e-12
9.038434063690647946e-12
8.919843162702445483e-12
8.769381054651859131e-12
8.587099781243168195e-12
8.373312460063786489e-12
8.128578539434716532e-12
7.853711604666191448e-12
7.549769837078557089e-12
7.218041702533595227e-12
6.860044650391916576e-12
6.477503429469511076e-12
6.072341848101237005e-12
5.646661957459109260e-12
5.202728005360146568e-12
4.742946486946397755e-12
4.269841424875409075e-12
3.786035721042857460e-12
3.294229038858231817e-12
2.797171348711824379e-12
2.297642544973887979e-12
1.798426425142496399e-12
1.302286512135097940e-12
8.119440449844139707e-13
3.300551563827081036e-13
-1.408114889880213161e-13
-5.981949961417210027e-13
-1.039762134898147838e-12
-1.463325012378280388e-12
-1.866858230503698479e-12
-2.248512140368141843e-12
-2.606627153706186917e-12
-2.939743283872364721e-12
-3.246610228921364971e-12
-3.526191708416726023e-12
-3.777671751803435285e-12
-4.000454481567494724e-12
-4.194165847959396842e-12
-4.358652327951517691e-12
-4.493975070546385453e-12
-4.600402957882776533e-12
-4.678404798980073664e-12
-4.728643258206099986e-12
-4.751957074361490285e-12
-4.749351519700573121e-12
-4.721985389505301001e-12
-4.671154522212228599e-12
-4.598276620582097962e-12
-4.504872603422471755e-12
-4.392553161480794444e-12
-4.262998808124418559e-12
-4.117942965786713927e-12
-3.959155486094045884e-12
-3.788424868950146518e-12
-3.607541132141789397e-12
-3.418281066189243766e-12
-3.222393489196728744e-12
-3.021582983819826040e-12
-2.817496886839410131e-12
-2.611714880820792395e-12
-2.405735983687651292e-12
-2.200971176147259456e-12
-1.998732559668758846e-12
-1.800227827052081064e-12
-1.606553648794695199e-12
-1.418691661543569627e-12
-1.237506082850392541e-12
-1.063740783825706249e-12
-8.980198854501020289e-13
-7.408476501540028902e-13
-5.926113549534206548e-13
-4.535848422120708490e-13
-3.239317722478901596e-13
-2.037113967096049194e-13
-9.288410156033793941e-14
8.681344014428889200e-15
1.012006030733959838e-13
1.849658799605094495e-13
2.603368638286890357e-13
3.277329037494614017e-13
3.876236354463657996e-13
4.405197452476972142e-13
4.869642016014363861e-13
5.275236627730328642e-13
5.627791527067216304e-13
5.933177126687949610e-13
6.197250286728295254e-13
6.425772999633927451e-13
6.624347338030078802e-13
6.798345523681414981e-13
6.952856259484496704e-13
7.092635398268931635e-13
7.222057153699612542e-13
7.345088079424577643e-13
7.465242616785938701e-13
7.585574421202501139e-13
7.708653593924141845e-13
7.836560176818774259e-13
7.970885236574520860e-13
8.112733033104058133e-13
8.262736740476117614e-13
8.421068746836124497e-13
8.587466675258337290e-13
8.761262115103418679e-13
8.941405016567316455e-13
9.126507058768162928e-13
9.314876344215794468e-13
9.504556430089960983e-13
9.693366985821794124e-13
9.878949871686137918e-13
1.005881250688844819e-12
1.023037340605603696e-12
1.039100879993148929e-12
1.053809166665087282e-12
1.066903509983063714e-12
1.078133784505885817e-12
1.087261574175824030e-12
1.094064617547518825e-12
1.098339843554063666e-12
1.099905431491132735e-12
1.098604172043715632e-12
1.094306503052200341e-12
1.086910401092155976e-12
1.076344417240415741e-12
1.062566701293121696e-12
1.045567170170069726e-12
1.025366640552971553e-12
1.002016395204585741e-12
9.755970987665452121e-13
9.462183640784882499e-13
9.140159332524100400e-13
8.791509187311419282e-13
8.418068759424857106e-13
8.021870927937824192e-13
7.605125838978932240e-13
7.170195426980940923e-13
6.719555467604720889e-13
6.255778230504493997e-13
5.781495074352882568e-13
5.299374762797459670e-13
4.812095275204264500e-13
4.322315617401317756e-13
3.832657661292232509e-13
3.345679852953531430e-13
2.863859323298800774e-13
2.389571559287956282e-13
1.925076309299000865e-13
1.472506470055756633e-13
1.033854398575437261e-13
6.109648648545268346e-14
2.055263782513999660e-14
-1.809341657619048527e-14
-5.470559240523288624e-14
-8.916456982477338755e-14
-1.213680577479697709e-13
-1.512307125231884819e-13
-1.786843649388344946e-13
-2.036777457846764006e-13
-2.261762419063576002e-13
-2.461617064700161173e-13
-2.636315373904379866e-13
-2.785984875956770690e-13
-2.910897976653170627e-13
-3.011461522858804862e-13
-3.088207586789820658e-13
-3.141786147648623073e-13
-3.172952894349434505e-13
-3.182557570344940467e-13
-3.171538010514340922e-13
-3.140904420231849237e-13
-3.091735309608545368e-13
-3.025169633026625338e-13
-2.942395676067133259e-13
-2.844648073953987000e-13
-2.733199408987141421e-13
-2.609352621127380978e-13
-2.474433960682198563e-13
-2.329785940991674353e-13
-2.176753785901319738e-13
-2.016675807467796511e-13
-1.850867278451601150e-13
-1.680607286365723430e-13
-1.507119895462899484e-13
-1.331558019228296086e-13
-1.154989190225996776e-13
-9.783828884861109354e-14
-8.026006481599498588e-14
-6.283937535904102201e-14
-4.564057126481800564e-14
-2.871807609425292007e-14
-1.211812344670574679e-14
4.119053459861882205e-15
1.995645029708326829e-14
3.535712711109570416e-14
5.028114629843614958e-14
6.468246484215775527e-14
7.850628648683674604e-14
9.168700683664238182e-14
1.041472003039320415e-13
1.157973456705763127e-13
1.265367070022241358e-13
1.362551971207867640e-13
1.448360610048146646e-13
1.521593587889766286e-13
1.581056791565005337e-13
1.625602186498473212e-13
1.654165628257875387e-13
1.665798982043373289e-13
1.659698582994612037e-13
1.635221634748579289e-13
1.591896780410786971e-13
1.529421934150926310e-13
1.447655607585487947e-13
1.346602679624248067e-13
1.226392576901547127e-13
1.087259690374549337e-13
9.295220300929718515e-14
7.535638779643250018e-14
5.598234888355181627e-14
3.487885165149445799e-14
1.209965728142265579e-14
-1.229563021223119973e-14
-3.824011555542475294e-14
-6.565780634026213702e-14
-9.446153440614141195e-14
-1.245507061202466570e-13
-1.558093525077033914e-13
-1.881044013043661756e-13
-2.212843488091573163e-13
-2.551783654172745663e-13
-2.895961194373380954e-13
-3.243279397217163629e-13
-3.591451409271778639e-13
-3.938014194251882039e-13
-4.280335851383765267e-13
-4.615633504741201154e-13
-4.940988482075858723e-13
-5.253355801586312435e-13
-5.549591276972354326e-13
-5.826465612063236321e-13
-6.080685000658947459e-13
-6.308915521079094813e-13
-6.507811867520474358e-13
-6.674050418223331782e-13
-6.804366640446313230e-13
-6.895594121744674787e-13
-6.944717695876734265e-13
-6.948916810890770623e-13
-6.905622991840165703e-13
-6.812573508790942256e-13
-6.667863960627129494e-13
-6.469999232552869906e-13
-6.217938490482577407e-13
-5.911135838622405547e-13
-5.549575013939767043e-13
-5.133793238611128462e-13
-4.664896940953511262e-13
-4.144572326395673523e-13
-3.575085106427566828e-13
-2.959275348640016956e-13
-2.300544737349197177e-13
-1.602842478968385942e-13
-8.706404331206354930e-14
-1.089119029337726197e-14
6.768981127567089140e-14
1.480902938255299062e-13
2.296808576662812129e-13
3.117952402341417351e-13
3.937342802056570390e-13
4.747707218685781605e-13
5.541545954751425640e-13
6.311188008832624430e-13
7.048858025049398179e-13
7.746741074142471373e-13
8.397069931748157856e-13
8.992195009438486153e-13
9.524679222411291946e-13
9.987384183562930673e-13
1.037355531335881764e-12
1.067692700744415912e-12
1.089178985717864645e-12
1.101310123825804954e-12
1.103654819444022106e-12
1.095862550010151537e-12
1.077670721758017258e-12
1.048910307568928779e-12
1.009511051142109039e-12
9.595051532820808582e-13
8.990307955557275132e-13
8.283329534439221042e-13
7.477654021155466513e-13
6.577893611747764879e-13
5.589732778206457642e-13
4.519885713535204408e-13
3.376078442415136882e-13
2.166983633549238175e-13
9.021688290086066209e-14
-4.079745710098420242e-14
-1.752309235214521976e-13
-3.119052596495947016e-13
-4.495865756504874300e-13
-5.869971392638562158e-13
-7.228265295339264540e-13
-8.557434817181575060e-13
-9.844101445458108834e-13
-1.107493111975055289e-12
-1.223679360964902152e-12
-1.331688340329428843e-12
-1.430285902735695114e-12
-1.518297098289378422e-12
-1.594620377583233495e-12
-1.658240060022075912e-12
-1.708236091642334475e-12
-1.743798465000945264e-12
-1.764234591750124537e-12
-1.768980686760179832e-12
-1.757607514391024139e-12
-1.729830363152162764e-12
-1.685510563585734811e-12
-1.624663294522155077e-12
-1.547456498877941566e-12
-1.454214136262232948e-12
-1.345415640875702312e-12
-1.221692018382736222e-12
-1.083823460666655247e-12
-9.327332742975480429e-13
-7.694815379495623109e-13
-5.952561035228731701e-13
-4.113632720049997804e-13
-2.192160705348153438e-13
-2.032292926610820838e-14
1.837258643833106220e-13
3.912739273206899959e-13
6.006102191112583366e-13
8.099880358450328721e-13
1.017638881148363872e-12
1.221790572360215155e-12
1.420681714631166770e-12
1.612579536049152384e-12
1.795794199108136091e-12
1.968695605841785934e-12
2.129728251393236960e-12
2.277425210223116281e-12
2.410421038115395653e-12
2.527465216284330296e-12
2.627432559715314753e-12
2.709333842346173249e-12
2.772323603322801588e-12
2.815707085893071060e-12
2.838949127864642819e-12
2.841675245807140371e-12
2.823675104499101529e-12
2.784906636896233856e-12
2.725491707322724722e-12
2.645717846194717282e-12
2.546034346892489530e-12
2.427046194228288378e-12
2.289511028680246696e-12
2.134328304370658458e-12
1.962534301735985309e-12
1.775291827606217954e-12
1.573877530039458073e-12
1.359674092066276430e-12
1.134154727598646328e-12
8.988715262565893926e-13
6.554424971522143650e-13
4.055366340047911189e-13
1.508609453722623006e-13
-1.068548597044430282e-13
-3.658721817265814247e-13
-6.244579506264891222e-13
-8.808982731624281914e-13
-1.133512446231665916e-12
-1.380665438747985529e-12
-1.620780549702049989e-12
-1.852350521233669944e-12
-2.073950169587113201e-12
-2.284243974526312115e-12
-2.481996596095936702e-12
-2.666079379834429552e-12
-2.835479030391385713e-12
-2.989300647293635649e-12
-3.126776398562625126e-12
-3.247262918629201245e-12
-3.350248247227516352e-12
-3.435350745192855548e-12
-3.502319744982940186e-12
-3.551032731752279403e-12
-3.581492958107390656e-12
-3.593827058862020252e-12
-3.588281798430625891e-12
-3.565216047732300275e-12
-3.525095146339474184e-12
-3.468486999350095523e-12
-3.396051452206338972e-12
-3.308531833917660592e-12
-3.206749752890369898e-12
-3.091594688586773998e-12
-2.964013583184321732e-12
-2.825003469000830769e-12
-2.675601493834500744e-12
-2.516875379984795380e-12
-2.349914750635062610e-12
-2.175820938352113210e-12
-1.995698528309275410e-12
-1.810649178334011733e-12
-1.621759801104238896e-12
-1.430097034717248139e-12
-1.236699544854280575e-12
-1.042570977466406035e-12
-8.486747003939865142e-13
-6.559270271030981370e-13
-4.651928256667325901e-13
-2.772808295904011233e-13
-9.294036487682635905e-14
8.714152310981479466e-14
2.623431257387648374e-13
4.321098058361616534e-13
5.959552512938004476e-13
7.534619629601113644e-13
9.042821287781610540e-13
1.048135970377339632e-12
1.184812230964338298e-12
1.314166332179456109e-12
1.436118802003449879e-12
1.550653594244166822e-12
1.657814944350244346e-12
1.757706176788720320e-12
1.850485910337429374e-12
1.936365781260440677e-12
2.015606214919585248e-12
2.088515124731848971e-12
2.155443575360682651e-12
2.216782096428615567e-12
2.272957863591607008e-12
2.324431879613397811e-12
2.371694637556820418e-12
2.415264819741191893e-12
2.455683876731451498e-12
2.493515159976422702e-12
2.529339801840557733e-12
2.563754547199592615e-12
2.597370452397940177e-12
2.630806163195220648e-12
2.664690300011041124e-12
2.699656904275871128e-12
2.736342619505394147e-12
2.775387341821811127e-12
2.817429666304716029e-12
2.863106886991095834e-12
2.913052394790116573e-12
2.967892424876605872e-12
3.028249526138004910e-12
3.094736706482636990e-12
3.167956782318404052e-12
3.248503679595393656e-12
3.336957663316320044e-12
3.433884903855655146e-12
3.539838561161801067e-12
3.655355965831441623e-12
3.780955149662590387e-12
3.917136580378066668e-12
4.064380342699847048e-12
4.223144837306458399e-12
4.393864178747763916e-12
4.576948629125832113e-12
4.772778526562770907e-12
4.981705586243334594e-12
5.204050732010578884e-12
5.440099759557170955e-12
5.690100734340175492e-12
5.954263557900185688e-12
6.232748258477860404e-12
6.525672797269566061e-12
6.833100058001306820e-12
7.155038714290462565e-12
7.491435423390147008e-12
7.842175693550945681e-12
8.207067837828763146e-12
8.585849045616988917e-12
8.978168035411737691e-12
9.383591993705753254e-12
9.801588360391910726e-12
1.023152309403974058e-11
1.067265720244847671e-11
1.112413459958272455e-11
1.158497690140203318e-11
1.205407648696699141e-11
1.253019129426879985e-11
1.301193701397362901e-11
1.349777928316697739e-11
1.398602761382150561e-11
1.447483712752051233e-11
1.496219467767012645e-11
1.544592578839321106e-11
1.592367383784765167e-11
1.639291133392895006e-11
1.685093557746153436e-11
1.729487386636918700e-11
1.772167829150461671e-11
1.812812053247903066e-11
1.851081267434384614e-11
1.886620720759069059e-11
1.919060049759835351e-11
1.948013451935626250e-11
1.973083849082790664e-11
1.993860111737522089e-11
2.009920875567505760e-11
2.020836102623047026e-11
2.026168469115852133e-11
2.025474406253113813e-11
2.018309304407939209e-11
2.004225778395873903e-11
1.982778698172982246e-11
1.953528311338104118e-11
1.916040243132854926e-11
1.869892435335529512e-11
1.814674625844059364e-11
1.749993726318788134e-11
1.675475730378295225e-11
1.590770223880433321e-11
1.495553160479889954e-11
1.389529723921922866e-11
1.272439098531918944e-11
1.144056897828260588e-11
1.004199761539537050e-11
8.527283046344535933e-12
6.895482882601777774e-12
5.146171683234612715e-12
3.279452664289861374e-12
1.295984803847960443e-12
-8.029724346374222943e-13
-3.015544628240385272e-12
-5.339225589429119623e-12
-7.770837792686613454e-12
-1.030653687394966767e-11
-1.294178566396686492e-11
-1.567133749158511336e-11
-1.848922924485574271e-11
-2.138878657520493221e-11
-2.436261609117806870e-11
-2.740262010358929246e-11
-3.049998448245716531e-11
-3.364521855564461816e-11
-3.682814470051809508e-11
-4.003794518148140469e-11
-4.326318470138090788e-11
-4.649183121818722952e-11
-4.971131492559344167e-11
-5.290854213080287138e-11
-5.606998546014985152e-11
-5.918168732854667269e-11
-6.222934667565738209e-11
-6.519840917151853432e-11
-6.807405333875138354e-11
-7.084133279988691356e-11
-7.348521097183535744e-11
-7.599068596597646774e-11
-7.834282528262903611e-11
-8.052683519998993233e-11
-8.252818567422437468e-11
-8.433270054508668068e-11
-8.592659916928369057e-11
-8.729666295392846109e-11
-8.843022147875245764e-11
-8.931532596845315197e-11
-8.994078398716354172e-11
-9.029629127743632466e-11
-9.037246645471341822e-11
-9.016089957958328682e-11
-8.965436032459805915e-11
-8.884672164644058512e-11
-8.773314019716593748e-11
-8.631002856862579620e-11
-8.457512468140748751e-11
-8.252758199045473475e-11
-8.016797642396156220e-11
-7.749832026116010297e-11
-7.452215927683525365e-11
-7.124448253570392353e-11
-6.767179178135407369e-11
-6.381211531403252479e-11
-5.967492472391811020e-11
-5.527119387171985920e-11
-5.061330521360929424e-11
-4.571507061790214266e-11
-4.059163075109673002e-11
-3.525946201676788405e-11
-2.973622389990104864e-11
-2.404076417106271180e-11
-1.819301306826837106e-11
-1.221388701982961678e-11
-6.125214484925534109e-12
5.039680695331782978e-14
6.289659765235100508e-12
1.256869087973289112e-11
1.886317664567815910e-11
2.514847184664770197e-11
3.139976473276462343e-11
3.759215508325475241e-11
4.370084849547595240e-11
4.970123271275106447e-11
5.556907017867374066e-11
6.128059865107005066e-11
6.681268038821741584e-11
7.214290970170011974e-11
7.724979683709776168e-11
8.211280960734868017e-11
8.671254686509755061e-11
9.103078707495271260e-11
9.505064790804595987e-11
9.875666950875938710e-11
1.021348561280888134e-10
1.051727593903706293e-10
1.078595684989025472e-10
1.101861935026704487e-10
1.121451959074093452e-10
1.137309135756936485e-10
1.149394884825127860e-10
1.157688458985894897e-10
1.162186666348041797e-10
1.162904078588766765e-10
1.159873239120479127e-10
1.153143899812469897e-10
1.142782604657277545e-10
1.128872134659175686e-10
1.111511160889477878e-10
1.090813550597147241e-10
1.066907395763649902e-10
1.039933833490991333e-10
1.010046699057021158e-10
9.774112075255914078e-11
9.422029129124709357e-11
9.046060428508084783e-11
8.648132904243155394e-11
8.230241488327294519e-11
7.794435930019716352e-11
7.342806918053668142e-11
6.877481223410697453e-11
6.400598107081378885e-11
5.914305850618362115e-11
5.420746837514478500e-11
4.922046797917190020e-11
4.420301624730171852e-11
3.917566271383066123e-11
3.415848506826968389e-11
2.917092956078448651e-11
2.423178324661989791e-11
1.935902306515746574e-11
1.456979155378679280e-11
9.880292764496978464e-12
5.305715068681937652e-12
8.602183093446569284e-13
-3.443143773568246857e-12
-7.592448371396276485e-12
-1.157696941783692424e-11
-1.538715335702711684e-11
-1.901465096487697792e-11
-2.245230563968636517e-11
-2.569418462716743790e-11
-2.873552437665516379e-11
-3.157275135778903064e-11
-3.420342134519138710e-11
-3.662618125455097129e-11
-3.884075699955857885e-11
-4.084788063352107201e-11
-4.264924524655100413e-11
-4.424745292386234041e-11
-4.564596617351313057e-11
-4.684901425133780606e-11
-4.786154458868985273e-11
-4.868918115907838740e-11
-4.933811345586569530e-11
-4.981506873669161450e-11
-5.012721487895888117e-11
-5.028210833812885028e-11
-5.028761088099464871e-11
-5.015182366618908816e-11
-4.988304561082124167e-11
-4.948970400153740457e-11
-4.898026775834729563e-11
-4.836322314849539339e-11
-4.764700786696884904e-11
-4.683993470866454345e-11
-4.595020891562384691e-11
-4.498580327694234882e-11
-4.395445812876985769e-11
-4.286368482375735312e-11
-4.172065817820147515e-11
-4.053225810540794782e-11
-3.930499328785863611e-11
-3.804502546334020963e-11
-3.675814513881547896e-11
-3.544974036540082807e-11
-3.412484184117658970e-11
-3.278805699169495824e-11
-3.144363935891902884e-11
-3.009543655951851804e-11
-2.874694926546794704e-11
-2.740131212208840594e-11
-2.606131976889969337e-11
-2.472943204379074444e-11
-2.340781735110653017e-11
-2.209834225330720159e-11
-2.080262004322541713e-11
-1.952202635657762642e-11
-1.825770611085797412e-11
-1.701061513870172348e-11
-1.578154273929044393e-11
-1.457113422975719885e-11
-1.337991002714478128e-11
-1.220828819981090163e-11
-1.105661222300380331e-11
-9.925179601799616336e-12
-8.814242738464095339e-12
-7.724052300539518967e-12
-6.654847246184703025e-12
-5.606892554410602969e-12
-4.580486597655086811e-12
-3.575973718528135947e-12
-2.593757457078349482e-12
-1.634301960255768460e-12
-6.981422276224058532e-13
2.141096138276801786e-13
1.101762886653034901e-12
1.964047414287906079e-12
2.800113439727081044e-12
3.609036680618515902e-12
4.389820104644392984e-12
5.141402061037414484e-12
5.862662352112968378e-12
6.552430473205639316e-12
7.209497322052671464e-12
7.832623438730479393e-12
8.420553317123324888e-12
8.972027114306779794e-12
9.485794094654664832e-12
9.960623471860774458e-12
1.039532349089711261e-11
1.078875357107822452e-11
1.113983471440205264e-11
1.144757205695512425e-11
1.171105747099776551e-11
1.192948517747538517e-11
1.210217689950887632e-11
1.222858706656504424e-11
1.230830021237139249e-11
1.234106653674738041e-11
1.232679236462530525e-11
1.226555749328506195e-11
1.215762473333326099e-11
1.200343904134149042e-11
1.180363792818717172e-11
1.155905492850051175e-11
1.127072567219666865e-11
1.093988181294358597e-11
1.056795449760894456e-11
1.015657436626016263e-11
9.707567215355705770e-12
9.222947058851183044e-12
8.704916995561085002e-12
8.155853596647499870e-12
7.578299966726209647e-12
6.974961840738869157e-12
6.348690670399115277e-12
5.702468445362152139e-12
5.039396851203026273e-12
4.362679488500997849e-12
3.675609296094339840e-12
2.981547300717757309e-12
2.283905703448496638e-12
1.586126087242678562e-12
8.916635875835798863e-13
2.039627554307685275e-13
-4.735612943451705803e-13
-1.137544702531356755e-12
-1.784695221468401982e-12
-2.411813804226170532e-12
-3.015813293538727180e-12
-3.593742924773435377e-12
-4.142802420559199561e-12
-4.660368445319473807e-12
-5.144002411527903718e-12
-5.591474332156121108e-12
-6.000777565823289805e-12
-6.370140526179568496e-12
-6.698040559693918539e-12
-6.983211751909745857e-12
-7.224660106275315741e-12
-7.421662243101145862e-12
-7.573781012071290064e-12
-7.680852481817268540e-12
-7.743003287152827596e-12
-7.760641955456559771e-12
-7.734448498331047972e-12
-7.665380483135031398e-12
-7.554656553110383754e-12
-7.403752090573423317e-12
-7.214381435999284164e-12
-6.988486612319322333e-12
-6.728224748175914982e-12
-6.435943791793796720e-12
-6.114165163745299836e-12
-5.765563807630380566e-12
-5.392949975480121338e-12
-4.999241472181115142e-12
-4.587442838793753808e-12
-4.160618898019219358e-12
-3.721870901751689331e-12
-3.274314196513583575e-12
-2.821050901560817614e-12
-2.365147140637180456e-12
-1.909607888483932925e-12
-1.457356696259182183e-12
-1.011211730669869802e-12
-5.738658788619066531e-13
-1.478676258043556957e-13
2.643969570191584406e-13
6.607198512267875579e-13
1.039085267481865138e-12
1.397680907642973036e-12
1.734908874548302116e-12
2.049392339859013035e-12
2.339981940852053910e-12
2.605758924606460525e-12
2.846034389061835590e-12
3.060350367220521228e-12
3.248474189296302050e-12
3.410395230107887699e-12
3.546316669142401956e-12
3.656643998012354402e-12
3.741978081561736502e-12
3.803096292748220364e-12
3.840945356908820330e-12
3.856622486642091729e-12
3.851357600892502120e-12
3.826499880843492463e-12
3.783496953235765403e-12
3.723878410494263491e-12
3.649235427727326453e-12
3.561205367055841897e-12
3.461452695655009570e-12
3.351647735391760641e-12
3.233453435558253375e-12
3.108510627722327335e-12
2.978416775364922664e-12
2.844714915017920731e-12
2.708881079518943302e-12
2.572311070744848216e-12
2.436308967068701037e-12
2.302080401306305646e-12
2.170723019737086368e-12
2.043220410571922052e-12
1.920438634506194120e-12
1.803121779490879373e-12
1.691890876530377508e-12
1.587244983884683602e-12
1.489560211287432878e-12
1.399094490435459637e-12
1.315989960233576728e-12
1.240279038326741468e-12
1.171889083169397328e-12
1.110651718164157309e-12
1.056308035832231873e-12
1.008518789313850306e-12
9.668730659856406007e-13
9.308973947588783382e-13
9.000658833697994243e-13
8.738098135688265877e-13
8.515279952513166162e-13
8.325961448063523562e-13
8.163771308272727012e-13
8.022295935189438509e-13
7.895177567274203057e-13
7.776193426158040101e-13
7.659333237097776248e-13
7.538876207330291734e-13
7.409456078202869556e-13
7.266116419483992228e-13
7.104368634179569764e-13
6.920225568800286720e-13
6.710244881448501619e-13
6.471545846951920478e-13
6.201835919816822695e-13
5.899416155238923487e-13
5.563188256417495037e-13
5.192641564129296672e-13
4.787853598829661106e-13
4.349462413497096058e-13
3.878647620095265758e-13
3.377093255648583314e-13
2.846964471895502280e-13
2.290862540898358501e-13
1.711779860653211971e-13
1.113061736963266712e-13
4.983525121434254079e-14
-1.284506152159949066e-14
-7.632493270216811343e-14
-1.401794126739894231e-13
-2.039737600828192554e-13
-2.672681954224431777e-13
-3.296230476068640058e-13
-3.906034024871163357e-13
-4.497835480801737340e-13
-5.067515959807089576e-13
-5.611132760686976528e-13
-6.124957854271306790e-13
-6.605510409485315648e-13
-7.049588235212567167e-13
-7.454295969551438805e-13
-7.817066221757484890e-13
-8.135677461579282621e-13
-8.408270824392105602e-13
-8.633362579522907421e-13
-8.809846298654666619e-13
-8.937004239949197792e-13
-9.014500300733030436e-13
-9.042376222789805240e-13
-9.021047797652670397e-13
-8.951297819290160440e-13
-8.834251689557315323e-13
-8.671378502397852905e-13
-8.464453096768131957e-13
-8.215550093525203490e-13
-7.927016790372498622e-13
-7.601448767310947652e-13
-7.241663323685754161e-13
-6.850674541536427853e-13
-6.431661301632696226e-13
-5.987947225734313594e-13
-5.522963271616110337e-13
-5.040223880620198216e-13
-4.543296348944597662e-13
-4.035773993639468760e-13
-3.521248776502255984e-13
-3.003282301669574217e-13
-2.485381963169414066e-13
-1.970978312200791227e-13
-1.463397274453076546e-13
-9.658414476185206432e-14
-4.813688239246188827e-14
-1.287342378456359047e-15
4.369313748699490962e-14
8.655268613367433916e-14
1.270604444141704148e-13
1.650073307157828850e-13
2.002072281830774569e-13
2.324977233306158020e-13
2.617404719611887698e-13
2.878215515315224460e-13
3.106517864129298978e-13
3.301664226306594285e-13
3.463253447043290745e-13
3.591123167064058652e-13
3.685346841066083901e-13
3.746223708848972489e-13
3.774274729556603702e-13
3.770228758099430921e-13
3.735012516284386130e-13
3.669741377096413792e-13
3.575702559564797323e-13
3.454342931488718627e-13
3.307253830606843303e-13
3.136159951525052669e-13
2.942896306420278441e-13
2.729396298816605393e-13
2.497676544754856565e-13
2.249818576880932564e-13
1.987951768261594920e-13
1.714238831180409095e-13
1.430859825155700316e-13
1.139994674180522249e-13
8.438106983976734199e-14
5.444456734407521203e-14
2.439949385926992037e-14
-5.550093177874920389e-15
-3.520695155767930573e-14
-6.438179525093679079e-14
-9.289424562691425691e-14
-1.205738932091512949e-13
-1.472610282413772120e-13
-1.728073928527681935e-13
-1.970767299352971236e-13
-2.199454539938278108e-13
-2.413029086441309534e-13
-2.610516783210087288e-13
-2.791077373560935104e-13
-2.954005583980651162e-13
-3.098730310974878721e-13
-3.224813536865933639e-13
-3.331947890337916274e-13
-3.419953122779650911e-13
-3.488771771475995820e-13
-3.538465364900239551e-13
-3.569207917501066030e-13
-3.581281050792778364e-13
-3.575066674990634574e-13
-3.551039670646183311e-13
-3.509760570282599579e-13
-3.451867968979477341e-13
-3.378069850755449632e-13
-3.289136270203524282e-13
-3.185888239418815937e-13
-3.069194475392028609e-13
-2.939957576431756481e-13
-2.799108330103078357e-13
-2.647598123812350268e-13
-2.486390542240368706e-13
-2.316452693724990741e-13
-2.138749924775543154e-13
-1.954239314859787524e-13
-1.763861409362355026e-13
-1.568536695927685853e-13
-1.369159505822808987e-13
-1.166593948179195372e-13
-9.616690988456175204e-14
-7.551764931706256290e-14
-5.478670766839374706e-14
-3.404492738613186520e-14
-1.335860319795966963e-14
7.210428949874433946e-15
2.760490370090542406e-14
4.777205513768409406e-14
6.766369555584114681e-14
8.723592323772039192e-14
1.064491851328168426e-13
1.252679194098729742e-13
1.436604334841343200e-13
1.615987346107600198e-13
1.790579945600001555e-13
1.960164615257692367e-13
2.124551619700487670e-13
2.283573991793824698e-13
2.437085906345504149e-13
2.584958072246457128e-13
2.727075564066400171e-13
2.863334569447317790e-13
2.993638323345315655e-13
3.117895210676818740e-13
3.236014700560424506e-13
3.347905991064187292e-13
3.453474756599100859e-13
3.552622605818012147e-13
3.645241389554215727e-13
3.731217266579600622e-13
3.810423385239986027e-13
3.882723136061638769e-13
3.947967712296385212e-13
4.005998278325956230e-13
4.056641090752211021e-13
4.099712377306913291e-13
4.135016168447386287e-13
4.162347007861944004e-13
4.181487784065546220e-13
4.192214338259031559e-13
4.194295193278574363e-13
4.187493179898943430e-13
4.171566249985131369e-13
4.146271271199958308e-13
4.111365653307330614e-13
4.066607619222784020e-13
4.011759728670544201e-13
3.946592401840587350e-13
3.870883919388640182e-13
3.784425030295412995e-13
3.687021391321487762e-13
3.578495735411663103e-13
3.458692479554187349e-13
3.327476911629129175e-13
3.184741695621412516e-13
3.030409311075704659e-13
2.864436389905106184e-13
2.686814800593323449e-13
2.497576256053901655e-13
2.296796108337828546e-13
2.084598363068582150e-13
1.861154053138872055e-13
1.626689234701661491e-13
1.381485529271253565e-13
1.125885544734153698e-13
8.602936885006989831e-14
5.851795556368472040e-14
3.010800972685218069e-14
8.602204032101025410e-16
-2.915760826684675455e-14
-5.987036224858882649e-14
-9.119551766306396856e-14
-1.230431229994055631e-13
-1.553158101262608337e-13
-1.879087028122325420e-13
-2.207096538951042186e-13
-2.535992791631580534e-13
-2.864513910360438897e-13
-3.191329308021434441e-13
-3.515045784822923292e-13
-3.834210780904317994e-13
-4.147316171043691213e-13
-4.452804498820267520e-13
-4.749078192332889525e-13
-5.034502003654905966e-13
-5.307414121906439686e-13
-5.566130239012534453e-13
-5.808963878493889066e-13
-6.034223684961426137e-13
-6.240234566058655563e-13
-6.425343655573623192e-13
-6.587938202774756835e-13
-6.726450451320642454e-13
-6.839379865404560110e-13
-6.925305055978381308e-13
-6.982890285965603905e-13
-7.010911491113491767e-13
-7.008259532599592223e-13
-6.973960254771927048e-13
-6.907184785069631072e-13
-6.807262002347935770e-13
-6.673689921000980352e-13
-6.506148701387881594e-13
-6.304505528742510023e-13
-6.068826539397387254e-13
-5.799382241794548420e-13
-5.496654021698577086e-13
-5.161339021106381431e-13
-4.794344175135245578e-13
-4.396798951398356303e-13
-3.970045592185250660e-13
-3.515640469714531591e-13
-3.035347038819746768e-13
-2.531132313292328018e-13
-2.005156701486224269e-13
-1.459763435346719818e-13
-8.974685415403388378e-14
-3.209470178771461901e-14
2.669832603152504091e-14
8.633764818528899543e-14
1.465178754147741791e-13
2.069247008983088332e-13
2.672370517150385316e-13
3.271291657697128485e-13
3.862730448001006067e-13
4.443405008085904440e-13
5.010058123575134026e-13
5.559480827088680854e-13
6.088536792792087482e-13
6.594183207288273341e-13
7.073497603621303753e-13
7.523700087420925886e-13
7.942170684137328518e-13
8.326474275691109206e-13
8.674376321404775325e-13
8.983865626248366265e-13
9.253164640760092041e-13
9.480740845169144393e-13
9.665328433439146494e-13
9.805927771167066709e-13
9.901816779706029692e-13
9.952558525580523785e-13
9.958002304688573503e-13
9.918286894908256990e-13
9.833834050884671107e-13
9.705358261849483803e-13
9.533841814970966944e-13
9.320542384769203714e-13
9.066983817397622492e-13
8.774940409711495803e-13
8.446426067246215474e-13
8.083676956982532857e-13
7.689136328516144037e-13
7.265442587833792487e-13
6.815401108056784452e-13
6.341970676913832872e-13
5.848239102192176464e-13
5.337400443491957525e-13
4.812732243980599733e-13
4.277573304248272201e-13
3.735296848304120454e-13
3.189286671128471751e-13
2.642911388871238554e-13
2.099502348232654136e-13
1.562328147712219173e-13
1.034569497670827232e-13
5.192996369290242553e-14
1.945900012913855288e-15
-4.621649945884230559e-14
-9.229570504133005615e-14
-1.360493071282317668e-13
-1.772555762108787847e-13
-2.157151004046967135e-13
-2.512519543546726242e-13
-2.837150002779620372e-13
-3.129785926953010389e-13
-3.389433915826356447e-13
-3.615365385539748289e-13
-3.807124158029112637e-13
-3.964519413712092044e-13
-4.087625691488044888e-13
-4.176778280878812311e-13
-4.232564548411338334e-13
-4.255811740343229399e-13
-4.247576682742115750e-13
-4.209130331604693520e-13
-4.141938799318706232e-13
-4.047647362680900640e-13
-3.928057152550318287e-13
-3.785105909259733892e-13
-3.620841961763515693e-13
-3.437404169897434469e-13
-3.236994277223265160e-13
-3.021853600682078422e-13
-2.794239991298075321e-13
-2.556402626478077034e-13
-2.310560325968075146e-13
-2.058879325708695696e-13
-1.803453762196094434e-13
-1.546286021317580528e-13
-1.289271288470658638e-13
-1.034183250646879271e-13
-7.826612892936762877e-14
-5.362008919014039920e-14
-2.961477227727063455e-14
-6.369105428201101218e-15
1.601372029771952477e-14
3.744626611286265561e-14
5.785657190967782859e-14
7.718769335718703162e-14
9.539703825067052945e-14
1.124554279991613059e-13
1.283461049028308820e-13
1.430634040053280209e-13
1.566115943527068843e-13
1.690033340053312405e-13
1.802579759719799557e-13
1.904002942722943237e-13
1.994585052678132797e-13
2.074627497789319208e-13
2.144433583614255290e-13
2.204291843456093747e-13
2.254459775330799887e-13
2.295148392086193700e-13
2.326504061015560731e-13
2.348598203937013462e-13
2.361409949958731547e-13
2.364815428982508516e-13
2.358577471783113166e-13
2.342332599582219732e-13
2.315587229340804187e-13
2.277707102787962512e-13
2.227913220662763871e-13
2.165280351936263448e-13
2.088736220659873077e-13
1.997060963864275007e-13
1.888892281519741201e-13
1.762729095718465477e-13
1.616944290050090216e-13
1.449792299016913755e-13
1.259423338187404262e-13
1.043903055360576038e-13
8.012294034622988170e-14
5.293557476040988696e-14
2.262177668495637950e-14
-1.102400251840789450e-14
-4.820301533685171502e-14
-8.910900446343350545e-14
-1.339246367883933919e-13
-1.828174655930936421e-13
-2.359354031589155909e-13
-2.934032682609666320e-13
-3.553175277875436633e-13
-4.217422038769319537e-13
-4.927041305329005194e-13
-5.681885626059035577e-13
-6.481339987277068282e-13
-7.324288744947615726e-13
-8.209063311927222717e-13
-9.133412342404723105e-13
-1.009445999011759909e-12
-1.108867663489332411e-12
-1.211185448810048193e-12
-1.315908319809988569e-12
-1.422473467141416315e-12
-1.530246307272775663e-12
-1.638519831967388818e-12
-1.746516126166497429e-12
-1.853387018510566087e-12
-1.958218526568189510e-12
-2.060033133660654769e-12
-2.157793908830196727e-12
-2.250412746776508932e-12
-2.336754270984564563e-12
-2.415645374703734305e-12
-2.485882593522559247e-12
-2.546242296869172250e-12
-2.595491963713891792e-12
-2.632401241431381322e-12
-2.655753221503243111e-12
-2.664357233103653577e-12
-2.657064021929778086e-12
-2.632777893266102787e-12
-2.590471673974414912e-12
-2.529201457643348583e-12
-2.448119398174020134e-12
-2.346490406493484393e-12
-2.223703859938197525e-12
-2.079289865286604311e-12
-1.912930968142600996e-12
-1.724472778116825644e-12
-1.513937304513379711e-12
-1.281531846787642426e-12
-1.027657668163650673e-12
-7.529173682088718955e-13
-4.581205206855010204e-13
-1.442875224681727797e-13
1.873495119892459870e-13
5.353470488092537671e-13
8.980521946748420969e-13
1.273607846789814868e-12
1.659959062566551680e-12
2.054863874542678381e-12
2.455903319251162564e-12
2.860496778681054231e-12
3.265917918049421331e-12
3.669313117238282018e-12
4.067720986433709385e-12
4.458096218573626146e-12
4.837334092316902812e-12
5.202292156086807395e-12
5.549824488859655958e-12
5.876802950527393321e-12
6.180147973239291659e-12
6.456862388509732043e-12
6.704053978623392140e-12
6.918968870062158771e-12
7.099021891165957499e-12
7.241822592984892282e-12
7.345204305897468089e-12
7.407250160462730548e-12
7.426316506187191635e-12
7.401052860844803405e-12
7.330427063967359658e-12
7.213740889355779728e-12
7.050641320782702337e-12
6.841139200269852338e-12
6.585608360726302735e-12
6.284795600608461541e-12
5.939826321771368711e-12
5.552193253766102288e-12
5.123756020158909408e-12
4.656730296509481448e-12
4.153676534668360176e-12
3.617478278733488040e-12
3.051328287262400352e-12
2.458701428217913154e-12
1.843327790754245576e-12
1.209164279120100716e-12
5.603634960563153022e-13
-9.876235436022048897e-14
-7.637758155966400953e-13
-1.430151570086524160e-12
-2.093317272994221767e-12
-2.748689947526528066e-12
-3.391718329803783405e-12
-4.017922713289712178e-12
-4.622933546388763304e-12
-5.202529379522147224e-12
-5.752676546927348866e-12
-6.269559524318957244e-12
-6.749620827528612921e-12
-7.189588334399754643e-12
-7.586506943491055921e-12
-7.937755487630315798e-12
-8.241080561022240403e-12
-8.494607794951036794e-12
-8.696855735568220780e-12
-8.846752323765638693e-12
-8.943640099345895322e-12
-8.987276201022353916e-12
-8.977834968504350144e-12
-8.915900136241550200e-12
-8.802461363976998854e-12
-8.638898624235835655e-12
-8.426963987728797179e-12
-8.168762541393981280e-12
-7.866735908523825316e-12
-7.523630156380800571e-12
-7.142467173260058644e-12
-6.726524285488588717e-12
-6.279287419891366184e-12
-5.804428552386164952e-12
-5.305765375662740979e-12
-4.787228339436788715e-12
-4.252821185490862632e-12
-3.706587987928333661e-12
-3.152574121895179715e-12
-2.594793737514811127e-12
-2.037193547535509630e-12
-1.483620409685471042e-12
-9.377919447939309094e-13
-4.032635499400666346e-13
1.165945459754777480e-13
6.186235876858015015e-13
1.099897733655708087e-12
1.557743300670266784e-12
1.989754498318840881e-12
2.393806073502924292e-12
2.768064423508409533e-12
3.110993884378188135e-12
3.421360200359102599e-12
3.698230523901946398e-12
3.940972548299725986e-12
4.149251255081143341e-12
4.323015036222788154e-12
4.462491574180882381e-12
4.568173096741734440e-12
4.640800764510455423e-12
4.681350793123151277e-12
4.691012769203473098e-12
4.671174037851333338e-12
4.623395416514242129e-12
4.549395148795154498e-12
4.451017679429902785e-12
4.330220643861126817e-12
4.189047112662658279e-12
4.029603473815202008e-12
3.854040784428969246e-12
3.664528749891537984e-12
3.463239027154396688e-12
3.252324841732101568e-12
3.033899520499261371e-12
2.810021746540991572e-12
2.582680597162934077e-12
2.353778847177800948e-12
2.125124295287994514e-12
1.898411983169978612e-12
1.675220942867761131e-12
1.457003571611603654e-12
1.245080861328462518e-12
1.040636435530040149e-12
8.447150856398522034e-13
6.582206567989912216e-13
4.819173489087336115e-13
3.164305839922776364e-13
1.622503265638966519e-13
1.973490882972890603e-14
-1.108835313607010875e-13
-2.294930196398980993e-13
-3.360945419542127333e-13
-4.307946686009367365e-13
-5.137963080166507712e-13
-5.853911105857534380e-13
-6.459496566108002824e-13
-6.959123490142549162e-13
-7.357799265694797697e-13
-7.661042481822699646e-13
-7.874788603319526903e-13
-8.005296729327038285e-13
-8.059066109768198150e-13
-8.042753745982067493e-13
-7.963085486145660141e-13
-7.826790431042507379e-13
-7.640532629325791358e-13
-7.410840062276047302e-13
-7.144053144197970440e-13
-6.846271054412877977e-13
-6.523309453373982159e-13
-6.180671209207733163e-13
-5.823501403323660952e-13
-5.456569983179615502e-13
-5.084257125552438250e-13
-4.710533178797771114e-13
-4.338958662850056491e-13
-3.972678577161131708e-13
-3.614432700620867633e-13
-3.266555049456082438e-13
-2.930992037616930723e-13
-2.609315216152430228e-13
-2.302744312506627145e-13
-2.012167152733515540e-13
-1.738165682349177010e-13
-1.481037785900501946e-13
-1.240828999878734740e-13
-1.017355890828817999e-13
-8.102385136519313358e-14
-6.189243318159218243e-14
-4.427186427787693779e-14
-2.808116999835578304e-14
-1.323043356051293792e-14
3.765608845587528099e-16
1.284015042457131023e-14
2.426254896048963411e-14
3.474579971613975249e-14
4.439000165709638956e-14
5.329170806901706303e-14
6.154253403547679802e-14
6.922790113514029620e-14
7.642617008002394741e-14
8.320775980123068516e-14
8.963467311049952424e-14
9.576006301933656650e-14
1.016280023460533477e-13
1.072735650309297739e-13
1.127228871225863238e-13
1.179934649335814822e-13
1.230945683924900003e-13
1.280276882772990454e-13
1.327872951569289417e-13
1.373613679397922560e-13
1.417322070254231625e-13
1.458773152187425870e-13
1.497702650917961953e-13
1.533813766101121967e-13
1.566787471247652053e-13
1.596290103138969796e-13
1.621983255171988159e-13
1.643530553622693513e-13
1.660605111536081480e-13
1.672898202343536811e-13
1.680124138772609577e-13
1.682027591211679440e-13
1.678387246892287799e-13
1.669022450627444254e-13
1.653794017963255980e-13
1.632610198290876391e-13
1.605426810371776702e-13
1.572250088368448706e-13
1.533137359470762573e-13
1.488196366269609050e-13
1.437586215433800385e-13
1.381515073780453795e-13
1.320239219598090541e-13
1.254060196615933154e-13
1.183322103498474220e-13
1.108409357678495633e-13
1.029741748684656621e-13
9.477715921107909836e-14
8.629791217566740169e-14
7.758683561072399204e-14
6.869628292865276320e-14
5.968005766226330833e-14
5.059292896192509048e-14
4.149021485535739351e-14
3.242729096851991455e-14
2.345902470760399816e-14
1.463947371530341379e-14
6.021326829069167941e-15
-2.344503765254598790e-15
-1.040922431122482880e-14
-1.812657452794370211e-14
-2.545323672697216016e-14
-3.234907933430224147e-14
-3.877748680969003714e-14
-4.470562307390228696e-14
-5.010468223046876668e-14
-5.495005627820584437e-14
-5.922148757714698619e-14
-6.290321453820968411e-14
-6.598409698407164958e-14
-6.845761614917081350e-14
-7.032190856102321641e-14
-7.157971860637796224e-14
-7.223843918879868653e-14
-7.231001686097346393e-14
-7.181081629944324751e-14
-7.076151188438462025e-14
-6.918697250312896840e-14
-6.711603793346440638e-14
-6.458124779309265540e-14
-6.161863825172170239e-14
-5.826753196689488101e-14
-5.457014506070334559e-14
-5.057135333869262894e-14
-4.631844156811025515e-14
-4.186068673769569037e-14
-3.724907006647827645e-14
-3.253582638224929158e-14
-2.777420017607314107e-14
-2.301795940537563340e-14
-1.832110750274191374e-14
-1.373743614252031370e-14
-9.320138146765456072e-15
-5.121497471179559807e-15
-1.192408831552228387e-15
2.417859147827426149e-15
5.662102697237460930e-15
8.495453316791513193e-15
1.087571076626618963e-14
1.276365064394003809e-14
1.412325033263222770e-14
1.492203713024387035e-14
1.513125257414978803e-14
1.472607266976479895e-14
1.368578237933085195e-14
1.199406191905319843e-14
9.638956265914291194e-15
6.613159337227588266e-15
2.913965074484848976e-15
-1.456597137251423781e-15
-6.491797303577939368e-15
-1.218019995031117270e-14
-1.850569631073935989e-14
-2.544760904007060259e-14
-3.298084732834133392e-14
-4.107602590854540769e-14
-4.969978692915405505e-14
-5.881493209125565613e-14
-6.838082753030452765e-14
-7.835369858358656736e-14
-8.868709396427434943e-14
-9.933224490339676027e-14
-1.102385665933437731e-13
-1.213541935126891125e-13
-1.326264266595864050e-13
-1.440023637442819360e-13
-1.554293938563558464e-13
-1.668558412097620458e-13
-1.782314259287515190e-13
-1.895078197014857246e-13
-2.006391472235413698e-13
-2.115824469838337163e-13
-2.222982269182299797e-13
-2.327506948025109823e-13
-2.429082054857673034e-13
-2.527435183884152448e-13
-2.622339465799955471e-13
-2.713616549347708240e-13
-2.801135517115083129e-13
-2.884816138141316211e-13
-2.964626428462319163e-13
-3.040581566908506783e-13
-3.112743081953167623e-13
-3.181216683308119020e-13
-3.246149280367732759e-13
-3.307726542754046983e-13
-3.366167750356446886e-13
-3.421724167028405983e-13
-3.474670638020649349e-13
-3.525304505778981135e-13
-3.573938833680706528e-13
-3.620895629771053725e-13
-3.666502865207199591e-13
-3.711087155893605383e-13
-3.754965630965723111e-13
-3.798445390688909296e-13
-3.841809411830182652e-13
-3.885318445012025945e-13
-3.929199359539031766e-13
-3.973642974993557564e-13
-4.018798640224863217e-13
-4.064766372883360512e-13
-4.111594419965725056e-13
-4.159275463107292570e-13
-4.207743094924998317e-13
-4.256866669057057795e-13
-4.306452926466225462e-13
-4.356242200732191039e-13
-4.405906791748320783e-13
-4.455056115681976792e-13
-4.503228302407680239e-13
-4.549902121731008720e-13
-4.594491562377733818e-13
-4.636351524055226658e-13
-4.674779443755716635e-13
-4.709020716767153836e-13
-4.738275201886243959e-13
-4.761699389822793282e-13
-4.778412908412743576e-13
-4.787505027831207016e-13
-4.788042250007673584e-13
-4.779074271737959734e-13
-4.759638321492898339e-13
-4.728773796147667241e-13
-4.685526055689392955e-13
-4.628950760025840605e-13
-4.558130132018001213e-13
-4.472175396934979785e-13
-4.370240877082237629e-13
-4.251526160205937321e-13
-4.115285315211408834e-13
-3.960843155195736820e-13
-3.787591713790700032e-13
-3.595006237144815486e-13
-3.382649249681485282e-13
-3.150175704059315906e-13
-2.897342196890584365e-13
-2.624009408196126270e-13
-2.330148606618370755e-13
-2.015844766502586372e-13
-1.681299684978126985e-13
-1.326835505615492350e-13
-9.528934309362482868e-14
-5.600357552921000903e-14
-1.489448314846968796e-14
2.795782506057661182e-14
7.246142569436106462e-14
1.185131094823266285e-13
1.659985896570320696e-13
2.147927696165632949e-13
2.647607881631902638e-13
3.157577552290874445e-13
3.676300800239951094e-13
4.202157556382896120e-13
4.733452670623028435e-13
5.268419164469739790e-13
5.805230428312935231e-13
6.342009166090956107e-13
6.876829292644381919e-13
7.407733280950790089e-13
7.932735956832359658e-13
8.449833714674337415e-13
8.957015359446762748e-13
9.452271864524020017e-13
9.933609924211994624e-13
1.039905032744481428e-12
1.084665452073807490e-12
1.127451972927906443e-12
1.168079630416152259e-12
1.206368989078998588e-12
1.242147877611454732e-12
1.275251822543954638e-12
1.305525674545615633e-12
1.332822849482717675e-12
1.357007496823048331e-12
1.377954716476337271e-12
1.395551100895342511e-12
1.409695819278022899e-12
1.420300292306886369e-12
1.427289276351162428e-12
1.430601405567888396e-12
1.430189625582778401e-12
1.426020217708268145e-12
1.418075184188294369e-12
1.406349862953515384e-12
1.390855096025656046e-12
1.371616578996204261e-12
1.348674318925324744e-12
1.322083176442945263e-12
1.291912215227453142e-12
1.258245244106781513e-12
1.221179299175367827e-12
1.180825619576109098e-12
1.137308671718406661e-12
1.090765607177079932e-12
1.041345829011497415e-12
9.892107749251422000e-13
9.345338088453947201e-13
8.774978898888619039e-13
8.182968734039841596e-13
7.571337220374507737e-13
6.942202888937654137e-13
6.297766670139426370e-13
5.640296172823577869e-13
4.972131105278332353e-13
4.295661320142390993e-13
3.613328982809277390e-13
2.927612308394750285e-13
2.241022038079742984e-13
1.556089783937009141e-13
8.753564415204043159e-14
2.013698520539515535e-14
-4.633350859017601464e-14
-1.116242786137339182e-13
-1.754861853704367536e-13
-2.376743008132564672e-13
-2.979486503438405487e-13
-3.560755477364369037e-13
-4.118284489471046861e-13
-4.649891582886311880e-13
-5.153492107883017592e-13
-5.627104684990946737e-13
-6.068869907484286674e-13
-6.477059014999009268e-13
-6.850076061937215854e-13
-7.186481769914931927e-13
-7.485000575076228291e-13
-7.744528759609514701e-13
-7.964140956960574780e-13
-8.143106956966239540e-13
-8.280892790056559871e-13
-8.377176448186307578e-13
-8.431846258531716654e-13
-8.445009015006776920e-13
-8.417001904487131370e-13
-8.348383833192696279e-13
-8.239945726608299825e-13
-8.092707818978250867e-13
-7.907921821710683918e-13
-7.687067670771041694e-13
-7.431847563570126436e-13
-7.144183248458668700e-13
-6.826206809008861232e-13
-6.480248195689375379e-13
-6.108830346955584911e-13
-5.714659973531099890e-13
-5.300603163858885747e-13
-4.869676168382797155e-13
-4.425027239161188897e-13
-3.969917385278354249e-13
-3.507701941407592727e-13
-3.041803191706354825e-13
-2.575696546238542828e-13
-2.112881131990582140e-13
-1.656855804898355045e-13
-1.211098143430108798e-13
-7.790363948552425644e-14
-3.640246063569760326e-14
3.068008603854884171e-15
4.019498628252474171e-14
7.468033353177916389e-14
1.062431189574088164e-13
1.346219956257360684e-13
1.595774971581767621e-13
1.808939960714142647e-13
1.983813639619760871e-13
2.118767807686092186e-13
2.212463610755388554e-13
2.263863467348581349e-13
2.272239335706846552e-13
2.237184504490230541e-13
2.158615625656723491e-13
2.036776373644591520e-13
1.872238529574549171e-13
1.665898322067427273e-13
1.418967347050978378e-13
1.132971686845611614e-13
8.097357148944411831e-14
4.513684754734945126e-14
6.025055044586507744e-15
-3.609861297685854065e-14
-8.094819438234437947e-14
-1.282168273462891417e-13
-1.775794680573816731e-13
-2.286952365763289530e-13
-2.812102764190860249e-13
-3.347609190719469385e-13
-3.889758795009440329e-13
-4.434801050695602598e-13
-4.978972963087802128e-13
-5.518533221539334566e-13
-6.049786865046369311e-13
-6.569119705666925935e-13
-7.073023265170841345e-13
-7.558125132700599380e-13
-8.021212275118039248e-13
-8.459253805249977720e-13
-8.869429713245780000e-13
-9.249147671711033247e-13
-9.596056588234702645e-13
-9.908067205230408625e-13
-1.018336673666575543e-12
-1.042042645747753848e-12
-1.061801146139129681e-12
-1.077518282932565796e-12
-1.089129979779668300e-12
-1.096602409572655645e-12
-1.099931018662403392e-12
-1.099140635278661460e-12
-1.094284385327881637e-12
-1.085442499770827851e-12
-1.072720905159751936e-12
-1.056250464696872893e-12
-1.036184918250249165e-12
-1.012698388688781925e-12
-9.859844061002598359e-13
-9.562531972859278362e-13
-9.237297341965766684e-13
-8.886515655281979065e-13
-8.512662146367699911e-13
-8.118294990248908771e-13
-7.706016814240657098e-13
-7.278473613744895765e-13
-6.838311926264661889e-13
-6.388167989382353973e-13
-5.930643346210850986e-13
-5.468285329754407620e-13
-5.003566463067377068e-13
-4.538867654120537498e-13
-4.076464914324479105e-13
-3.618506319233438795e-13
-3.167008484888239606e-13
-2.723843557390220882e-13
-2.290727828778427178e-13
-1.869210759482611839e-13
-1.460676198050681052e-13
-1.066331064788518523e-13
-6.872083333159598184e-14
-3.241613046240689189e-14
2.212747578550955559e-15
3.511529242839102338e-14
6.625768184977121056e-14
9.562257263133824847e-14
1.232086264610354753e-13
1.490290367240493241e-13
1.731112540641344122e-13
1.954960715880305067e-13
2.162359646808859059e-13
2.353946302203341334e-13
2.530457397439955791e-13
2.692713673563273957e-13
2.841612578921570709e-13
2.978112277184780110e-13
3.103219450070054952e-13
3.217978997421128140e-13
3.323464550439303444e-13
3.420760040246523248e-13
3.510955361076678605e-13
3.595129836192478834e-13
3.674346525824045973e-13
3.749639758843931192e-13
3.822005645998105550e-13
3.892396658895097561e-13
3.961713498489699559e-13
4.030795608313958445e-13
4.100423071830977539e-13
4.171303602008846756e-13
4.244071999219556357e-13
4.319290693340083198e-13
4.397444593792071421e-13
4.478942444794548061e-13
4.564112759605776226e-13
4.653208699433031281e-13
4.746408344483143971e-13
4.843817404467931631e-13
4.945473826463431255e-13
5.051351589617503191e-13
5.161364499857434840e-13
5.275372153001889330e-13
5.393183187367422970e-13
5.514569378396727561e-13
5.639262386052112941e-13
5.766970559949180508e-13
5.897377313053564496e-13
6.030149795298311854e-13
6.164951361908865834e-13
6.301444826009583444e-13
6.439298963836770362e-13
6.578195019951715850e-13
6.717834838756986393e-13
6.857945201305115646e-13
6.998280535804035640e-13
7.138627254425766733e-13
7.278811342721625000e-13
7.418701612228739695e-13
7.558203195257018336e-13
7.697271097416302776e-13
7.835899897695730587e-13
7.974126458969166276e-13
8.112029927995201284e-13
8.249723603900860347e-13
8.387360901293550164e-13
8.525120713531730843e-13
8.663205244320570930e-13
8.801835670903257469e-13
8.941243470443616115e-13
9.081658493802213794e-13
9.223303544525496278e-13
9.366382452621890842e-13
9.511069232540081408e-13
9.657497241147283695e-13
9.805747793606434115e-13
9.955836068747947465e-13
1.010769701444147461e-12
1.026117884238286759e-12
1.041602134405072988e-12
1.057184613288686403e-12
1.072814254966802938e-12
1.088426007309073462e-12
1.103938988833430557e-12
1.119255187663481532e-12
1.134258485746553191e-12
1.148814225172822834e-12
1.162767365031625033e-12
1.175942264571017137e-12
1.188141490575389536e-12
1.199146142626117406e-12
1.208714660479170977e-12
1.216583040905550028e-12
1.222465271372152884e-12
1.226053221621559164e-12
1.227017511033767772e-12
1.225008375987934883e-12
1.219656537224111936e-12
1.210575151407156103e-12
1.197362304791727006e-12
1.179601338482938466e-12
1.156864534723744953e-12
1.128716803182328032e-12
1.094717090414920602e-12
1.054423150355365824e-12
1.007395447442938075e-12
9.532013850108156383e-13
8.914192626240102779e-13
8.216442391913159060e-13
7.434925071436726540e-13
6.566071471258982939e-13
5.606637658479851627e-13
4.553765676172660815e-13
3.405038295593854070e-13
2.158539595979377945e-13
8.129168995937852138e-14
-6.325596649129142102e-14
-2.177939225451661076e-13
-3.822536362961537204e-13
-5.564873106593537511e-13
-7.402632109729245791e-13
-9.332606302342449922e-13
-1.135066107944837643e-12
-1.345169743822982600e-12
-1.562962758348829251e-12
-1.787734131737661603e-12
-2.018670387099463781e-12
-2.254854723077182044e-12
-2.495267447527593774e-12
-2.738787278563914462e-12
-2.984193838220794426e-12
-3.230171772422574250e-12
-3.475314220430236745e-12
-3.718130404256614341e-12
-3.957049531794210040e-12
-4.190432723039094753e-12
-4.416579948984811210e-12
-4.633741307324967806e-12
-4.840127430794094465e-12
-5.033920329189367493e-12
-5.213292037647976329e-12
-5.376413723945372425e-12
-5.521472602049160017e-12
-5.646688411992117906e-12
-5.750324695574793310e-12
-5.830712215132427545e-12
-5.886262397641894850e-12
-5.915481646190379195e-12
-5.916992590337954994e-12
-5.889547530224525929e-12
-5.832043615400239744e-12
-5.743541493102855000e-12
-5.623279619726417877e-12
-5.470684235481249047e-12
-5.285383242181751484e-12
-5.067222249438563253e-12
-4.816267610424640466e-12
-4.532818131258720129e-12
-4.217410708856617063e-12
-3.870825535101651838e-12
-3.494086530525519763e-12
-3.088464380074373850e-12
-2.655472846821438360e-12
-2.196867254083967325e-12
-1.714634944444126674e-12
-1.210989425057262814e-12
-6.883578451168104184e-13
-1.493695168637912407e-13
4.031596562668882111e-13
9.662442287255990081e-13
1.536748376121388482e-12
2.111406535720838917e-12
2.686845754565347910e-12
3.259610463490769661e-12
3.826186763256078649e-12
4.383029095916812778e-12
4.926588217241123502e-12
5.453336567040611982e-12
5.959799494192896674e-12
6.442579976451145995e-12
6.898389845466645909e-12
7.324076241321808567e-12
7.716647633382311966e-12
8.073298106425763621e-12
8.391435983579054181e-12
8.668702040914855189e-12
8.902996395665496721e-12
9.092491516649037209e-12
9.235655643036189133e-12
9.331261457967698902e-12
9.378399098980416682e-12
9.376493505242056159e-12
9.325300080742504605e-12
9.224914235272940743e-12
9.075774853872786707e-12
8.878655623212328152e-12
8.634661562145762304e-12
8.345231623796411924e-12
8.012111807342847669e-12
7.637352555933674125e-12
7.223288373686687081e-12
6.772522213177589734e-12
6.287902056673067008e-12
5.772501400491680812e-12
5.229590632066516420e-12
4.662612743816518801e-12
4.075157312294352963e-12
3.470928839482967376e-12
2.853719430900847343e-12
2.227378654781619893e-12
1.595782317051486210e-12
9.628038383918680054e-13
3.322828123764054453e-13
-2.920035090461792215e-13
-9.063680253378059160e-13
-1.507241163475891987e-12
-2.091197007225709115e-12
-2.654977366428612484e-12
-3.195513732096033621e-12
-3.709948147301300736e-12
-4.195650337573963995e-12
-4.650236792858031265e-12
-5.071580742171954981e-12
-5.457822995630356999e-12
-5.807385822231836414e-12
-6.118972516178100562e-12
-6.391574769448737925e-12
-6.624474406524694103e-12
-6.817237312856105902e-12
-6.969714735904908309e-12
-7.082033744165716627e-12
-7.154587686186708595e-12
-7.188034455846148418e-12
-7.183269604138509123e-12
-7.141426772855341554e-12
-7.063849939009658740e-12
-6.952084307537687025e-12
-6.807855928298023329e-12
-6.633052614113399414e-12
-6.429703557769839151e-12
-6.199957647973208807e-12
-5.946066555795326281e-12
-5.670361749587904399e-12
-5.375231943577363225e-12
-5.063107051672677272e-12
-4.736433901336711827e-12
-4.397658452670594187e-12
-4.049209318540691882e-12
-3.693476514216031958e-12
-3.332797579580493164e-12
-2.969441966621522155e-12
-2.605596294280587699e-12
-2.243350253824938356e-12
-1.884686851028050114e-12
-1.531474057812898248e-12
-1.185451801825887497e-12
-8.482288764606604747e-13
-5.212768151158231333e-13
-2.059244295265008629e-13
9.664383009144739134e-14
3.853888779284386779e-13
6.594173991569807214e-13
9.179805353365377840e-13
1.160471241670735232e-12
1.386420600719973084e-12
1.595493160332084326e-12
1.787481621051689729e-12
1.962300764588031932e-12
2.119979755979550795e-12
2.260655638380848487e-12
2.384563900503788858e-12
2.492031971404462531e-12
2.583468812142331039e-12
2.659357760045888419e-12
2.720246770893108845e-12
2.766738877932328755e-12
2.799486120350080931e-12
2.819177833887631657e-12
2.826535012989683793e-12
2.822301637186996892e-12
2.807235997479007317e-12
2.782105709003834804e-12
2.747679254261337078e-12
2.704720995783116422e-12
2.653985971962091739e-12
2.596213391839463647e-12
2.532124249859935006e-12
2.462414820658676007e-12
2.387755141178282692e-12
2.308785974902693994e-12
2.226116643452846766e-12
2.140321990820592823e-12
2.051942166528264444e-12
1.961481107745632890e-12
1.869407840332515391e-12
1.776154418854647421e-12
1.682116685525203437e-12
1.587656113348490106e-12
1.493099480859294559e-12
1.398740498426143120e-12
1.304841976655646274e-12
