1.211636802174453909e-12
1.119329780772948535e-12
1.028099914229807510e-12
9.381014845141755210e-13
8.494682279640286549e-13
0.000000000000000000e+00
0.000000000000000000e+00
0.000000000000000000e+00
0.000000000000000000e+00
0.000000000000000000e+00
0.000000000000000000e+00
0.000000000000000000e+00
0.000000000000000000e+00
0.000000000000000000e+00
0.000000000000000000e+00
0.000000000000000000e+00
0.000000000000000000e+00
0.000000000000000000e+00
0.000000000000000000e+00
0.000000000000000000e+00
0.000000000000000000e+00
0.000000000000000000e+00
0.000000000000000000e+00
0.000000000000000000e+00
0.000000000000000000e+00
0.000000000000000000e+00
0.000000000000000000e+00
0.000000000000000000e+00
0.000000000000000000e+00
0.000000000000000000e+00
0.000000000000000000e+00
0.000000000000000000e+00
0.000000000000000000e+00
0.000000000000000000e+00
0.000000000000000000e+00
0.000000000000000000e+00
0.000000000000000000e+00
0.000000000000000000e+00
0.000000000000000000e+00
0.000000000000000000e+00
0.000000000000000000e+00
0.000000000000000000e+00
0.000000000000000000e+00
0.000000000000000000e+00
0.000000000000000000e+00
0.000000000000000000e+00
0.000000000000000000e+00
0.000000000000000000e+00
0.000000000000000000e+00
0.000000000000000000e+00
0.000000000000000000e+00
0.000000000000000000e+00
0.000000000000000000e+00
0.000000000000000000e+00
0.000000000000000000e+00
0.000000000000000000e+00
0.000000000000000000e+00
0.000000000000000000e+00
0.000000000000000000e+00
0.000000000000000000e+00
0.000000000000000000e+00
0.000000000000000000e+00
0.000000000000000000e+00
0.000000000000000000e+00
0.000000000000000000e+00
0.000000000000000000e+00
0.000000000000000000e+00
0.000000000000000000e+00
0.000000000000000000e+00
0.000000000000000000e+00
0.000000000000000000e+00
0.000000000000000000e+00
0.000000000000000000e+00
0.000000000000000000e+00
0.000000000000000000e+00
0.000000000000000000e+00
0.000000000000000000e+00
0.000000000000000000e+00
0.000000000000000000e+00
0.000000000000000000e+00
0.000000000000000000e+00
0.000000000000000000e+00
0.000000000000000000e+00
0.000000000000000000e+00
0.000000000000000000e+00
0.000000000000000000e+00
0.000000000000000000e+00
0.000000000000000000e+00
0.000000000000000000e+00
0.000000000000000000e+00
0.000000000000000000e+00
0.000000000000000000e+00
0.000000000000000000e+00
0.000000000000000000e+00
0.000000000000000000e+00
0.000000000000000000e+00
0.000000000000000000e+00
0.000000000000000000e+00
0.000000000000000000e+00
0.000000000000000000e+00
0.000000000000000000e+00
0.000000000000000000e+00
0.000000000000000000e+00
0.000000000000000000e+00
0.000000000000000000e+00
0.000000000000000000e+00
0.000000000000000000e+00
0.000000000000000000e+00
0.000000000000000000e+00
0.000000000000000000e+00
0.000000000000000000e+00
0.000000000000000000e+00
0.000000000000000000e+00
0.000000000000000000e+00
0.000000000000000000e+00
0.000000000000000000e+00
0.000000000000000000e+00
0.000000000000000000e+00
0.000000000000000000e+00
0.000000000000000000e+00
0.000000000000000000e+00
0.000000000000000000e+00
0.000000000000000000e+00
0.000000000000000000e+00
0.000000000000000000e+00
0.000000000000000000e+00
0.000000000000000000e+00
0.000000000000000000e+00
0.000000000000000000e+00
0.000000000000000000e+00
0.000000000000000000e+00
0.000000000000000000e+00
0.000000000000000000e+00
0.000000000000000000e+00
0.000000000000000000e+00
0.000000000000000000e+00
0.000000000000000000e+00
0.000000000000000000e+00
0.000000000000000000e+00
0.000000000000000000e+00
0.000000000000000000e+00
0.000000000000000000e+00
0.000000000000000000e+00
0.000000000000000000e+00
0.000000000000000000e+00
0.000000000000000000e+00
0.000000000000000000e+00
0.000000000000000000e+00
0.000000000000000000e+00
0.000000000000000000e+00
0.000000000000000000e+00
0.000000000000000000e+00
0.000000000000000000e+00
0.000000000000000000e+00
0.000000000000000000e+00
0.000000000000000000e+00
0.000000000000000000e+00
0.000000000000000000e+00
0.000000000000000000e+00
0.000000000000000000e+00
0.000000000000000000e+00
0.000000000000000000e+00
0.000000000000000000e+00
0.000000000000000000e+00
0.000000000000000000e+00
0.000000000000000000e+00
0.000000000000000000e+00
0.000000000000000000e+00
0.000000000000000000e+00
0.000000000000000000e+00
0.000000000000000000e+00
0.000000000000000000e+00
0.000000000000000000e+00
0.000000000000000000e+00
0.000000000000000000e+00
0.000000000000000000e+00
0.000000000000000000e+00
0.000000000000000000e+00
0.000000000000000000e+00
0.000000000000000000e+00
0.000000000000000000e+00
0.000000000000000000e+00
0.000000000000000000e+00
0.000000000000000000e+00
0.000000000000000000e+00
0.000000000000000000e+00
0.000000000000000000e+00
0.000000000000000000e+00
0.000000000000000000e+00
0.000000000000000000e+00
0.000000000000000000e+00
0.000000000000000000e+00
0.000000000000000000e+00
0.000000000000000000e+00
0.000000000000000000e+00
0.000000000000000000e+00
0.000000000000000000e+00
0.000000000000000000e+00
0.000000000000000000e+00
0.000000000000000000e+00
0.000000000000000000e+00
0.000000000000000000e+00
0.000000000000000000e+00
0.000000000000000000e+00
0.000000000000000000e+00
0.000000000000000000e+00
0.000000000000000000e+00
0.000000000000000000e+00
0.000000000000000000e+00
0.000000000000000000e+00
0.000000000000000000e+00
0.000000000000000000e+00
0.000000000000000000e+00
0.000000000000000000e+00
0.000000000000000000e+00
0.000000000000000000e+00
0.000000000000000000e+00
0.000000000000000000e+00
0.000000000000000000e+00
0.000000000000000000e+00
0.000000000000000000e+00
0.000000000000000000e+00
0.000000000000000000e+00
0.000000000000000000e+00
0.000000000000000000e+00
0.000000000000000000e+00
0.000000000000000000e+00
0.000000000000000000e+00
0.000000000000000000e+00
0.000000000000000000e+00
0.000000000000000000e+00
0.000000000000000000e+00
0.000000000000000000e+00
0.000000000000000000e+00
0.000000000000000000e+00
0.000000000000000000e+00
0.000000000000000000e+00
0.000000000000000000e+00
0.000000000000000000e+00
0.000000000000000000e+00
0.000000000000000000e+00
0.000000000000000000e+00
0.000000000000000000e+00
0.000000000000000000e+00
0.000000000000000000e+00
0.000000000000000000e+00
0.000000000000000000e+00
0.000000000000000000e+00
0.000000000000000000e+00
0.000000000000000000e+00
0.000000000000000000e+00
0.000000000000000000e+00
0.000000000000000000e+00
0.000000000000000000e+00
0.000000000000000000e+00
0.000000000000000000e+00
0.000000000000000000e+00
0.000000000000000000e+00
0.000000000000000000e+00
0.000000000000000000e+00
0.000000000000000000e+00
0.000000000000000000e+00
0.000000000000000000e+00
0.000000000000000000e+00
0.000000000000000000e+00
0.000000000000000000e+00
0.000000000000000000e+00
0.000000000000000000e+00
0.000000000000000000e+00
0.000000000000000000e+00
0.000000000000000000e+00
0.000000000000000000e+00
0.000000000000000000e+00
0.000000000000000000e+00
0.000000000000000000e+00
0.000000000000000000e+00
0.000000000000000000e+00
0.000000000000000000e+00
0.000000000000000000e+00
0.000000000000000000e+00
0.000000000000000000e+00
0.000000000000000000e+00
0.000000000000000000e+00
0.000000000000000000e+00
0.000000000000000000e+00
0.000000000000000000e+00
0.000000000000000000e+00
0.000000000000000000e+00
0.000000000000000000e+00
0.000000000000000000e+00
0.000000000000000000e+00
0.000000000000000000e+00
0.000000000000000000e+00
0.000000000000000000e+00
0.000000000000000000e+00
0.000000000000000000e+00
0.000000000000000000e+00
0.000000000000000000e+00
0.000000000000000000e+00
0.000000000000000000e+00
0.000000000000000000e+00
0.000000000000000000e+00
0.000000000000000000e+00
0.000000000000000000e+00
0.000000000000000000e+00
0.000000000000000000e+00
0.000000000000000000e+00
0.000000000000000000e+00
0.000000000000000000e+00
0.000000000000000000e+00
0.000000000000000000e+00
0.000000000000000000e+00
0.000000000000000000e+00
0.000000000000000000e+00
0.000000000000000000e+00
0.000000000000000000e+00
0.000000000000000000e+00
0.000000000000000000e+00
0.000000000000000000e+00
0.000000000000000000e+00
0.000000000000000000e+00
0.000000000000000000e+00
0.000000000000000000e+00
0.000000000000000000e+00
0.000000000000000000e+00
0.000000000000000000e+00
0.000000000000000000e+00
0.000000000000000000e+00
0.000000000000000000e+00
0.000000000000000000e+00
0.000000000000000000e+00
0.000000000000000000e+00
0.000000000000000000e+00
0.000000000000000000e+00
0.000000000000000000e+00
0.000000000000000000e+00
0.000000000000000000e+00
0.000000000000000000e+00
0.000000000000000000e+00
0.000000000000000000e+00
0.000000000000000000e+00
0.000000000000000000e+00
0.000000000000000000e+00
0.000000000000000000e+00
0.000000000000000000e+00
0.000000000000000000e+00
0.000000000000000000e+00
0.000000000000000000e+00
0.000000000000000000e+00
0.000000000000000000e+00
0.000000000000000000e+00
0.000000000000000000e+00
0.000000000000000000e+00
0.000000000000000000e+00
0.000000000000000000e+00
0.000000000000000000e+00
0.000000000000000000e+00
0.000000000000000000e+00
0.000000000000000000e+00
0.000000000000000000e+00
0.000000000000000000e+00
0.000000000000000000e+00
0.000000000000000000e+00
0.000000000000000000e+00
0.000000000000000000e+00
0.000000000000000000e+00
0.000000000000000000e+00
0.000000000000000000e+00
0.000000000000000000e+00
0.000000000000000000e+00
0.000000000000000000e+00
0.000000000000000000e+00
0.000000000000000000e+00
0.000000000000000000e+00
0.000000000000000000e+00
0.000000000000000000e+00
0.000000000000000000e+00
0.000000000000000000e+00
0.000000000000000000e+00
0.000000000000000000e+00
0.000000000000000000e+00
0.000000000000000000e+00
0.000000000000000000e+00
0.000000000000000000e+00
0.000000000000000000e+00
0.000000000000000000e+00
0.000000000000000000e+00
0.000000000000000000e+00
0.000000000000000000e+00
0.000000000000000000e+00
0.000000000000000000e+00
0.000000000000000000e+00
0.000000000000000000e+00
0.000000000000000000e+00
0.000000000000000000e+00
0.000000000000000000e+00
0.000000000000000000e+00
0.000000000000000000e+00
0.000000000000000000e+00
0.000000000000000000e+00
0.000000000000000000e+00
0.000000000000000000e+00
0.000000000000000000e+00
0.000000000000000000e+00
0.000000000000000000e+00
0.000000000000000000e+00
0.000000000000000000e+00
0.000000000000000000e+00
0.000000000000000000e+00
0.000000000000000000e+00
0.000000000000000000e+00
0.000000000000000000e+00
0.000000000000000000e+00
0.000000000000000000e+00
0.000000000000000000e+00
0.000000000000000000e+00
0.000000000000000000e+00
0.000000000000000000e+00
0.000000000000000000e+00
0.000000000000000000e+00
0.000000000000000000e+00
0.000000000000000000e+00
0.000000000000000000e+00
0.000000000000000000e+00
0.000000000000000000e+00
0.000000000000000000e+00
0.000000000000000000e+00
0.000000000000000000e+00
0.000000000000000000e+00
0.000000000000000000e+00
0.000000000000000000e+00
0.000000000000000000e+00
0.000000000000000000e+00
0.000000000000000000e+00
0.000000000000000000e+00
0.000000000000000000e+00
0.000000000000000000e+00
0.000000000000000000e+00
0.000000000000000000e+00
0.000000000000000000e+00
0.000000000000000000e+00
0.000000000000000000e+00
0.000000000000000000e+00
0.000000000000000000e+00
0.000000000000000000e+00
0.000000000000000000e+00
0.000000000000000000e+00
0.000000000000000000e+00
0.000000000000000000e+00
0.000000000000000000e+00
0.000000000000000000e+00
0.000000000000000000e+00
0.000000000000000000e+00
0.000000000000000000e+00
0.000000000000000000e+00
0.000000000000000000e+00
0.000000000000000000e+00
0.000000000000000000e+00
0.000000000000000000e+00
0.000000000000000000e+00
0.000000000000000000e+00
0.000000000000000000e+00
0.000000000000000000e+00
0.000000000000000000e+00
0.000000000000000000e+00
0.000000000000000000e+00
0.000000000000000000e+00
0.000000000000000000e+00
0.000000000000000000e+00
0.000000000000000000e+00
0.000000000000000000e+00
0.000000000000000000e+00
0.000000000000000000e+00
0.000000000000000000e+00
0.000000000000000000e+00
0.000000000000000000e+00
0.000000000000000000e+00
0.000000000000000000e+00
0.000000000000000000e+00
0.000000000000000000e+00
0.000000000000000000e+00
0.000000000000000000e+00
0.000000000000000000e+00
0.000000000000000000e+00
0.000000000000000000e+00
0.000000000000000000e+00
0.000000000000000000e+00
0.000000000000000000e+00
0.000000000000000000e+00
0.000000000000000000e+00
0.000000000000000000e+00
0.000000000000000000e+00
0.000000000000000000e+00
0.000000000000000000e+00
0.000000000000000000e+00
0.000000000000000000e+00
0.000000000000000000e+00
0.000000000000000000e+00
0.000000000000000000e+00
0.000000000000000000e+00
0.000000000000000000e+00
0.000000000000000000e+00
0.000000000000000000e+00
0.000000000000000000e+00
0.000000000000000000e+00
0.000000000000000000e+00
0.000000000000000000e+00
0.000000000000000000e+00
0.000000000000000000e+00
0.000000000000000000e+00
0.000000000000000000e+00
0.000000000000000000e+00
0.000000000000000000e+00
0.000000000000000000e+00
0.000000000000000000e+00
0.000000000000000000e+00
0.000000000000000000e+00
0.000000000000000000e+00
0.000000000000000000e+00
0.000000000000000000e+00
0.000000000000000000e+00
0.000000000000000000e+00
0.000000000000000000e+00
0.000000000000000000e+00
0.000000000000000000e+00
0.000000000000000000e+00
0.000000000000000000e+00
0.000000000000000000e+00
0.000000000000000000e+00
0.000000000000000000e+00
0.000000000000000000e+00
0.000000000000000000e+00
0.000000000000000000e+00
0.000000000000000000e+00
0.000000000000000000e+00
0.000000000000000000e+00
0.000000000000000000e+00
0.000000000000000000e+00
0.000000000000000000e+00
-0.000000000000000000e+00
-0.000000000000000000e+00
-0.000000000000000000e+00
-0.000000000000000000e+00
0.000000000000000000e+00
0.000000000000000000e+00
0.000000000000000000e+00
-0.000000000000000000e+00
-0.000000000000000000e+00
-0.000000000000000000e+00
0.000000000000000000e+00
0.000000000000000000e+00
0.000000000000000000e+00
-0.000000000000000000e+00
-4.203895392974451213e-45
-7.006492321624085355e-45
-0.000000000000000000e+00
2.382207389352189021e-44
4.764414778704378041e-44
9.809089250273719496e-45
-1.247155633249087193e-43
-4.147843454401458530e-43
-6.431959951250910356e-43
-1.667545172546532314e-43
2.670874873003101337e-42
1.282188094857207620e-42
-4.121218783579287006e-42
-1.874096566188010351e-41
-4.713687774295819663e-41
-8.304234829435298444e-41
-1.130245302370467705e-40
-1.095100736885201293e-40
-5.289060923747589552e-41
7.776505827770572335e-41
2.811130836297372278e-40
5.095415488962543081e-40
6.761853635722258790e-40
6.413168538844314559e-40
2.833383455910850373e-40
-4.764554908550810523e-40
-1.569880274776949864e-39
-2.717060269088782983e-39
-3.390892852539407494e-39
-2.904570819197015405e-39
-6.467707075075836439e-40
3.606398543367921112e-39
9.252458467782294035e-39
1.463283500595761029e-38
1.696555694134063272e-38
1.293700742650561020e-38
-1.766098493542496699e-40
-2.277064462327737184e-38
-5.108489043115307895e-38
-7.601498223080431661e-38
-8.350681147295037371e-38
-5.758562611103305133e-38
1.363861374551915258e-38
1.296742989642579484e-37
2.691664088604315739e-37
3.850230081354296581e-37
4.078272236660168596e-37
2.616025809031885077e-37
-1.065322359791158908e-37
-6.867093840886104056e-37
-1.367443272792932924e-36
-1.915229989839720451e-36
-1.994169952801854674e-36
-1.243965784687224467e-36
5.785237168150806620e-37
3.413227285562426729e-36
6.717234185065266270e-36
9.373549365237053895e-36
9.786310459902469004e-36
6.245325291155594947e-36
-2.417491591426828472e-36
-1.596643183132107646e-35
-3.192509208377978291e-35
-4.513368244153197125e-35
-4.814448335433841869e-35
-3.283695255386577208e-35
6.627448485880113972e-36
6.986854305221438162e-35
1.463618462496518148e-34
2.131486024203888767e-34
2.361735750582463937e-34
1.770316992034923695e-34
5.838010830623643824e-36
-2.810904769412381718e-34
-6.428194071714044767e-34
-9.815903128404124401e-34
-1.145640192224759251e-33
-9.554035129464574041e-34
-2.573941409087176600e-34
9.981947215587541991e-34
2.671924373357983743e-33
4.370209183790929293e-33
5.439312846998153247e-33
5.057115185165687110e-33
2.447531317993640225e-33
-2.789613214723380325e-33
-1.028918360266807085e-32
-1.858454952345304169e-32
-2.498547038135358239e-32
-2.584705190452465507e-32
-1.736570441034036675e-32
3.078481033204372417e-33
3.520680518477616007e-32
7.417132491576943484e-32
1.095776203080877683e-31
1.259791401708455390e-31
1.055401968810924903e-31
3.317970925782128110e-32
-9.621496493118875879e-32
-2.699114645024777764e-31
-4.512648991761530103e-31
-5.787227642205589541e-31
-5.732399294299055749e-31
-3.563683451989595128e-31
1.212146617329231679e-31
8.448238402749592691e-31
1.703212697279311604e-30
2.471201524807122873e-30
2.822362876719792964e-30
2.384619312902956464e-30
8.439838790316356953e-31
-1.912064377262224544e-30
-5.638578576261621826e-30
-9.611101361475684226e-30
-1.259875059290414710e-29
-1.299540940664561980e-29
-9.153548554937886668e-30
7.859840708764703883e-32
1.468384209623452842e-29
3.281717217687796340e-29
5.038979032370459045e-29
6.116967763080174149e-29
5.765143695664374872e-29
3.283271503338227602e-29
-1.718859674371242654e-29
-9.019734791938584616e-29
-1.751795544018005633e-28
-2.510312700741467392e-28
-2.878322764892383097e-28
-2.516655269530820657e-28
-1.133517142866287888e-28
1.395815199411597176e-28
4.897685589412919971e-28
8.792519234518990168e-28
1.205769849177433331e-27
1.331003540107710562e-27
1.104551156502703861e-27
4.044851550711683449e-28
-8.093438442550505942e-28
-2.439016170499461602e-27
-4.205017277490770267e-27
-5.635487876988790109e-27
-6.108598730803336635e-27
-4.962804073431071777e-27
-1.676780668980620016e-27
3.899131068887478655e-27
1.130283833897752265e-26
1.927899323311168465e-26
2.573995047689038802e-26
2.795339094709552799e-26
2.301656689824226227e-26
8.623277370283984062e-27
-1.595245307745618641e-26
-4.883288126779958195e-26
-8.474937315586621525e-26
-1.148366390145604022e-25
-1.273571065015339115e-25
-1.096112613562313523e-25
-5.107790236686080606e-26
5.249671492721946108e-26
1.947458944566848791e-25
3.551571603554975589e-25
4.977637370158588496e-25
5.734961588541127302e-25
5.273224537421033146e-25
3.105277737249747147e-25
-1.027529416240948079e-25
-6.972152360759936405e-25
-1.400399388191342067e-24
-2.074474819423068039e-24
-2.521707282294089756e-24
-2.508636645955482812e-24
-1.811362097400177867e-24
-2.798681769535910396e-25
2.086662128763053756e-24
5.068211223852444187e-24
8.176422586897288548e-24
1.065483737992807548e-23
1.154890550863479275e-23
9.859930644729449842e-24
4.782027870225912914e-24
-4.000406341532114334e-24
-1.600274870405749206e-23
-2.969046201944271049e-23
-4.237997125574479634e-23
-5.038285785412885105e-23
-4.946717020345364673e-23
-3.566345173651205762e-23
-6.370637933312249540e-24
3.837651478352264496e-23
9.471669873258677473e-23
1.541717946292246961e-22
2.036248663105802329e-22
2.264090120324376502e-22
2.047317328239139390e-22
1.234385689336065390e-22
-2.519578343926124551e-23
-2.363360629072878298e-22
-4.881732299803940580e-22
-7.395695942014372684e-22
-9.311889820329634175e-22
-9.913354734922604842e-22
-8.471542172635381548e-22
-4.408975153716443821e-22
2.503170510414070638e-22
1.194265233438483412e-21
2.287251530885546816e-21
3.346898370289210125e-21
4.119492736452623963e-21
4.306260263685580867e-21
3.610565017817972008e-21
1.804231165581605374e-21
-1.193660801902015831e-21
-5.237554965701618384e-21
-9.892662496860099746e-21
-1.440878349027049880e-20
-1.775092274476004470e-20
-1.870288969194780540e-20
-1.605104396774369834e-20
-8.841369252680620028e-21
3.314840476739770361e-21
1.993094755562074579e-20
3.939277707517308797e-20
5.883843618310229879e-20
7.424569614297105938e-20
8.078920531379981836e-20
7.349921087658170090e-20
4.820509080104421595e-20
2.684300850240092675e-21
-6.213251495153280667e-20
-1.411157200318394072e-19
-2.243143215242471992e-19
-2.970352071432047856e-19
-3.408694982057386779e-19
-3.358188367830664600e-19
-2.635217778304657311e-19
-1.113716105988367173e-19
1.229231749284426776e-19
4.270263302131833774e-19
7.707999820014133086e-19
1.105258365170771461e-18
1.364603682239062813e-18
1.472063336001286053e-18
1.349816794813911752e-18
9.326663031809696835e-19
1.843253217108338387e-19
-8.856474960070773461e-19
-2.207019410711668721e-18
-3.639463587106232115e-18
-4.972027152101089384e-18
-5.934586625246383228e-18
-6.223385982771309651e-18
-5.541047590608461058e-18
-3.649162693378722641e-18
-4.288509096987163604e-19
4.058099281529013144e-18
9.517358975480987314e-18
1.539092117821688348e-17
2.085841462798621049e-17
2.488105846691936320e-17
2.629489045914602406e-17
2.395409174835161359e-17
1.691780229039994152e-17
4.665002524139782102e-18
-1.268690663326982600e-17
-3.419192751890812567e-17
-5.795121492428105103e-17
-8.109320721700770374e-17
-9.989254761594526413e-17
-1.100517813759745373e-16
-1.071527581744374910e-16
-8.726276359423651256e-17
-4.765336554592259168e-17
1.243686151462362148e-17
9.109027387230718095e-17
1.831620868769146850e-16
2.800172603707897336e-16
3.696681274806913392e-16
4.374040817231968558e-16
4.669647639587634885e-16
4.422491366512710555e-16
3.494806324301019890e-16
1.796723773086759718e-16
-6.884376084095083430e-17
-3.881250812804809503e-16
-7.589080629384365589e-16
-1.149836426227635218e-15
-1.517956945104354145e-15
-1.810733248048092617e-15
-1.969710744335884112e-15
-1.935801474358452706e-15
-1.655962646771958011e-15
-1.090841322605202047e-15
-2.227449158839534026e-16
9.368581443326587203e-16
2.341231676979355428e-15
3.904617751902036277e-15
5.501729290652594348e-15
6.971239551064028345e-15
8.123736296020752506e-15
8.754256610528539373e-15
8.659105164398727544e-15
7.656173262103431465e-15
5.607531752577655376e-15
2.442683989445555183e-15
-1.819459169712469605e-15
-7.051957555772626896e-15
-1.300662712705761767e-14
-1.930807537508030802e-14
-2.545639954799720772e-14
-3.083936169043406672e-14
-3.475416840165862498e-14
-3.643805296014122896e-14
-3.510617835387856711e-14
-2.999443954928432410e-14
-2.040430033321914000e-14
-5.746192740109078850e-15
1.442200817049123923e-14
4.036479944779028384e-14
7.215014447437689826e-14
1.096439833456891444e-13
1.525194629880405328e-13
2.002808726156435348e-13
2.523012994273127196e-13
3.078718920426770644e-13
3.662589166415070041e-13
4.267657191178719778e-13
4.887936843472884263e-13
5.518991296957209691e-13
6.158408201797915815e-13
6.806149610918965642e-13
7.464750388999630282e-13
8.139352906944008481e-13
8.837567721901862239e-13
9.569186805793994388e-13
1.034575962226280677e-12
1.118006837282081722e-12
1.208555824860901851e-12
1.307573190348354508e-12
1.416358892149249815e-12
1.536113250488746473e-12
1.667895422469145572e-12
1.812596947536881942e-12
1.970925376029719622e-12
2.143401341830886153e-12
2.330368537029059439e-12
2.532013010717037993e-12
2.748385720396928633e-12
2.979432455960107085e-12
3.225022245784137098e-12
3.484972510223172115e-12
3.759068143566191011e-12
4.047073873941764433e-12
4.348739250648048227e-12
4.663793656822790012e-12
4.991930046410741895e-12
5.332787163248031703e-12
5.685923953890892335e-12
6.050785740507880206e-12
6.426679934751211576e-12
6.812742644329849995e-12
7.207909182710414697e-12
7.610895420839813852e-12
8.020173067335711892e-12
8.433954923336983711e-12
8.850190545695024724e-12
9.266551935505074056e-12
9.680439609638380460e-12
1.008898173338046433e-11
1.048903238570764174e-11
1.087718456971309422e-11
1.124977021260686882e-11
1.160287404350368590e-11
1.193233532814641507e-11
1.223376955294952495e-11
1.250256929236082115e-11
1.273392849499010993e-11
1.292285375931179203e-11
1.306419295660221636e-11
1.315265691498312961e-11
1.318285671597640984e-11
1.314933491952663402e-11
1.304660286055581153e-11
1.286919095594418749e-11
1.261169380734061818e-11
1.226881703869642237e-11
1.183543367477835062e-11
1.130663965231981649e-11
1.067780933117212783e-11
9.944652740179193984e-12
9.103274557775709042e-12
8.150234827308810992e-12
7.082604468189312996e-12
5.898031629064659498e-12
4.594794163204074522e-12
3.171862295384131336e-12
1.628961288774322114e-12
-3.337480574024109803e-14
-1.813744575536457848e-12
-3.709822813530161412e-12
-5.718310373825641335e-12
-7.834885518143153149e-12
-1.005416409849413384e-11
-1.236965217754626423e-11
-1.477373258451653015e-11
-1.725763976168082081e-11
-1.981144068241569300e-11
-2.242405219843313091e-11
-2.508323757033359414e-11
-2.777565503986334505e-11
-3.048687344242573261e-11
-3.320144853491413528e-11
-3.590297503741624041e-11
-3.857418551245217486e-11
-4.119703536642482788e-11
-4.375282428026316950e-11
-4.622230376227776105e-11
-4.858581592603883337e-11
-5.082344961548912465e-11
-5.291518265226891060e-11
-5.484104143027579426e-11
-5.658127091856535174e-11
-5.811652201148653774e-11
-5.942797642877195585e-11
-6.049758610737754339e-11
-6.130818769323198580e-11
-6.184373846362944960e-11
-6.208943081897899674e-11
-6.203189351072779800e-11
-6.165936511370873063e-11
-6.096178423176112915e-11
-5.993101154233571037e-11
-5.856090612432751641e-11
-5.684749893042351232e-11
-5.478905176770076935e-11
-5.238619607550454305e-11
-4.964199190604645651e-11
-4.656199037444963551e-11
-4.315428223100603589e-11
-3.942951520841120328e-11
-3.540087320508256141e-11
-3.108406934626550822e-11
-2.649728179926480465e-11
-2.166109826229334345e-11
-1.659838932965840286e-11
-1.133420787780003991e-11
-5.895625133922610672e-12
-3.115609712497219297e-13
5.387396691952650585e-12
1.116920965438250590e-11
1.700060925369228926e-11
2.284733860435927966e-11
2.867441353804345283e-11
3.444637283744889089e-11
4.012754364901560677e-11
4.568233985535741226e-11
5.107549799765465082e-11
5.627241034256158514e-11
6.123932611012961047e-11
6.594369494905549800e-11
7.035436122571070428e-11
7.444185545768533530e-11
7.817861635839307155e-11
8.153924757614561258e-11
8.450066341092465905e-11
8.704234555345635727e-11
8.914648186308937738e-11
9.079811902346079933e-11
9.198526662590467140e-11
9.269904982511789626e-11
9.293373709473584654e-11
9.268678186069578828e-11
9.195889189017592003e-11
9.075396684155023763e-11
8.907907744770682257e-11
8.694445857715393799e-11
8.436333576167243109e-11
8.135191131852792523e-11
7.792915618365370278e-11
7.411671970602995430e-11
6.993870066418494957e-11
6.542150848831695953e-11
6.059362733790152333e-11
5.548541487376823511e-11
5.012885245792020328e-11
4.455730576169436574e-11
3.880530619060351682e-11
3.290824557300453534e-11
2.690214891132303165e-11
2.082340896936152319e-11
1.470850871654327818e-11
8.593775864540464937e-12
2.515129163965790227e-12
-3.492176166297600304e-12
-9.393787830935806937e-12
-1.515647156391519701e-11
-2.074833187204472296e-11
-2.613901282921826663e-11
-3.129988282446483083e-11
-3.620419936067875710e-11
-4.082725130194475582e-11
-4.514650112086293632e-11
-4.914168377778693753e-11
-5.279492468202029443e-11
-5.609077785573290953e-11
-5.901630573124094781e-11
-6.156108955934769256e-11
-6.371728838994172861e-11
-6.547957315250485522e-11
-6.684518216726331730e-11
-6.781383787846095856e-11
-6.838766358763237463e-11
-6.857119733139072082e-11
-6.837125310354963403e-11
-6.779685840507809758e-11
-6.685912240511626692e-11
-6.557111104088519937e-11
-6.394776375096000720e-11
-6.200571306402835603e-11
-5.976314582101238670e-11
-5.723968174442539691e-11
-5.445619996602424351e-11
-5.143467596280260068e-11
-4.819802543187812205e-11
-4.476993775703874689e-11
-4.117469559750119856e-11
-3.743703957947985828e-11
-3.358198788494526354e-11
-2.963465930982955854e-11
-2.562012754725451202e-11
-2.156326853186563142e-11
-1.748859390637846900e-11
-1.342011744787097172e-11
-9.381208483649761121e-12
-5.394460919627697137e-12
-1.481568882334693971e-12
2.336786146528435637e-12
6.041044834509401440e-12
9.612862589269965952e-12
1.303519965578647799e-11
1.629239625156042592e-11
1.937022417464184798e-11
2.225595402416402635e-11
2.493839509898343465e-11
2.740791447963797367e-11
2.965645784502868310e-11
3.167756335020754932e-11
3.346635815693055349e-11
3.501953588225248382e-11
3.633534445546260372e-11
3.741354101527427645e-11
3.825535027646154163e-11
3.886342636594264377e-11
3.924176261715928149e-11
3.939567422284184772e-11
3.933166639602525549e-11
3.905739620613246643e-11
3.858156155667202825e-11
3.791382138795817980e-11
3.706469506314924445e-11
3.604547216262687925e-11
3.486808411445885270e-11
3.354503133601305365e-11
3.208926527276112495e-11
3.051407390652904894e-11
2.883299501932334863e-11
2.705969476268776930e-11
2.520788265625295566e-11
2.329119709598703736e-11
2.132313423053311396e-11
1.931694214307722035e-11
1.728554799296233568e-11
1.524146434062068067e-11
1.319674057531639022e-11
1.116288311786561849e-11
9.150799042123569649e-12
7.170757043706288414e-12
5.232331928839428770e-12
3.344378159825245334e-12
1.514999822642415506e-12
-2.484692681638256406e-13
-1.939477441495474075e-12
-3.552262650696746960e-12
-5.081852039873213656e-12
-6.524054300266479700e-12
-7.875448557181918829e-12
-9.133361601743050784e-12
-1.029585271206112651e-11
-1.136167635668039466e-11
-1.233026007685378289e-11
-1.320166198581773642e-11
-1.397653954376965046e-11
-1.465609925088706689e-11
-1.524206975911379658e-11
-1.573663768739130830e-11
-1.614242246816832704e-11
-1.646242343833481669e-11
-1.669996085862379687e-11
-1.685865856637658311e-11
-1.694237285188027187e-11
-1.695516643751560082e-11
-1.690126164022309752e-11
-1.678499526869270397e-11
-1.661078913306468507e-11
-1.638310841156620512e-11
-1.610643389493571220e-11
-1.578522729195341867e-11
-1.542390173914220952e-11
-1.502679751463897873e-11
-1.459816122151291751e-11
-1.414212583844554061e-11
-1.366268556624028463e-11
-1.316368888892860411e-11
-1.264882209389694978e-11
-1.212159365937548472e-11
-1.158533859124677434e-11
-1.104319587164059868e-11
-1.049811453046611831e-11
-9.952847573879708420e-12
-9.409948514838006872e-12
-8.871772240459652181e-12
-8.340476746748759496e-12
-7.818023138594920596e-12
-7.306175629773203895e-12
-6.806513686008486275e-12
-6.320425519762418176e-12
-5.849120666978624428e-12
-5.393631288125311229e-12
-4.954819107089170060e-12
-4.533379747984067620e-12
-4.129853577172770684e-12
-3.744625703266946104e-12
-3.377938770712796135e-12
-3.029897079759313883e-12
-2.700473742192621707e-12
-2.389517403389440631e-12
-2.096761566455773718e-12
-1.821831097439940983e-12
-1.564249489487135047e-12
-1.323447319616366524e-12
-1.098770705497409406e-12
-8.894882443447049702e-13
-6.947997407448502916e-13
-5.138451513245212432e-13
-3.457123096909514581e-13
-1.894457084695294613e-13
-4.405514920425603054e-14
9.147555353168981829e-14
2.181800204913153518e-13
3.371004376247904721e-13
4.492790145992076045e-13
5.557491858203256196e-13
6.575272552995781172e-13
7.556035875114219813e-13
8.509348824528584210e-13
9.444352851856185893e-13
1.036969230101825179e-12
1.129343797298676400e-12
1.222301014743021330e-12
1.316512545680714741e-12
1.412572207641626942e-12
1.510991201950084850e-12
1.612193126394878551e-12
1.716510505782309348e-12
1.824179913026413580e-12
1.935341210207441875e-12
2.050034404385558950e-12
2.168199864441278102e-12
2.289678429495678458e-12
2.414212059431708468e-12
2.541447521181572355e-12
2.670938123450206092e-12
2.802148053523967342e-12
2.934459099324104869e-12
3.067176070417620970e-12
3.199532652709002889e-12
3.330701816781078684e-12
3.459802539948486633e-12
3.585910865119834590e-12
3.708066839691603889e-12
3.825288176495522663e-12
3.936581095820290699e-12
4.040948131667221332e-12
4.137402226378483761e-12
4.224977138977958901e-12
4.302737853512095256e-12
4.369790120029026781e-12
4.425293465004642712e-12
4.468469431279098458e-12
4.498610251674195482e-12
4.515087956291630178e-12
4.517363046130373760e-12
4.504987528852755219e-12
4.477617061848793156e-12
4.435007916470112832e-12
4.377026952689933026e-12
4.303650751741328051e-12
4.214968651883310713e-12
4.111182314719963315e-12
3.992607026243044643e-12
3.859666926342431026e-12
3.712894575125247343e-12
3.552925748745439094e-12
3.380495536275951451e-12
3.196432701857432335e-12
3.001652312123459510e-12
2.797149014147071178e-12
2.583988795504255087e-12
2.363299660135265157e-12
2.136262737886807095e-12
1.904103177213789522e-12
1.668078544216078374e-12
1.429469606920030778e-12
1.189569710097204691e-12
9.496740416628512982e-13
7.110684111834297827e-13
4.750198715278153294e-13
2.427657684253570203e-13
1.550425030873679721e-14
-2.056149982264734999e-13
-4.194996943134715606e-13
-6.251232170795262277e-13
-8.215320784765722806e-13
-1.007852330238423466e-12
-1.183295865805900071e-12
-1.347165434761876668e-12
-1.498857787017582321e-12
-1.637868009621290533e-12
-1.763790936221143468e-12
-1.876322448107758945e-12
-1.975259799474882172e-12
-2.060500641637430519e-12
-2.132041938829321026e-12
-2.189976498756518453e-12
-2.234490587352255808e-12
-2.265859591968344411e-12
-2.284443901406918442e-12
-2.290682400707400035e-12
-2.285087917497374832e-12
-2.268240716779557076e-12
-2.240781562037885699e-12
-2.203405426864923911e-12
-2.156853471865782801e-12
-2.101906322604651933e-12
-2.039376046508722951e-12
-1.970098129772113182e-12
-1.894923887940658247e-12
-1.814711033353011427e-12
-1.730317169927608756e-12
-1.642591119545289136e-12
-1.552364465272348948e-12
-1.460445046147507142e-12
-1.367608825665611594e-12
-1.274594687607211174e-12
-1.182097497144651843e-12
-1.090763655613169458e-12
-1.001187088962851579e-12
-9.139058867319027613e-13
-8.294005673231685805e-13
-7.480923432806596551e-13
-6.703423081379222825e-13
-5.964530085111885427e-13
-5.266682814690504255e-13
-4.611748808357185592e-13
-4.001041034942809382e-13
-3.435334699000702763e-13
-2.914887569597374162e-13
-2.439456785446186826e-13
-2.008317828445377318e-13
-1.620283768266617130e-13
-1.273725049044660551e-13
-9.665873787131906703e-14
-6.964178176195948144e-14
-4.603911043089652100e-14
-2.553415039629157446e-14
-7.780063689100634450e-15
7.595839952303454906e-15
2.098720469059702637e-14
3.280310254655770252e-14
4.346203979392962435e-14
5.338588796835637418e-14
6.299339305390616595e-14
7.269397350783204925e-14
8.288175376049145004e-14
9.392987554207241074e-14
1.061855207169955240e-13
1.199654660550067420e-13
1.355522817473100994e-13
1.531914243894927363e-13
1.730888246316911183e-13
1.954091456788514813e-13
2.202744551430685371e-13
2.477636151798634501e-13
2.779117268345704383e-13
3.107101978049725544e-13
3.461066882311930604e-13
3.840057883220532320e-13
4.242691809853982310e-13
4.667171597111385850e-13
5.111294959329881760e-13
5.572471737519402168e-13
6.047746396557751591e-13
6.533820251335142881e-13
7.027086703324803008e-13
7.523659429839457680e-13
8.019419546825834466e-13
8.510050303334182331e-13
8.991088039020378453e-13
9.457967178536086372e-13
9.906065768020000384e-13
1.033075643259995235e-12
1.072744540767112120e-12
1.109162566480248469e-12
1.141891052200416645e-12
1.170507918021868043e-12
1.194610708098176044e-12
1.213820602190274212e-12
1.227785885113408249e-12
1.236184440402132712e-12
1.238726677656176722e-12
1.235159218827830419e-12
1.225267283466724422e-12
1.208876965544392057e-12
1.185858160800135064e-12
1.156126735145368567e-12
1.119646259387097054e-12
1.076429743951390350e-12
1.026540397824904360e-12
9.700929295974880517e-13
9.072531679914230818e-13
8.382373029199030601e-13
7.633108554949696867e-13
6.827871059343626481e-13
5.970244372661970278e-13
5.064236248235320925e-13
4.114248004782883328e-13
3.125034681982635787e-13
2.101671023628168267e-13
1.049508041779147194e-13
-2.586372329277169743e-15
-1.118657033324921279e-13
-2.222926432770416794e-13
-3.332606272107158096e-13
-4.441548311865523013e-13
-5.543556607680300008e-13
-6.632420307406405868e-13
-7.701946177184060272e-13
-8.745991127503960350e-13
-9.758488505109963462e-13
-1.073348549797403795e-12
-1.166516102463210913e-12
-1.254786747596770002e-12
-1.337615348345755351e-12
-1.414479536103463442e-12
-1.484883505216416655e-12
-1.548359747707839240e-12
-1.604472631144826522e-12
-1.652822518606600344e-12
-1.693046527626029807e-12
-1.724821999636583225e-12
-1.747869427318193836e-12
-1.761953105118563290e-12
-1.766883948178810115e-12
-1.762520359695207706e-12
-1.748768664600053313e-12
-1.725584302184057783e-12
-1.692970741894173070e-12
-1.650980459115547472e-12
-1.599713200448049655e-12
-1.539316200546703151e-12
-1.469981905297124136e-12
-1.391947971815521434e-12
-1.305494883203917045e-12
-1.210945298028842654e-12
-1.108661881916994663e-12
-9.990463317732789505e-13
-8.825374784270090256e-13
-7.596098229589731687e-13
-6.307719103981757058e-13
-4.965641613174920366e-13
-3.575575707910616519e-13
-2.143511605191827929e-13
-6.757028476241794257e-14
8.213603950625592010e-14
2.340974907411724759e-13
3.876250720142443429e-13
5.420137537577585096e-13
6.965457399234209479e-13
8.504927448069188323e-13
1.003119787755524239e-12
1.153687822358362425e-12
1.301457097473146529e-12
1.445690897723672652e-12
1.585658796106337309e-12
1.720640015016872137e-12
1.849927546218599339e-12
1.972831837129818133e-12
2.088685778153798189e-12
2.196847738444862586e-12
2.296707312179901983e-12
2.387689221686195573e-12
2.469258304771404511e-12
2.540923851532261857e-12
2.602244591684566011e-12
2.652832164010132665e-12
2.692356537367657232e-12
2.720549046458797804e-12
2.737204777072954620e-12
2.742186469215091016e-12
2.735425818148340404e-12
2.716924558596178763e-12
2.686756416306335105e-12
2.645064939646446511e-12
2.592063499604058130e-12
2.528035072946188677e-12
2.453329423293681977e-12
2.368360065355124000e-12
2.273601879682063398e-12
2.169587426381625050e-12
2.056904343031296101e-12
1.936189489987194534e-12
1.808126239878637964e-12
1.673439490278150199e-12
1.532890676371467809e-12
1.387273542569067430e-12
1.237409046755955089e-12
1.084139722440369269e-12
9.283251251046564789e-13
7.708357606731053302e-13
6.125476102909754861e-13
4.543365466833093613e-13
2.970728589339610703e-13
1.416147337200343581e-13
-1.119716231084803837e-14
-1.605458794335865025e-13
-3.056439107883279771e-13
-4.457391216110967447e-13
-5.801203159343237825e-13
-7.081222544100262972e-13
-8.291312515035231812e-13
-9.425896478273965151e-13
-1.048000336685561695e-12
-1.144930612990979757e-12
-1.233016293233912819e-12
-1.311963124944748316e-12
-1.381551015082471690e-12
-1.441634463715535386e-12
-1.492144298745334829e-12
-1.533087892746642922e-12
-1.564548729286741047e-12
-1.586685969244550076e-12
-1.599732824507371642e-12
-1.603993522204805178e-12
-1.599840377362882204e-12
-1.587710865558200624e-12
-1.568102852428365779e-12
-1.541569281081345277e-12
-1.508712751084606563e-12
-1.470180097454254486e-12
-1.426655234920692905e-12
-1.378852761135807015e-12
-1.327510909358842195e-12
-1.273384609562500103e-12
-1.217237356916645030e-12
-1.159834814995486241e-12
-1.101936033739980836e-12
-1.044287594766102334e-12
-9.876152630081125317e-13
-9.326180236066128337e-13
-8.799607635438799758e-13
-8.302678748510483597e-13
-7.841173999163786323e-13
-7.420357731047211303e-13
-7.044920744860017070e-13
-6.718938556568576637e-13
-6.445828029319478070e-13
-6.228314847374349927e-13
-6.068398821640341723e-13
-5.967334916132105427e-13
-5.925612648130518245e-13
-5.942950125070733947e-13
-6.018286455126975465e-13
-6.149788794526656055e-13
-6.334863189572104147e-13
-6.570171923875323117e-13
-6.851658455007958448e-13
-7.174583735274076002e-13
-7.533561990381854034e-13
-7.922608966440258804e-13
-8.335195597966582604e-13
-8.764307639005930461e-13
-9.202510715261569274e-13
-9.642019170932880634e-13
-1.007476871026091736e-12
-1.049250204950002985e-12
-1.088684806367645752e-12
-1.124940310175126523e-12
-1.157181772279414211e-12
-1.184588885316806284e-12
-1.206364218589439652e-12
-1.221742216943322301e-12
-1.229997223864409683e-12
-1.230452480356636347e-12
-1.222486955415602594e-12
-1.205544019645954368e-12
-1.179137516793549167e-12
-1.142858919479794455e-12
-1.096382641792292834e-12
-1.039471677136138972e-12
-9.719815013617405519e-13
-8.938644095735082118e-13
-8.051717387443091400e-13
-7.060560903299206714e-13
-5.967724144712027723e-13
-4.776781184143152892e-13
-3.492321178338170240e-13
-2.119933731597328785e-13
-6.661822650596768702e-14
8.614323718323518841e-14
2.454515540470381119e-13
4.103830448208556358e-13
5.799361099852184953e-13
7.530378772803436593e-13
9.285518317789231979e-13
1.105286218452961045e-12
1.282002390530501135e-12
1.457424675735397024e-12
1.630249646215886639e-12
1.799155984784361895e-12
1.962815760619962546e-12
2.119904295508345804e-12
2.269111547964497433e-12
2.409150786850111636e-12
2.538771493379443633e-12
2.656768251577124040e-12
2.761991373459449228e-12
2.853356440013499196e-12
2.929854059016689938e-12
2.990557671292415343e-12
3.034632007486992578e-12
3.061341111165738482e-12
3.070054193504700990e-12
3.060251704822825047e-12
3.031531839794987526e-12
2.983611187973300716e-12
2.916331889521450726e-12
2.829660334172090508e-12
2.723690847514226299e-12
2.598644389950610645e-12
2.454868773538176896e-12
2.292834542019783761e-12
2.113133019260304835e-12
1.916473490320980133e-12
1.703676587826163935e-12
1.475668762532245104e-12
1.233475344433743182e-12
9.782132786087527343e-13
7.110819637105858515e-13
4.333538465139258333e-13
1.463657889550287750e-13
-1.484923702011961555e-13
-4.497879119939179882e-13
-7.560562961285433037e-13
-1.065812368916674302e-12
-1.377562126869680270e-12
-1.689813436747678033e-12
-2.001087663627831859e-12
-2.309929374513797207e-12
-2.614918264559618066e-12
-2.914678914889279326e-12
-3.207888598852348672e-12
-3.493287690364832443e-12
-3.769687253324383036e-12
-4.035977281546809792e-12
-4.291129517691727457e-12
-4.534206343720370569e-12
-4.764362515619069427e-12
-4.980851234931416016e-12
-5.183022847715657022e-12
-5.370327012949038803e-12
-5.542314003570414371e-12
-5.698633839118505406e-12
-5.839031515242343318e-12
-5.963346570020400250e-12
-6.071507446109292161e-12
-6.163530623382040829e-12
-6.239510210587217998e-12
-6.299615343263731404e-12
-6.344081943804313894e-12
-6.373206216242488509e-12
-6.387336406316057591e-12
-6.386868030977543853e-12
-6.372231735329858537e-12
-6.343888522136742480e-12
-6.302319777162779246e-12
-6.248021631322098202e-12
-6.181495419699256644e-12
-6.103242043697942876e-12
-6.013754164785334311e-12
-5.913509699279062559e-12
-5.802967047857654492e-12
-5.682556855624021352e-12
-5.552682445786327747e-12
-5.413709411317135789e-12
-5.265966482315143082e-12
-5.109743357600837754e-12
-4.945286367907808511e-12
-4.772798909563613634e-12
-4.592438842404567012e-12
-4.404321091860952109e-12
-4.208518082637890956e-12
-4.005057136630130188e-12
-3.793930881262896904e-12
-3.575090527438429255e-12
-3.348456494717266807e-12
-3.113921013403464499e-12
-2.871347690863723656e-12
-2.620582136708682341e-12
-2.361451962792915360e-12
-2.093775890513183136e-12
-1.817369171819294138e-12
-1.532048251283446572e-12
-1.237636078690873553e-12
-9.339713247583092404e-13
-6.209128263628960198e-13
-2.983457935996219890e-13
3.381077698632467543e-14
3.755977462643195208e-13
7.270080804727685475e-13
1.087984303344002868e-12
1.458409131308013862e-12
1.838104104687210416e-12
2.226818989620182876e-12
2.624233079104310029e-12
3.029948254101855198e-12
3.443485297252579791e-12
3.864283459192874304e-12
4.291697639630109862e-12
4.724996002097858749e-12
5.163359757115459914e-12
5.605885981113667427e-12
6.051586315392043502e-12
6.499388700842434474e-12
6.948139546353315765e-12
7.396608499299350825e-12
7.843488011860522136e-12
8.287402014639511094e-12
8.726905482980829021e-12
9.160498748439493966e-12
9.586621427248864791e-12
1.000366629810844898e-11
1.040998450635433059e-11
1.080388903340612217e-11
1.118367204400172454e-11
1.154760748828254080e-11
1.189395977541085614e-11
1.222099938608112168e-11
1.252700807669038241e-11
1.281029449184956093e-11
1.306920457272431335e-11
1.330213196537588516e-11
1.350753016382544303e-11
1.368392812256535862e-11
1.382994153226180245e-11
1.394427889128690978e-11
1.402576058767701639e-11
1.407331976649439653e-11
1.408601794233854676e-11
1.406304933615487585e-11
1.400375215093729864e-11
1.390760857172823606e-11
1.377425517395947097e-11
1.360348292345214816e-11
1.339524064586372631e-11
1.314963762877319198e-11
1.286694188695758356e-11
1.254757842766851539e-11
1.219214052633477152e-11
1.180136977724233205e-11
1.137616910396044290e-11
1.091758367738338009e-11
1.042681826296520953e-11
9.905217271399813228e-12
9.354263891259151364e-12
8.775576619546310297e-12
8.170896251269432753e-12
7.542086746803455810e-12
6.891119185697958116e-12
6.220073501400635863e-12
5.531109858319949169e-12
4.826477325442501964e-12
4.108489156523509322e-12
3.379520838522886983e-12
2.641992527530057089e-12
1.898356472018747354e-12
1.151080966654838278e-12
4.026486717829957929e-13
-3.444721179308996017e-13
-1.087823733002257764e-12
-1.824989161527956760e-12
-2.553593187598623970e-12
-3.271313558581012693e-12
-3.975901639169387991e-12
-4.665182302965309447e-12
-5.337075399680646370e-12
-5.989598574063226266e-12
-6.620880926844208147e-12
-7.229176892525890352e-12
-7.812865805700841548e-12
-8.370464044116232571e-12
-8.900638039099906251e-12
-9.402201239794294452e-12
-9.874129291986832868e-12
-1.031555656866300907e-11
-1.072577703736810051e-11
-1.110425900535672028e-11
-1.145063210916674734e-11
-1.176469165142801643e-11
-1.204639426405362812e-11
-1.229585617351647286e-11
-1.251334539459358908e-11
-1.269927479147225924e-11
-1.285418819996220208e-11
-1.297876129485731056e-11
-1.307378424270089212e-11
-1.314014782399786085e-11
-1.317883996376778555e-11
-1.319092318013970200e-11
-1.317753024754342306e-11
-1.313984251266608894e-11
-1.307908555764347724e-11
-1.299651098546350525e-11
-1.289338080745494608e-11
-1.277096310647873878e-11
-1.263051208760801458e-11
-1.247326027187245501e-11
-1.230040982264091198e-11
-1.211311606574838606e-11
-1.191248835685776442e-11
-1.169957533631027502e-11
-1.147534844925246489e-11
-1.124071235397705593e-11
-1.099648930941166114e-11
-1.074342004248052262e-11
-1.048215160504017973e-11
-1.021324344541163498e-11
-9.937163071571664119e-12
-9.654286918514554117e-12
-9.364898613528627180e-12
-9.069197649813620643e-12
-8.767300253842424951e-12
-8.459247191616725559e-12
-8.145004636028740919e-12
-7.824480646734244260e-12
-7.497526037514301578e-12
-7.163953891914376371e-12
-6.823539563244329642e-12
-6.476045828068821564e-12
-6.121223753569049464e-12
-5.758830044777507595e-12
-5.388640055004056961e-12
-5.010462964666340113e-12
-4.624151322268899023e-12
-4.229616656914458872e-12
-3.826839886644783917e-12
-3.415881293100664351e-12
-2.996891580384075660e-12
-2.570119898154255011e-12
-2.135920997362039664e-12
-1.694764988069419331e-12
-1.247235062624973967e-12
-7.940315614220205820e-13
-3.359795352087663334e-13
1.259797116886368640e-13
5.907878895296259092e-13
1.057272867345526723e-12
1.524155476308186596e-12
1.990053087597143389e-12
2.453494005183465276e-12
2.912916652678121388e-12
3.366693642620210980e-12
3.813129933333270216e-12
4.250486681373066844e-12
4.676987963581069607e-12
5.090837907478773516e-12
5.490229364885079733e-12
5.873370366449304214e-12
6.238488458459867658e-12
6.583854121611221188e-12
6.907792914068178192e-12
7.208702385019805092e-12
7.485073325042002068e-12
7.735497138672275952e-12
7.958680589559286034e-12
8.153464882421079807e-12
8.318833469300734862e-12
8.453928529439380668e-12
8.558056173446626502e-12
8.630701188450107253e-12
8.671529640180697385e-12
8.680401016036842776e-12
8.657364755637608766e-12
8.602669791801798027e-12
8.516759346377522633e-12
8.400279603859583943e-12
8.254062364154712839e-12
8.079138920369377530e-12
7.876716640042857875e-12
7.648185904041149286e-12
7.395094953066561061e-12
7.119160729679441246e-12
6.822237219594740054e-12
6.506310681192450929e-12
6.173487068772409714e-12
5.825967746425630978e-12
5.466043850183011088e-12
5.096069833482319567e-12
4.718450890422998256e-12
4.335619536999235635e-12
3.950021299631290006e-12
3.564092814281605293e-12
3.180243611858313280e-12
2.800839421501777338e-12
2.428180703381577210e-12
2.064488987749135696e-12
1.711888335080569146e-12
1.372389831985620923e-12
1.047878689201808822e-12
7.401006890672690020e-13
4.506503677170758948e-13
1.809632359326546203e-13
-6.769457498896624958e-14
-2.942328997633525400e-13
-4.977411711959423002e-13
-6.774953319708953980e-13
-8.329571299196814049e-13
-9.637765845810220000e-13
-1.069791607730130600e-12
-1.151025997604693263e-12
-1.207685752617482233e-12
-1.240156089800381611e-12
-1.248996891155262912e-12
-1.234934030036605179e-12
-1.198855793284325788e-12
-1.141801063420100348e-12
-1.064953247115196788e-12
-9.696300836900539899e-13
-8.572724778319051886e-13
-7.294338744134876151e-13
-5.877690370005572706e-13
-4.340218505774484647e-13
-2.700127719069272958e-13
-9.762430799734392317e-14
8.120998854941816059e-14
2.645210439577994066e-13
4.503171923894710993e-13
6.365989007640904251e-13
8.213723212864565415e-13
1.002663121800473345e-12
1.178531014098260776e-12
1.347082168035029781e-12
1.506483522997759117e-12
1.654975418860504810e-12
1.790884389570035484e-12
1.912635414630381447e-12
2.018761243241518066e-12
2.107916488927608079e-12
2.178884893691557245e-12
2.230588977414349472e-12
2.262100229355468173e-12
2.272642794440282721e-12
2.261602363717862829e-12
2.228530511169668493e-12
2.173149464199108927e-12
2.095353838355018539e-12
1.995213022576436401e-12
1.872971829713909742e-12
1.729049954428407698e-12
1.564039262685890108e-12
1.378701840193397032e-12
1.173965221909489820e-12
9.509170794536059290e-13
7.107984990525895164e-13
4.549966089659185364e-13
1.850355806076731113e-13
-9.743279045983793685e-14
-3.906396690497859758e-13
-6.927109710494483430e-13
-1.001679642009811744e-12
-1.315498491388789049e-12
-1.632054192311771512e-12
-1.949181484620088334e-12
-2.264679112642942194e-12
-2.576323269304348074e-12
-2.881884834937675777e-12
-3.179145098217150966e-12
-3.465910501307400970e-12
-3.740029987098214548e-12
-3.999410611715825681e-12
-4.242032940193762869e-12
-4.465965357941525937e-12
-4.669381634819780302e-12
-4.850571767162081827e-12
-5.007958023967029604e-12
-5.140106222600859809e-12
-5.245739606585253512e-12
-5.323745784491240585e-12
-5.373187138280055564e-12
-5.393314701090945462e-12
-5.383567289879431783e-12
-5.343581480077297385e-12
-5.273195942401276426e-12
-5.172451442853054360e-12
-5.041594312166219893e-12
-4.881075578444526997e-12
-4.691547497714942949e-12
-4.473861819204172363e-12
-4.229064147487360259e-12
-3.958387870955926147e-12
-3.663245488200184141e-12
-3.345219500711094085e-12
-3.006052004539405687e-12
-2.647631679869588694e-12
-2.271982081636370054e-12
-1.881247328056057100e-12
-1.477677030216340004e-12
-1.063610029043704497e-12
-6.414589996325825716e-13
-2.136922773064361958e-13
2.171827035704274045e-13
6.486375022166090965e-13
1.078140181298703482e-12
1.503172911664074629e-12
1.921249834571647774e-12
2.329934422479196243e-12
2.726855199974842492e-12
3.109724066793773112e-12
3.476349633504960401e-12
3.824653701384184146e-12
4.152684272840101443e-12
4.458627911319013037e-12
4.740822751730933149e-12
4.997766957226534856e-12
5.228129561218874954e-12
5.430758273639035849e-12
5.604684251425684494e-12
5.749129471099845290e-12
5.863508463488376066e-12
5.947431349490051034e-12
6.000702539032953808e-12
6.023325067883167350e-12
6.015493225070001060e-12
5.977590818162514807e-12
5.910186402779959991e-12
5.814027644740482614e-12
5.690033513805481391e-12
5.539284742700489872e-12
5.363018189263879520e-12
5.162609922892968939e-12
4.939567851969250967e-12
4.695520014474929837e-12
4.432199832843375376e-12
4.151433103533053171e-12
3.855124986601454751e-12
3.545243959512944798e-12
3.223809240393560316e-12
2.892874741838857844e-12
2.554513892083498661e-12
2.210806407734744461e-12
1.863822464420739067e-12
1.515608602162266116e-12
1.168174606526461989e-12
8.234790887379217494e-13
4.834172884042586826e-13
1.498089033467181475e-13
-1.756138095186654535e-13
-4.912159004208382918e-13
-7.954702977049088464e-13
-1.086965912243387233e-12
-1.364415308166555540e-12
-1.626662021227132104e-12
-1.872685166659504574e-12
-2.101604914400700963e-12
-2.312684549074517371e-12
-2.505333397337383694e-12
-2.679107586819884368e-12
-2.833709178765020376e-12
-2.968985951187774752e-12
-3.084927062066422643e-12
-3.181660880938186331e-12
-3.259449567888372812e-12
-3.318682785177773376e-12
-3.359872059391366683e-12
-3.383642107820938882e-12
-3.390723899571179700e-12
-3.381943813537957588e-12
-3.358214964790939838e-12
-3.320527013073171219e-12
-3.269934236577176634e-12
-3.207547075168015738e-12
-3.134517602074171627e-12
-3.052029982908432970e-12
-2.961288983124865659e-12
-2.863508475475784465e-12
-2.759900381149593684e-12
-2.651662960387324297e-12
-2.539971054663081595e-12
-2.425965895183623822e-12
-2.310746646111416780e-12
-2.195360213064212473e-12
-2.080793653699841705e-12
-1.967967238822310172e-12
-1.857727513487894555e-12
-1.750842309675149089e-12
-1.647995650534694878e-12
-1.549785148304005933e-12
-1.456717992759370972e-12
-1.369210192274372684e-12
-1.287585814878366985e-12
-1.212077205096917520e-12
-1.142826610255054387e-12
-1.079887806780532866e-12
-1.023229894911437121e-12
-9.727406597229149021e-13
-9.282322089784744712e-13
-8.894453641487831685e-13
-8.560563282550281983e-13
-8.276837873931464085e-13
-8.038950906862074586e-13
-7.842147612714678306e-13
-7.681311099336229908e-13
-7.551054508232735163e-13
-7.445793114013721237e-13
-7.359829434262776804e-13
-7.287430749992884760e-13
-7.222908252405013663e-13
-7.160690226534760505e-13
-7.095395777000079729e-13
-7.021902590637063568e-13
-6.935404399215083782e-13
-6.831472236859537084e-13
-6.706102687048520750e-13
-6.555762334901904520e-13
-6.377421377448677653e-13
-6.168587775995382216e-13
-5.927323519158700371e-13
-5.652263054302386625e-13
-5.342616540143785286e-13
-4.998170388854916713e-13
-4.619279676647269905e-13
-4.206849983385413383e-13
-3.762316250644631710e-13
-3.287616489808242726e-13
-2.785157358648621129e-13
-2.257772419543557785e-13
-1.708681075318976839e-13
-1.141439644625902305e-13
-5.598925728426962234e-14
3.188359280165511435e-15
6.296319802340244465e-14
1.228974333324778234e-13
1.825464963651352024e-13
2.414647258183744150e-13
2.992107700928309244e-13
3.553531709339641242e-13
4.094750255013990259e-13
4.611793260646257497e-13
5.100926733954402881e-13
5.558702369928836262e-13
5.981985740088902048e-13
6.367993697457829949e-13
6.714318771111615902e-13
7.018951934424644268e-13
7.280298326001188869e-13
7.497190260101482817e-13
7.668892647652580941e-13
7.795104080450532269e-13
7.875954120654948820e-13
7.911992458767280745e-13
7.904179155811263957e-13
7.853860790885125454e-13
7.762757992836599730e-13
7.632934540501012943e-13
7.466768089242625805e-13
7.266924692203580172e-13
7.036319769025689563e-13
6.778083953482005874e-13
6.495530567411644807e-13
6.192113336835058934e-13
5.871392781686690654e-13
5.536992305626986521e-13
5.192566754179395172e-13
4.841760130845640386e-13
4.488173884192175889e-13
4.135330858127950204e-13
3.786642223738145852e-13
3.445376850572806626e-13
3.114635827895784193e-13
2.797324275428253459e-13
2.496129659305262871e-13
2.213500514608099379e-13
1.951632079685503007e-13
1.712449491019993331e-13
1.497598431984131784e-13
1.308437814475857386e-13
1.146033273705451827e-13
1.011157303720811029e-13
9.042890541195378051e-14
8.256190056708107017e-14
7.750560176295051562e-14
7.522354592524871375e-14
7.565309327346031454e-14
7.870684355995583026e-14
8.427403875655228860e-14
9.222240619820645802e-14
1.023999542928630269e-13
1.146369918480008576e-13
1.287481541734428192e-13
1.445345850382279140e-13
1.617862202714370756e-13
1.802840374817010760e-13
1.998022109090183407e-13
2.201105237745887289e-13
2.409765095801041923e-13
2.621676747222023707e-13
2.834536804493387185e-13
3.046083079782241354e-13
3.254113558476268153e-13
3.456506456923913451e-13
3.651235401264801839e-13
3.836386232563410159e-13
4.010170559336223572e-13
4.170937412725089777e-13
4.317187883226547562e-13
4.447581083803775481e-13
4.560942552453428611e-13
4.656272654772475317e-13
4.732747397109826615e-13
4.789724931779371087e-13
4.826741762352371179e-13
4.843517080466153146e-13
4.839946802712158380e-13
4.816102486433770924e-13
4.772222656108937588e-13
4.708709550743650496e-13
4.626118281850222225e-13
4.525149786133164653e-13
4.406639441366377863e-13
4.271546224371425282e-13
4.120940513743093225e-13
3.955993247827666037e-13
3.777960745892511296e-13
3.588171968750553109e-13
3.388016050435288529e-13
3.178928474623088363e-13
2.962375082651153013e-13
2.739841502546330743e-13
2.512818241245245998e-13
2.282786589966057100e-13
2.051208324287817630e-13
1.819511338471690998e-13
1.589078938964497145e-13
1.361238731326444573e-13
1.137252320310491727e-13
9.183058908559735278e-14
7.055014667085857116e-14
4.998501680381246814e-14
3.022645881419622205e-14
1.135538044209861638e-14
-6.558083560931219150e-15
-2.345494539693002145e-14
-3.928758021492194386e-14
-5.401973966344571221e-14
-6.762668360417792290e-14
-8.009494760138902159e-14
-9.142216335095848523e-14
-1.016167469722502326e-13
-1.106973941764760605e-13
-1.186925991519816037e-13
-1.256400311479971554e-13
-1.315858636245434421e-13
-1.365839678770658372e-13
-1.406951811999679336e-13
-1.439863175521291505e-13
-1.465293950628568376e-13
-1.484006331448767257e-13
-1.496795309224863146e-13
-1.504478914495996356e-13
-1.507889407954821070e-13
-1.507863251577409858e-13
-1.505232028430059099e-13
-1.500814040102452229e-13
-1.495405633090279851e-13
-1.489772118602045170e-13
-1.484641673921843763e-13
-1.480696939842526816e-13
-1.478568244402123089e-13
-1.478828317398248049e-13
-1.481985649649797399e-13
-1.488480427238800252e-13
-1.498678974974285150e-13
-1.512871452462663524e-13
-1.531269143602298488e-13
-1.554000932926444256e-13
-1.581113576653789266e-13
-1.612570618486283691e-13
-1.648252254083867885e-13
-1.687956686317187982e-13
-1.731402158146669312e-13
-1.778229256552132931e-13
-1.828004436189856197e-13
-1.880223136473818668e-13
-1.934315338111836091e-13
-1.989650306490065024e-13
-2.045542419259679945e-13
-2.101256858398278804e-13
-2.156017064099818858e-13
-2.209011917614009390e-13
-2.259402788560432862e-13
-2.306332208545924800e-13
-2.348932138206138998e-13
-2.386332234247112716e-13
-2.417668658587918129e-13
-2.442094649331844058e-13
-2.458787025979430885e-13
-2.466956760399652282e-13
-2.465860089902183194e-13
-2.454804209298805384e-13
-2.433157841874589167e-13
-2.400359641954730172e-13
-2.355927410623015472e-13
-2.299464329884315372e-13
-2.230666958655605492e-13
-2.149331060352643874e-13
-2.055357701527191217e-13
-1.948757995251515496e-13
-1.829657166876538787e-13
-1.698297671113083163e-13
-1.555039734132956930e-13
-1.400362302245855561e-13
-1.234862906374090130e-13
-1.059254748259248757e-13
-8.743639899567653972e-14
-6.811246716382363120e-14
-4.805731211739681930e-14
-2.738415505638969183e-14
-6.214974654437498830e-15
1.532041366599651289e-14
3.708530810458791904e-14
5.893720299125770890e-14
8.072893482174992030e-14
1.023097961059572791e-13
1.235268669037142830e-13
1.442261837302644123e-13
1.642540948089757369e-13
1.834584865750485405e-13
2.016900914943858814e-13
2.188037348960919504e-13
2.346595682524432736e-13
2.491243431164413824e-13
2.620724817714581434e-13
2.733870801182453070e-13
2.829612629276501146e-13
2.906989427821360383e-13
2.965158771729009546e-13
3.003403732312892593e-13
3.021141008804212325e-13
3.017929330918767139e-13
2.993475150918356587e-13
2.947637251470014430e-13
2.880431082454698588e-13
2.792034995129782926e-13
2.682789971078514135e-13
2.553202874816529189e-13
2.403948622196200313e-13
2.235867469901203775e-13
2.049965964123420803e-13
1.847414907683864183e-13
1.629544210072358945e-13
1.397840854568468960e-13
1.153942799604276703e-13
8.996313893491758584e-14
6.368250517847437453e-14
3.675694053599173894e-14
9.402806021318634022e-15
-1.815292233480099438e-14
-4.567392742228087998e-14
-7.291586225869478577e-14
-9.962786617825208912e-14
-1.255541081258276792e-13
-1.504355450973604569e-13
-1.740117246259650918e-13
-1.960226279256252480e-13
-2.162106892177398376e-13
-2.343228150576692759e-13
-2.501125662916076076e-13
-2.633422451457645419e-13
-2.737853075761992327e-13
-2.812283012802035964e-13
-2.854733051511904041e-13
-2.863400163678753163e-13
-2.836680543238934149e-13
-2.773188850866553645e-13
-2.671779084865294474e-13
-2.531565181009692855e-13
-2.351935920325010088e-13
-2.132574580251608842e-13
-1.873468963515048658e-13
-1.574927932209216341e-13
-1.237589268262076492e-13
-8.624280082398724789e-14
-4.507613561382205203e-14
-4.251143483425862037e-16
4.750962738996576673e-14
9.849332314364536711e-14
1.522578585563469367e-13
2.085025267673998317e-13
2.668953925054340370e-13
3.270749556610885733e-13
3.886517572614794913e-13
4.512109273453052127e-13
5.143142313944470967e-13
5.775031061000523991e-13
6.403013427629111742e-13
7.022182856898651071e-13
7.627527624266827733e-13
8.213963363645770954e-13
8.776364509265055514e-13
9.309616879477067286e-13
9.808644781811315383e-13
1.026846034417328024e-12
1.068419658301067443e-12
1.105115456610794578e-12
1.136484352806665932e-12
1.162101556477501685e-12
1.181571008569692882e-12
1.194528742413936140e-12
1.200646353172185599e-12
1.199634575704822126e-12
1.191245995076084530e-12
1.175278190740369766e-12
1.151576013366795159e-12
1.120033753243543373e-12
1.080596875001338386e-12
1.033263318656052476e-12
9.780844753906614564e-13
9.151658380765481660e-13
8.446673265341542169e-13
7.668024201712420052e-13
6.818382664031119589e-13
5.900939459291265621e-13
4.919393885305378689e-13
3.877932859813054689e-13
2.781206796982627072e-13
1.634308058892988691e-13
4.427368031651585101e-14
-7.876296457490911118e-14
-2.050572033137840200e-13
-3.339566850054515035e-13
-4.647827261949899480e-13
-5.968343766253603189e-13
-7.293926747309331660e-13
-8.617251877340859068e-13
-9.930905923993815776e-13
-1.122742957632150151e-12
-1.249936352337721601e-12
-1.373929507490767588e-12
-1.493989936103556904e-12
-1.609399462657035151e-12
-1.719456716765821458e-12
-1.823482337348636406e-12
-1.920823092596557480e-12
-2.010855674680622762e-12
-2.092989193416827653e-12
-2.166670488856770049e-12
-2.231385866011126318e-12
-2.286664347456168755e-12
-2.332081142780717542e-12
-2.367259600150051213e-12
-2.391873374710251632e-12
-2.405648163311679966e-12
-2.408364957115494143e-12
-2.399860258434083349e-12
-2.380027164933240513e-12
-2.348818839079114262e-12
-2.306245255531691463e-12
-2.252378405315225152e-12
-2.187348826371282584e-12
-2.111349289846131683e-12
-2.024631764324658079e-12
-1.927509584234710083e-12
-1.820354630921450223e-12
-1.703599284211265719e-12
-1.577733061385033775e-12
-1.443303376119642323e-12
-1.300911526939951823e-12
-1.151213673000750504e-12
-9.949172562195851555e-13
-8.327789955027420365e-13
-6.656019593993811601e-13
-4.942329098062137049e-13
-3.195588596256043745e-13
-1.425030883225875122e-13
3.597881202493068142e-14
2.149031820553037875e-13
3.932635196223638330e-13
5.700356636370584873e-13
7.441828728770027990e-13
9.146626598482976434e-13
1.080432184691337838e-12
1.240455546440422108e-12
1.393710342446896622e-12
1.539195312004471017e-12
1.675936949982470558e-12
1.802997421501695285e-12
1.919482368190061905e-12
2.024548497597811192e-12
2.117411714713801629e-12
2.197353844018978819e-12
2.263730652582451874e-12
2.315980089998004310e-12
2.353626625192783983e-12
2.376290136885117477e-12
2.383690467233634536e-12
2.375653927050302983e-12
2.352116982087815167e-12
2.313130806688712404e-12
2.258864319551467936e-12
2.189606135294397404e-12
2.105765431817396838e-12
2.007873901865853128e-12
1.896582283583692075e-12
1.772661011034681877e-12
1.636994901611787956e-12
1.490580011850872744e-12
1.334517674318747016e-12
1.170007125038396989e-12
9.983395403770356502e-13
8.208875202850296482e-13
6.390953846864555477e-13
4.544692530292215871e-13
2.685636543882374827e-13
8.296932341471038863e-14
-1.006990172670862993e-13
-2.808180933882437058e-13
-4.557698619553351982e-13
-6.239556939700852123e-13
-7.838122512149325871e-13
-9.338254995661099400e-13
-1.072546348609981770e-12
-1.198603174178136666e-12
-1.310718569270952205e-12
-1.407719860818668067e-12
-1.488553204309628342e-12
-1.552295943695047864e-12
-1.598164959745740354e-12
-1.625527512073843273e-12
-1.633909587489545956e-12
-1.623001537852386544e-12
-1.592663609502331656e-12
-1.542930063228031834e-12
-1.474009933208342282e-12
-1.386287894374060858e-12
-1.280323395046190083e-12
-1.156846428547464445e-12
-1.016752220611705226e-12
-8.610965673144788113e-13
-6.910852098918063291e-13
-5.080664079552821288e-13
-3.135177122255694560e-13
-1.090349531040861464e-13
1.036817319824932804e-13
3.228439108930725165e-13
5.465891953458645869e-13
7.729984729566707902e-13
1.000113078290787438e-12
1.225951198197128278e-12
1.448528146388849969e-12
1.665871542273766881e-12
1.876040121862043719e-12
2.077141193421172538e-12
2.267348635232036003e-12
2.444916448116063457e-12
2.608197078451945927e-12
2.755653778080402461e-12
2.885874482091987936e-12
2.997585686614900879e-12
3.089659387708887373e-12
3.161125874950876380e-12
3.211179586126711172e-12
3.239184961922880746e-12
3.244683167979989236e-12
3.227391661211886920e-12
3.187206791890884183e-12
3.124205538371227497e-12
3.038639001876064505e-12
2.930931105454837038e-12
2.801673606653287685e-12
2.651617640736514403e-12
2.481667649156804600e-12
2.292870754372344777e-12
2.086406568346799162e-12
1.863576133687150360e-12
1.625789780579367516e-12
1.374554333202770984e-12
1.111459231942224513e-12
8.381633061216309244e-13
5.563800830644949347e-13
2.678644253021472688e-13
-2.560168094504437081e-14
-3.222236388301935595e-13
-6.202066854879562108e-13
-9.177702001150755962e-13
-1.213158913604406308e-12
-1.504655774975383054e-12
-1.790593064446288629e-12
-2.069361609152720050e-12
-2.339420540967140916e-12
-2.599307921680171773e-12
-2.847644429287976564e-12
-3.083142465290511502e-12
-3.304611358861953008e-12
-3.510960402616780662e-12
-3.701204273620639640e-12
-3.874464117592513190e-12
-4.029969934149502109e-12
-4.167062528370735208e-12
-4.285188957148244882e-12
-4.383907733357395031e-12
-4.462883188005584145e-12
-4.521884602870507308e-12
-4.560785343138418213e-12
-4.579555484829356260e-12
-4.578264850563229516e-12
-4.557072167538089857e-12
-4.516225501211001969e-12
-4.456058352170222392e-12
-4.376981849879557629e-12
-4.279485620040102134e-12
-4.164127809930251445e-12
-4.031535522086571177e-12
-3.882397441729024123e-12
-3.717462969399232264e-12
-3.537534631545269370e-12
-3.343465912117316030e-12
-3.136158867322880184e-12
-2.916558704615934694e-12
-2.685650530090399890e-12
-2.444457180075798597e-12
-2.194034450647697199e-12
-1.935469146063795165e-12
-1.669875175636104103e-12
-1.398391385326602787e-12
-1.122176787257678221e-12
-8.424089334088669112e-13
-5.602795245980562999e-13
-2.769916186608906150e-13
6.244785979016113930e-15
2.882155777060579904e-13
5.677072310514286180e-13
8.435110791273070507e-13
1.114427018548969084e-12
1.379268986349824200e-12
1.636869025739562389e-12
1.886083737107080438e-12
2.125798018517977006e-12
2.354931570927587536e-12
2.572444210771629436e-12
2.777341507817499000e-12
2.968680856696437331e-12
3.145576897914392767e-12
3.307207372543752300e-12
3.452818543234204007e-12
3.581732133106640958e-12
3.693348578359678669e-12
3.787153316642255518e-12
3.862720039660150206e-12
3.919716547867713174e-12
3.957908653595687554e-12
3.977160181051209165e-12
3.977438604169103442e-12
3.958816347654492418e-12
3.921471654344532709e-12
3.865686850484939541e-12
3.791852682538676689e-12
3.700461811972921566e-12
3.592110983663410195e-12
3.467495604883574778e-12
3.327407360059764230e-12
3.172729657122119740e-12
3.004431339131974354e-12
2.823561696951859545e-12
2.631243530351601301e-12
2.428665124912243733e-12
2.217072879451276179e-12
1.997762415564818816e-12
1.772069253488939289e-12
1.541360246902490072e-12
1.307021981963862878e-12
1.070453404736215752e-12
8.330537323332498634e-13
5.962128577299830035e-13
3.613012937875997865e-13
1.296605780642251515e-13
-9.740676960769828474e-14
-3.186462866570233254e-13
-5.328608105974186326e-13
-7.389183665981735594e-13
-9.357603667631275712e-13
-1.122408264421503876e-12
-1.297970086445998650e-12
-1.461646233734403832e-12
-1.612733384337428078e-12
-1.750629589208907433e-12
-1.874836006929281318e-12
-1.984959288950371992e-12
-2.080712989058208784e-12
-2.161917346532593598e-12
-2.228498418785362922e-12
-2.280487647679518837e-12
-2.318017089039670076e-12
-2.341317244247687057e-12
-2.350713807636184427e-12
-2.346620944435051648e-12
-2.329536520281894063e-12
-2.300036246530301476e-12
-2.258766958196378738e-12
-2.206438590862669358e-12
-2.143817241784251593e-12
-2.071718014154400045e-12
-1.990995042444598795e-12
-1.902535420872375482e-12
-1.807249987682835179e-12
-1.706064326270628762e-12
-1.599912476807352490e-12
-1.489727395262430143e-12
-1.376434339769860848e-12
-1.260942522271490951e-12
-1.144139904346586079e-12
-1.026884632014668508e-12
-9.100002652459582286e-13
-7.942701943201846415e-13
-6.804323272359413810e-13
-5.691752407929739910e-13
-4.611338437834899828e-13
-3.568870730625423038e-13
-2.569546409415118804e-13
-1.617956934879191677e-13
-7.180755691666221296e-14
1.267497222359314363e-14
9.137948644294402456e-14
1.640955166887225758e-13
2.306734176501373801e-13
2.910226584457858978e-13
3.451097372285383269e-13
3.929559314660296954e-13
4.346339098088708441e-13
4.702650486902715254e-13
5.000155563032737671e-13
5.240928134184197340e-13
5.427413618357135316e-13
5.562388657315286977e-13
5.648917748499182601e-13
5.690313129545765403e-13
5.690088157594974660e-13
5.651916651708277506e-13
5.579590608983941991e-13
5.476980089076655123e-13
5.347993098717140903e-13
5.196536560433950847e-13
5.026482702286116933e-13
4.841633279191459582e-13
4.645691925771189279e-13
4.442231359234188881e-13
4.234670882181934548e-13
4.026251988059614817e-13
3.820019658668655227e-13
3.618805016931958551e-13
3.425210148063490001e-13
3.241598341748724854e-13
3.070086231678897937e-13
2.912537019287425588e-13
2.770558034295017569e-13
2.645499921558047696e-13
2.538459893675071299e-13
2.450283899391170195e-13
2.381572857760444473e-13
2.332692144915021748e-13
2.303778370328635194e-13
2.294752116192150249e-13
2.305327966283660102e-13
2.335029142697814253e-13
2.383200245221345215e-13
2.449020803860224582e-13
2.531521541872250314e-13
2.629598741445832166e-13
2.742029693580949612e-13
2.867488147970109758e-13
3.004559762879305262e-13
3.151756470826799772e-13
3.307532741615715199e-13
3.470297779608472188e-13
3.638431786759377395e-13
3.810298430939607073e-13
3.984255959009475045e-13
4.158672375648847508e-13
4.331933303822893544e-13
4.502454453107068710e-13
4.668692732759383013e-13
4.829150317478547727e-13
4.982389826234390195e-13
5.127033238065681342e-13
5.261776257758921105e-13
5.385390484252683407e-13
5.496727205345219858e-13
5.594724987109667147e-13
5.678410215995133292e-13
5.746903061938646307e-13
5.799416394162981714e-13
5.835261202187524976e-13
5.853845511626099007e-13
5.854673299984791690e-13
5.837348833470645815e-13
5.801575040688400353e-13
5.747149717932886759e-13
5.673967155492287695e-13
5.582015427142705821e-13
5.471375848047077550e-13
5.342216469542138135e-13
5.194794247542766641e-13
5.029447453126778544e-13
4.846594046231667008e-13
4.646727338845912936e-13
4.430413013453010640e-13
4.198283430970062291e-13
3.951032209736915490e-13
3.689411515010732057e-13
3.414226366904582477e-13
3.126327864123867872e-13
2.826610473460888784e-13
2.516005253531267138e-13
2.195475246914713185e-13
1.866010736770520873e-13
1.528624503453063221e-13
1.184345183773485854e-13
8.342143572063684398e-14
4.792796002195572058e-14
1.205921399929010471e-14
-2.407997947903844221e-14
-6.038538538557375324e-14
-9.675387661195467004e-14
-1.330838108985765711e-13
-1.692754009879893218e-13
-2.052311093422506949e-13
-2.408559734035781164e-13
-2.760580121701633471e-13
-3.107484430366069805e-13
-3.448420206070973437e-13
-3.782573212984807753e-13
-4.109167975503702497e-13
-4.427472115060143709e-13
-4.736796350122973731e-13
-5.036495851450106809e-13
-5.325971868391787822e-13
-5.604671999941135407e-13
-5.872088839481426348e-13
-6.127759974786095576e-13
-6.371269072220908658e-13
-6.602244250440703066e-13
-6.820353743580698236e-13
-7.025307527559754295e-13
-7.216854067473854606e-13
-7.394777607090674554e-13
-7.558894916243064088e-13
-7.709053664525788996e-13
-7.845127542385754715e-13
-7.967017887425265066e-13
-8.074642842380297392e-13
-8.167943318232451233e-13
-8.246872694288309713e-13
-8.311397360280525781e-13
-8.361494005862390999e-13
-8.397145825900231841e-13
-8.418342520473409696e-13
-8.425074331762372193e-13
-8.417335296655170662e-13
-8.395118909938770191e-13
-8.358419208501222109e-13
-8.307227518725146531e-13
-8.241534624892077332e-13
-8.161330227081375899e-13
-8.066604025372403619e-13
-7.957346804046694366e-13
-7.833549889486868256e-13
-7.695209486985321590e-13
-7.542328307047485580e-13
-7.374916649593998841e-13
-7.192995656567224838e-13
-6.996600564537769351e-13
-6.785783957310997927e-13
-6.560620102735725823e-13
-6.321205494805304248e-13
-6.067665358870655279e-13
-5.800157446347875556e-13
-5.518873661021495014e-13
-5.224046022156425551e-13
-4.915947748700133513e-13
-4.594901932900019581e-13
-4.261279100848530677e-13
-3.915503717696194874e-13
-3.558056085005423252e-13
-3.189476406508656714e-13
-2.810362890754564136e-13
-2.421379069472706647e-13
-2.023251087068106413e-13
-1.616768920348690686e-13
-1.202787462727464285e-13
-7.822238814797141671e-14
-3.560593118089039333e-14
7.466687756637908208e-15
5.088564321970544257e-14
9.453582936001098114e-14
1.382970344146472463e-13
1.820446598370731306e-13
2.256499430667788242e-13
2.689809366993728412e-13
3.119030099300867942e-13
3.542794855225517292e-13
3.959726155907533629e-13
4.368441643576997935e-13
4.767562213070508648e-13
5.155723395953992760e-13
5.531583220988456340e-13
5.893828719343019440e-13
6.241187037667184079e-13
6.572433569607127879e-13
6.886399545220911467e-13
7.181983415101289570e-13
7.458154645083314715e-13
7.713964016164975845e-13
7.948548503416974498e-13
8.161137781195759722e-13
8.351062896760907961e-13
8.517756270275123054e-13
8.660760368421616118e-13
8.779728788606278034e-13
8.874426801058765690e-13
8.944736769843364410e-13
8.990653273949211766e-13
9.012287444098987521e-13
9.009866962748913632e-13
8.983725222067029392e-13
8.934306744944053857e-13
8.862162306083609664e-13
8.767939174182670659e-13
8.652380027729389411e-13
8.516315907688976061e-13
8.360660796492835889e-13
8.186402402320103189e-13
7.994596195985692599e-13
7.786356737322919219e-13
7.562852796273722422e-13
7.325295426664768517e-13
7.074929834691157104e-13
6.813031584208817382e-13
6.540892502106265827e-13
6.259817967799174987e-13
5.971114987006476138e-13
5.676089481244928070e-13
5.376030566897616048e-13
5.072213807820469267e-13
4.765886036511846058e-13
4.458265896213620127e-13
4.150533540990541947e-13
3.843826298921548812e-13
3.539235690543790502e-13
3.237800381538508132e-13
2.940504556427775418e-13
2.648273852816351859e-13
2.361972108785165281e-13
2.082399601062781547e-13
1.810291689772688950e-13
1.546316514503681683e-13
1.291074858784588275e-13
1.045099404695278011e-13
8.088549361545682714e-14
5.827394908850327959e-14
3.670833439734649817e-14
1.621516675543322600e-14
-3.185428546168011556e-15
-2.147965101140583699e-14
-3.865968146738590905e-14
-5.472362404261403579e-14
-6.967522939898065926e-14
-8.352354723649424439e-14
-9.628287208317265478e-14
-1.079722587921973231e-13
-1.186154852724635722e-13
-1.282406391365023546e-13
-1.368799008600457556e-13
-1.445693201653289184e-13
-1.513484433265932516e-13
-1.572602047498691813e-13
-1.623504797395800003e-13
-1.666680167359060882e-13
-1.702639900813887608e-13
-1.731919051532401777e-13
-1.755072053400558163e-13
-1.772671907266515356e-13
-1.785305302030859576e-13
-1.793571801494975304e-13
-1.798078829925997546e-13
-1.799442214157898068e-13
-1.798280898105894532e-13
-1.795214774362105525e-13
-1.790861973690119346e-13
-1.785835070317390305e-13
-1.780738642480350631e-13
-1.776167917171694866e-13
-1.772702942553702754e-13
-1.770906284028622713e-13
-1.771321668985956221e-13
-1.774468430266323837e-13
-1.780840557484564268e-13
-1.790903173372673796e-13
-1.805088874597474136e-13
-1.823795698881539029e-13
-1.847385498699935513e-13
-1.876180011047348661e-13
-1.910459502185365976e-13
-1.950460192662317738e-13
-1.996372495484746712e-13
-2.048338441137248500e-13
-2.106452490734100902e-13
-2.170758012362203337e-13
-2.241248365283249333e-13
-2.317864324953566868e-13
-2.400493540923032132e-13
-2.488971756562513571e-13
-2.583081047235341599e-13
-2.682550091347851717e-13
-2.787054712450470761e-13
-2.896218692389346261e-13
-3.009613229205260199e-13
-3.126758834487430860e-13
-3.247125875474599077e-13
-3.370133219802312619e-13
-3.495152843362159256e-13
-3.621509830301766764e-13
-3.748481559873173552e-13
-3.875303127443691098e-13
-4.001166260293731458e-13
-4.125222299172781604e-13
-4.246583824602662149e-13
-4.364326283180786081e-13
-4.477492053338305578e-13
-4.585092613744456980e-13
-4.686109356458190156e-13
-4.779501989495005265e-13
-4.864207994725866513e-13
-4.939148048888064579e-13
-5.003229276191734076e-13
-5.055352295633974702e-13
-5.094415557807541184e-13
-5.119319681709533221e-13
-5.128976670459861609e-13
-5.122313163907765698e-13
-5.098281822754624493e-13
-5.055864039059387860e-13
-4.994080236159215147e-13
-4.911999626489027548e-13
-4.808746174693456776e-13
-4.683508897547483674e-13
-4.535552163877076826e-13
-4.364224639227115565e-13
-4.168968772630399222e-13
-3.949331638629371977e-13
-3.704972255640787138e-13
-3.435675680583949454e-13
-3.141359514093750027e-13
-2.822084471491848046e-13
-2.478064411656766275e-13
-2.109674875115999382e-13
-1.717461351087579136e-13
-1.302147273471096489e-13
-8.646420846013594397e-14
-4.060466901405733464e-14
7.234101826684297132e-15
5.690201998823085638e-14
1.082284828706099600e-13
1.610219661600520435e-13
2.150701085322850870e-13
2.701393796156192906e-13
3.259754391329167111e-13
3.823034824910337415e-13
4.388284982788370758e-13
4.952359594460886694e-13
5.511925009298035416e-13
6.063470580665308862e-13
6.603318152692549958e-13
7.127633986497849961e-13
7.632446649523394466e-13
8.113658941759360754e-13
8.567073916596057437e-13
8.988407349148908043e-13
9.373319178121453099e-13
9.717427600433592438e-13
1.001634213938784601e-12
1.026569346022909723e-12
1.046115559628912894e-12
1.059848498026483288e-12
1.067354754927252181e-12
1.068236211293482896e-12
1.062112203742415772e-12
1.048624403456044352e-12
1.027440394048284578e-12
9.982572494321440004e-13
9.608052201071082266e-13
9.148525036486998552e-13
8.602080094240183161e-13
7.967257496105384362e-13
7.243092302149090056e-13
6.429137821076236214e-13
5.525508978317106301e-13
4.532912402637617744e-13
3.452678139052867134e-13
2.286785398628726762e-13
1.037888172758169580e-13
-2.906656577754407333e-14
-1.694816297937232208e-13
-3.169782145096000647e-13
-4.710052877235360036e-13
-6.309386606923039764e-13
-7.960815166796475495e-13
-9.656655900261434944e-13
-1.138852250351374273e-12
-1.314735755160445496e-12
-1.492345743508982636e-12
-1.670650488609648487e-12
-1.848562318843005592e-12
-2.024941629305554436e-12
-2.198604145964289103e-12
-2.368325804566473458e-12
-2.532850448475065797e-12
-2.690898502286098726e-12
-2.841174127563017571e-12
-2.982375197496667241e-12
-3.113201536841803119e-12
-3.232365980779250414e-12
-3.338604349575891028e-12
-3.430685423244650423e-12
-3.507423084608829456e-12
-3.567684776079049769e-12
-3.610405811121930597e-12
-3.634597180515730663e-12
-3.639358345935983508e-12
-3.623886130413311868e-12
-3.587485994036021530e-12
-3.529580924407915710e-12
-3.449721628148716412e-12
-3.347591951904926866e-12
-3.223018857009818383e-12
-3.075978057334727289e-12
-2.906599440299917347e-12
-2.715172054204573193e-12
-2.502145192428972820e-12
-2.268132730243177519e-12
-2.013913341647466382e-12
-1.740427680446687830e-12
-1.448778271830042375e-12
-1.140225067142175419e-12
-8.161801312925320850e-13
-4.782014085928654179e-13
-1.279842117701823767e-13
2.326475871759076108e-13
6.017528055707321855e-13
9.772848762884533969e-13
1.357105183438789275e-12
1.738997292520527704e-12
2.120681885306452408e-12
2.499834323918537216e-12
2.874100046498795358e-12
3.241113974428166955e-12
3.598516450098454555e-12
3.943973619913165862e-12
4.275194781522273502e-12
4.589949947897409288e-12
4.886091097694444940e-12
5.161567354083906878e-12
5.414441898304866996e-12
5.642910184261440421e-12
5.845313816310593324e-12
6.020157029135164706e-12
6.166119264489067220e-12
6.282064712176405052e-12
6.367057488881888716e-12
6.420363806575180021e-12
6.441465850298699891e-12
6.430061778167628361e-12
6.386074828668153458e-12
6.309648983848781256e-12
6.201150704043811857e-12
6.061169361554208379e-12
5.890509868072824062e-12
5.690186603152236344e-12
5.461418643715187926e-12
5.205616753628516946e-12
4.924374710085777096e-12
4.619453691095953829e-12
4.292770566100001517e-12
3.946380982416952676e-12
3.582463969573068674e-12
3.203302640503169485e-12
2.811267494837177416e-12
2.408795385377970888e-12
1.998371737185755670e-12
1.582510272997439404e-12
1.163732196544919884e-12
7.445481405889131654e-13
3.274374044473504775e-13
-8.517038257386394529e-14
-4.909133538046062117e-13
-8.875148337604554794e-13
-1.272799899330878670e-12
-1.644710084271194805e-12
-2.001318381850136774e-12
-2.340841279493965921e-12
-2.661649546598088278e-12
-2.962278209187041433e-12
-3.241434681430788167e-12
-3.498005054017316873e-12
-3.731058430961331496e-12
-3.939849748529899998e-12
-4.123820642604192344e-12
-4.282599448679480503e-12
-4.416000551343834957e-12
-4.524017445384220792e-12
-4.606819266339545749e-12
-4.664745586330232285e-12
-4.698295138355623735e-12
-4.708120178442687376e-12
-4.695011740496468633e-12
-4.659892697406187168e-12
-4.603805617980905041e-12
-4.527896287076504933e-12
-4.433401562531358309e-12
-4.321638966825469552e-12
-4.193988906164847208e-12
-4.051882527417172142e-12
-3.896785671919644756e-12
-3.730188033457260133e-12
-3.553586461549351760e-12
-3.368473685746997681e-12
-3.176325522047385164e-12
-2.978588946669913362e-12
-2.776669302470557987e-12
-2.571922709526663908e-12
-2.365644572593916806e-12
-2.159062642212439265e-12
-1.953327907408541897e-12
-1.749510258886033398e-12
-1.548592309073837381e-12
-1.351465272157736930e-12
-1.158927120936681376e-12
-9.716795510567033389e-13
-7.903280894311359717e-13
-6.153823652911560860e-13
-4.472574383334454451e-13
-2.862763737003504172e-13
-1.326733861661821834e-13
1.340194163870593591e-14
1.518798785739641777e-13
2.827648325990500533e-13
4.061292860173260078e-13
5.221071513496211569e-13
6.308866189880246722e-13
7.327029608039659081e-13
8.278308594178440671e-13
9.165768187838208014e-13
9.992714121442869413e-13
1.076261367354003351e-12
1.147902844826631519e-12
1.214553522858874413e-12
1.276566309257876064e-12
1.334282077186665916e-12
1.388024352573513642e-12
1.438093893101066723e-12
1.484763267195488012e-12
1.528273384579503791e-12
1.568828508942410327e-12
1.606595282158118643e-12
1.641698821157333565e-12
1.674222717927553727e-12
1.704207738470464584e-12
1.731651389121069418e-12
1.756509651271165318e-12
1.778697740310863917e-12
1.798092382453153615e-12
1.814535067340417029e-12
1.827834541709427718e-12
1.837771471460691863e-12
1.844102127945834724e-12
1.846564134239114807e-12
1.844880368265244819e-12
1.838764817491123083e-12
1.827928867298433957e-12
1.812085854632772275e-12
1.790958006897547250e-12
1.764281320863758662e-12
1.731812067883031769e-12
1.693331998058045240e-12
1.648653002311872839e-12
1.597623726021235591e-12
1.540132496362367487e-12
1.476112309641008924e-12
1.405545059680879394e-12
1.328464031488674202e-12
1.244956611759495679e-12
1.155166674121632653e-12
1.059295121237646686e-12
9.576019447884998037e-13
8.504050870612733792e-13
7.380799530581905188e-13
6.210582720843349502e-13
4.998258751331974281e-13
3.749200928014617684e-13
2.469262045268899586e-13
1.164732373049037761e-13
-1.577037281417104780e-14
-1.491020848454205350e-13
-2.827906908208638326e-13
-4.160824245910688113e-13
-5.482073128781905780e-13
-6.783860040555922399e-13
-8.058363004659341300e-13
-9.297806665212182686e-13
-1.049452950756257774e-12
-1.164105162092254897e-12
-1.273015330302551540e-12
-1.375493252284143431e-12
-1.470887864632453024e-12
-1.558592881492626425e-12
-1.638052649251264814e-12
-1.708768218068590361e-12
-1.770301136586049928e-12
-1.822278656096742999e-12
-1.864396007369983899e-12
-1.896422038502598717e-12
-1.918198672817839068e-12
-1.929644161471899544e-12
-1.930753733975221209e-12
-1.921599598192491598e-12
-1.902330723502210219e-12
-1.873170455551909086e-12
-1.834416733098587216e-12
-1.786436124896761957e-12
-1.729664154959120737e-12
-1.664598580503051650e-12
-1.591795488822822513e-12
-1.511865502581977161e-12
-1.425466190398128052e-12
-1.333297838454483575e-12
-1.236096186345292391e-12
-1.134625921862808529e-12
-1.029673633683170220e-12
-9.220415229937994894e-13
-8.125395972377602583e-13
-7.019789480602889320e-13
-5.911645955744559977e-13
-4.808889289380224863e-13
-3.719246590393188168e-13
-2.650187469650788774e-13
-1.608860885227852977e-13
-6.020388316563610176e-14
3.639332623239441289e-14
1.283187152454484670e-13
2.150371081286600594e-13
2.960688335121308690e-13
3.709924349063614679e-13
4.394474964041633624e-13
5.011360250384289117e-13
5.558241041904443680e-13
6.033418664848355650e-13
6.435840901007627846e-13
6.765089248343680861e-13
7.021369163168200700e-13
7.205487291897516577e-13
7.318835750121099881e-13
7.363355259727699664e-13
7.341508043851030507e-13
7.256237169288304312e-13
7.110927515222020823e-13
