6.909360778829809480e-13
6.655672107197529996e-13
6.354298055614993057e-13
6.009931051084715925e-13
5.627466808516556895e-13
5.211953915326694720e-13
0.000000000000000000e+00
0.000000000000000000e+00
0.000000000000000000e+00
0.000000000000000000e+00
0.000000000000000000e+00
0.000000000000000000e+00
0.000000000000000000e+00
0.000000000000000000e+00
0.000000000000000000e+00
0.000000000000000000e+00
0.000000000000000000e+00
0.000000000000000000e+00
0.000000000000000000e+00
0.000000000000000000e+00
0.000000000000000000e+00
0.000000000000000000e+00
0.000000000000000000e+00
0.000000000000000000e+00
0.000000000000000000e+00
0.000000000000000000e+00
0.000000000000000000e+00
0.000000000000000000e+00
0.000000000000000000e+00
0.000000000000000000e+00
0.000000000000000000e+00
0.000000000000000000e+00
0.000000000000000000e+00
0.000000000000000000e+00
0.000000000000000000e+00
0.000000000000000000e+00
0.000000000000000000e+00
0.000000000000000000e+00
0.000000000000000000e+00
0.000000000000000000e+00
0.000000000000000000e+00
0.000000000000000000e+00
0.000000000000000000e+00
0.000000000000000000e+00
0.000000000000000000e+00
0.000000000000000000e+00
0.000000000000000000e+00
0.000000000000000000e+00
0.000000000000000000e+00
0.000000000000000000e+00
0.000000000000000000e+00
0.000000000000000000e+00
0.000000000000000000e+00
0.000000000000000000e+00
0.000000000000000000e+00
0.000000000000000000e+00
0.000000000000000000e+00
0.000000000000000000e+00
0.000000000000000000e+00
0.000000000000000000e+00
0.000000000000000000e+00
0.000000000000000000e+00
0.000000000000000000e+00
0.000000000000000000e+00
0.000000000000000000e+00
0.000000000000000000e+00
0.000000000000000000e+00
0.000000000000000000e+00
0.000000000000000000e+00
0.000000000000000000e+00
0.000000000000000000e+00
0.000000000000000000e+00
0.000000000000000000e+00
0.000000000000000000e+00
0.000000000000000000e+00
0.000000000000000000e+00
0.000000000000000000e+00
0.000000000000000000e+00
0.000000000000000000e+00
0.000000000000000000e+00
0.000000000000000000e+00
0.000000000000000000e+00
0.000000000000000000e+00
0.000000000000000000e+00
0.000000000000000000e+00
0.000000000000000000e+00
0.000000000000000000e+00
0.000000000000000000e+00
0.000000000000000000e+00
0.000000000000000000e+00
0.000000000000000000e+00
0.000000000000000000e+00
0.000000000000000000e+00
0.000000000000000000e+00
0.000000000000000000e+00
0.000000000000000000e+00
0.000000000000000000e+00
0.000000000000000000e+00
0.000000000000000000e+00
0.000000000000000000e+00
0.000000000000000000e+00
0.000000000000000000e+00
0.000000000000000000e+00
0.000000000000000000e+00
0.000000000000000000e+00
0.000000000000000000e+00
0.000000000000000000e+00
0.000000000000000000e+00
0.000000000000000000e+00
0.000000000000000000e+00
0.000000000000000000e+00
0.000000000000000000e+00
0.000000000000000000e+00
0.000000000000000000e+00
0.000000000000000000e+00
0.000000000000000000e+00
0.000000000000000000e+00
0.000000000000000000e+00
0.000000000000000000e+00
0.000000000000000000e+00
0.000000000000000000e+00
0.000000000000000000e+00
0.000000000000000000e+00
0.000000000000000000e+00
0.000000000000000000e+00
0.000000000000000000e+00
0.000000000000000000e+00
0.000000000000000000e+00
0.000000000000000000e+00
0.000000000000000000e+00
0.000000000000000000e+00
0.000000000000000000e+00
0.000000000000000000e+00
0.000000000000000000e+00
0.000000000000000000e+00
0.000000000000000000e+00
0.000000000000000000e+00
0.000000000000000000e+00
0.000000000000000000e+00
0.000000000000000000e+00
0.000000000000000000e+00
0.000000000000000000e+00
0.000000000000000000e+00
0.000000000000000000e+00
0.000000000000000000e+00
0.000000000000000000e+00
0.000000000000000000e+00
0.000000000000000000e+00
0.000000000000000000e+00
0.000000000000000000e+00
0.000000000000000000e+00
0.000000000000000000e+00
0.000000000000000000e+00
0.000000000000000000e+00
0.000000000000000000e+00
0.000000000000000000e+00
0.000000000000000000e+00
0.000000000000000000e+00
0.000000000000000000e+00
0.000000000000000000e+00
0.000000000000000000e+00
0.000000000000000000e+00
0.000000000000000000e+00
0.000000000000000000e+00
0.000000000000000000e+00
0.000000000000000000e+00
0.000000000000000000e+00
0.000000000000000000e+00
0.000000000000000000e+00
0.000000000000000000e+00
0.000000000000000000e+00
0.000000000000000000e+00
0.000000000000000000e+00
0.000000000000000000e+00
0.000000000000000000e+00
0.000000000000000000e+00
0.000000000000000000e+00
0.000000000000000000e+00
0.000000000000000000e+00
0.000000000000000000e+00
0.000000000000000000e+00
0.000000000000000000e+00
0.000000000000000000e+00
0.000000000000000000e+00
0.000000000000000000e+00
0.000000000000000000e+00
0.000000000000000000e+00
0.000000000000000000e+00
0.000000000000000000e+00
0.000000000000000000e+00
0.000000000000000000e+00
0.000000000000000000e+00
0.000000000000000000e+00
0.000000000000000000e+00
0.000000000000000000e+00
0.000000000000000000e+00
0.000000000000000000e+00
0.000000000000000000e+00
0.000000000000000000e+00
0.000000000000000000e+00
0.000000000000000000e+00
0.000000000000000000e+00
0.000000000000000000e+00
0.000000000000000000e+00
0.000000000000000000e+00
0.000000000000000000e+00
0.000000000000000000e+00
0.000000000000000000e+00
0.000000000000000000e+00
0.000000000000000000e+00
0.000000000000000000e+00
0.000000000000000000e+00
0.000000000000000000e+00
0.000000000000000000e+00
0.000000000000000000e+00
0.000000000000000000e+00
0.000000000000000000e+00
0.000000000000000000e+00
0.000000000000000000e+00
0.000000000000000000e+00
0.000000000000000000e+00
0.000000000000000000e+00
0.000000000000000000e+00
0.000000000000000000e+00
0.000000000000000000e+00
0.000000000000000000e+00
0.000000000000000000e+00
0.000000000000000000e+00
0.000000000000000000e+00
0.000000000000000000e+00
0.000000000000000000e+00
0.000000000000000000e+00
0.000000000000000000e+00
0.000000000000000000e+00
0.000000000000000000e+00
0.000000000000000000e+00
0.000000000000000000e+00
0.000000000000000000e+00
0.000000000000000000e+00
0.000000000000000000e+00
0.000000000000000000e+00
0.000000000000000000e+00
0.000000000000000000e+00
0.000000000000000000e+00
0.000000000000000000e+00
0.000000000000000000e+00
0.000000000000000000e+00
0.000000000000000000e+00
0.000000000000000000e+00
0.000000000000000000e+00
0.000000000000000000e+00
0.000000000000000000e+00
0.000000000000000000e+00
0.000000000000000000e+00
0.000000000000000000e+00
0.000000000000000000e+00
0.000000000000000000e+00
0.000000000000000000e+00
0.000000000000000000e+00
0.000000000000000000e+00
0.000000000000000000e+00
0.000000000000000000e+00
0.000000000000000000e+00
0.000000000000000000e+00
0.000000000000000000e+00
0.000000000000000000e+00
0.000000000000000000e+00
0.000000000000000000e+00
0.000000000000000000e+00
0.000000000000000000e+00
0.000000000000000000e+00
0.000000000000000000e+00
0.000000000000000000e+00
0.000000000000000000e+00
0.000000000000000000e+00
0.000000000000000000e+00
0.000000000000000000e+00
0.000000000000000000e+00
0.000000000000000000e+00
0.000000000000000000e+00
0.000000000000000000e+00
0.000000000000000000e+00
0.000000000000000000e+00
0.000000000000000000e+00
0.000000000000000000e+00
0.000000000000000000e+00
0.000000000000000000e+00
0.000000000000000000e+00
0.000000000000000000e+00
0.000000000000000000e+00
0.000000000000000000e+00
0.000000000000000000e+00
0.000000000000000000e+00
0.000000000000000000e+00
0.000000000000000000e+00
0.000000000000000000e+00
0.000000000000000000e+00
0.000000000000000000e+00
0.000000000000000000e+00
0.000000000000000000e+00
0.000000000000000000e+00
0.000000000000000000e+00
0.000000000000000000e+00
0.000000000000000000e+00
0.000000000000000000e+00
0.000000000000000000e+00
0.000000000000000000e+00
0.000000000000000000e+00
0.000000000000000000e+00
0.000000000000000000e+00
0.000000000000000000e+00
0.000000000000000000e+00
0.000000000000000000e+00
0.000000000000000000e+00
0.000000000000000000e+00
0.000000000000000000e+00
0.000000000000000000e+00
0.000000000000000000e+00
0.000000000000000000e+00
0.000000000000000000e+00
0.000000000000000000e+00
0.000000000000000000e+00
0.000000000000000000e+00
0.000000000000000000e+00
0.000000000000000000e+00
0.000000000000000000e+00
0.000000000000000000e+00
0.000000000000000000e+00
0.000000000000000000e+00
0.000000000000000000e+00
0.000000000000000000e+00
0.000000000000000000e+00
0.000000000000000000e+00
0.000000000000000000e+00
0.000000000000000000e+00
0.000000000000000000e+00
0.000000000000000000e+00
0.000000000000000000e+00
0.000000000000000000e+00
0.000000000000000000e+00
0.000000000000000000e+00
0.000000000000000000e+00
0.000000000000000000e+00
0.000000000000000000e+00
0.000000000000000000e+00
0.000000000000000000e+00
0.000000000000000000e+00
0.000000000000000000e+00
0.000000000000000000e+00
0.000000000000000000e+00
0.000000000000000000e+00
0.000000000000000000e+00
0.000000000000000000e+00
0.000000000000000000e+00
0.000000000000000000e+00
0.000000000000000000e+00
0.000000000000000000e+00
0.000000000000000000e+00
0.000000000000000000e+00
0.000000000000000000e+00
0.000000000000000000e+00
0.000000000000000000e+00
0.000000000000000000e+00
0.000000000000000000e+00
0.000000000000000000e+00
0.000000000000000000e+00
0.000000000000000000e+00
0.000000000000000000e+00
0.000000000000000000e+00
0.000000000000000000e+00
0.000000000000000000e+00
0.000000000000000000e+00
0.000000000000000000e+00
0.000000000000000000e+00
0.000000000000000000e+00
0.000000000000000000e+00
0.000000000000000000e+00
0.000000000000000000e+00
0.000000000000000000e+00
0.000000000000000000e+00
0.000000000000000000e+00
0.000000000000000000e+00
0.000000000000000000e+00
0.000000000000000000e+00
0.000000000000000000e+00
0.000000000000000000e+00
0.000000000000000000e+00
0.000000000000000000e+00
0.000000000000000000e+00
0.000000000000000000e+00
0.000000000000000000e+00
0.000000000000000000e+00
0.000000000000000000e+00
0.000000000000000000e+00
0.000000000000000000e+00
0.000000000000000000e+00
0.000000000000000000e+00
0.000000000000000000e+00
0.000000000000000000e+00
0.000000000000000000e+00
0.000000000000000000e+00
0.000000000000000000e+00
0.000000000000000000e+00
0.000000000000000000e+00
0.000000000000000000e+00
0.000000000000000000e+00
0.000000000000000000e+00
0.000000000000000000e+00
0.000000000000000000e+00
0.000000000000000000e+00
0.000000000000000000e+00
0.000000000000000000e+00
0.000000000000000000e+00
0.000000000000000000e+00
0.000000000000000000e+00
0.000000000000000000e+00
0.000000000000000000e+00
0.000000000000000000e+00
0.000000000000000000e+00
0.000000000000000000e+00
0.000000000000000000e+00
0.000000000000000000e+00
0.000000000000000000e+00
0.000000000000000000e+00
0.000000000000000000e+00
0.000000000000000000e+00
0.000000000000000000e+00
0.000000000000000000e+00
0.000000000000000000e+00
0.000000000000000000e+00
0.000000000000000000e+00
0.000000000000000000e+00
0.000000000000000000e+00
0.000000000000000000e+00
0.000000000000000000e+00
0.000000000000000000e+00
0.000000000000000000e+00
0.000000000000000000e+00
0.000000000000000000e+00
0.000000000000000000e+00
0.000000000000000000e+00
0.000000000000000000e+00
0.000000000000000000e+00
0.000000000000000000e+00
0.000000000000000000e+00
0.000000000000000000e+00
0.000000000000000000e+00
0.000000000000000000e+00
0.000000000000000000e+00
0.000000000000000000e+00
0.000000000000000000e+00
0.000000000000000000e+00
0.000000000000000000e+00
0.000000000000000000e+00
0.000000000000000000e+00
0.000000000000000000e+00
0.000000000000000000e+00
0.000000000000000000e+00
0.000000000000000000e+00
0.000000000000000000e+00
0.000000000000000000e+00
0.000000000000000000e+00
0.000000000000000000e+00
0.000000000000000000e+00
0.000000000000000000e+00
0.000000000000000000e+00
0.000000000000000000e+00
0.000000000000000000e+00
0.000000000000000000e+00
0.000000000000000000e+00
0.000000000000000000e+00
0.000000000000000000e+00
0.000000000000000000e+00
0.000000000000000000e+00
0.000000000000000000e+00
0.000000000000000000e+00
0.000000000000000000e+00
0.000000000000000000e+00
0.000000000000000000e+00
0.000000000000000000e+00
0.000000000000000000e+00
0.000000000000000000e+00
0.000000000000000000e+00
0.000000000000000000e+00
0.000000000000000000e+00
0.000000000000000000e+00
0.000000000000000000e+00
0.000000000000000000e+00
0.000000000000000000e+00
0.000000000000000000e+00
0.000000000000000000e+00
0.000000000000000000e+00
0.000000000000000000e+00
0.000000000000000000e+00
0.000000000000000000e+00
0.000000000000000000e+00
0.000000000000000000e+00
0.000000000000000000e+00
0.000000000000000000e+00
0.000000000000000000e+00
0.000000000000000000e+00
0.000000000000000000e+00
0.000000000000000000e+00
0.000000000000000000e+00
0.000000000000000000e+00
0.000000000000000000e+00
0.000000000000000000e+00
0.000000000000000000e+00
0.000000000000000000e+00
0.000000000000000000e+00
0.000000000000000000e+00
0.000000000000000000e+00
0.000000000000000000e+00
0.000000000000000000e+00
0.000000000000000000e+00
0.000000000000000000e+00
0.000000000000000000e+00
0.000000000000000000e+00
0.000000000000000000e+00
0.000000000000000000e+00
0.000000000000000000e+00
0.000000000000000000e+00
0.000000000000000000e+00
0.000000000000000000e+00
0.000000000000000000e+00
0.000000000000000000e+00
0.000000000000000000e+00
0.000000000000000000e+00
0.000000000000000000e+00
0.000000000000000000e+00
0.000000000000000000e+00
0.000000000000000000e+00
0.000000000000000000e+00
0.000000000000000000e+00
0.000000000000000000e+00
0.000000000000000000e+00
0.000000000000000000e+00
0.000000000000000000e+00
0.000000000000000000e+00
0.000000000000000000e+00
0.000000000000000000e+00
0.000000000000000000e+00
0.000000000000000000e+00
0.000000000000000000e+00
0.000000000000000000e+00
0.000000000000000000e+00
0.000000000000000000e+00
0.000000000000000000e+00
0.000000000000000000e+00
0.000000000000000000e+00
-0.000000000000000000e+00
-0.000000000000000000e+00
-0.000000000000000000e+00
0.000000000000000000e+00
0.000000000000000000e+00
0.000000000000000000e+00
-0.000000000000000000e+00
-0.000000000000000000e+00
-0.000000000000000000e+00
-0.000000000000000000e+00
0.000000000000000000e+00
1.401298464324817071e-45
0.000000000000000000e+00
-1.401298464324817071e-45
-5.605193857299268284e-45
-5.605193857299268284e-45
2.802596928649634142e-45
2.802596928649634142e-44
5.605193857299268284e-44
2.802596928649634142e-45
-3.601337053314779872e-43
-7.034518290910581696e-43
5.913479519450728039e-43
1.325628347251276949e-42
3.727453915104013409e-43
-3.012791698298356702e-42
-1.368227820566751388e-41
-3.799200396477444043e-41
-7.963439042911502932e-41
-1.139591963127514235e-40
-1.229022831120724060e-40
-8.469307788532761895e-41
4.175869423687954871e-41
2.449161429977628780e-40
4.872454890303821437e-40
6.834104584542846359e-40
7.070559687413015991e-40
3.992481493661766061e-40
-3.336561708480605687e-40
-1.450268240459112128e-39
-2.672748409049903618e-39
-3.480718886699556918e-39
-3.168609081038954737e-39
-1.053018342703062711e-39
3.152819249942942698e-39
8.913747813373413852e-39
1.458071370957704872e-38
1.729185909784791665e-38
1.357449313038857760e-38
5.271264433250664376e-40
-2.235376813922998903e-38
-5.121869761891452708e-38
-7.660443562722562226e-38
-8.388664182949640132e-38
-5.655567173975431078e-38
1.735711476473459473e-38
1.364576597288106645e-37
2.772243458665832852e-37
3.893611591316741414e-37
4.003573835993729875e-37
2.333571570667911854e-37
-1.605100958794798400e-37
-7.603477753343075471e-37
-1.436599257773274128e-36
-1.934715437349727044e-36
-1.904016373533460110e-36
-9.894051433516136053e-37
1.012476390317562544e-36
3.958708608796482497e-36
7.187518738636643125e-36
9.458427605096263538e-36
9.106824646083188170e-36
4.488098272455698375e-36
-5.289674714895739252e-36
-1.947118717936880925e-35
-3.487700922439342835e-35
-4.565606857241191970e-35
-4.402109540557790772e-35
-2.229719211503133887e-35
2.372951304043721361e-35
9.073343002606574790e-35
1.642859425272209272e-34
2.176356158860462088e-34
2.148549518567524324e-34
1.198550800076453177e-34
-8.870087516763049754e-35
-3.989658132404575939e-34
-7.492883845469427189e-34
-1.021359858122622850e-33
-1.052121994270665166e-33
-6.714704748515149699e-34
2.332106405279530443e-34
1.634782034207633155e-33
3.288212918949077270e-33
4.690346621371732761e-33
5.117213803219415087e-33
3.772344675439051964e-33
5.643316493670003398e-35
-6.072477818047208502e-33
-1.373333576548730962e-32
-2.088994373796509723e-32
-2.442421590987409594e-32
-2.067321196703223797e-32
-6.506109969883873093e-33
1.914320615241721089e-32
5.359622999283239468e-32
8.915148990675868249e-32
1.129331864819450702e-31
1.086006081784018240e-31
6.039191564920164566e-32
-4.061368246921528009e-32
-1.890228770359541995e-31
-3.584926750798785343e-31
-4.988743481951910030e-31
-5.404174000080534000e-31
-4.076495918821130191e-31
-4.355982983815293338e-32
5.586576398893109010e-31
1.323345679280013186e-30
2.070910339482061242e-30
2.521075587202907019e-30
2.333997824179145475e-30
1.196482849475993484e-30
-1.051246854889525297e-30
-4.269606506932407846e-30
-7.894708833455857003e-30
-1.088999934240195314e-29
-1.183476653357026527e-29
-9.196439616652498032e-30
-1.796624625401303569e-30
1.057987496847422944e-29
2.656083991005017552e-29
4.275101651499903036e-29
5.373780286490305642e-29
5.278195781497259506e-29
3.334122674254234459e-29
-8.621693972998737172e-30
-7.188275924295296029e-29
-1.474186585156060868e-28
-2.170447936056583704e-28
-2.543189528598372750e-28
-2.286493881890664407e-28
-1.130094765355111770e-28
1.052899641324182582e-28
4.125990979268717696e-28
7.588943501030699995e-28
1.053978354686033873e-27
1.174460294961021696e-27
9.850509590168674311e-28
3.750549473686140793e-28
-6.933614059608860606e-28
-2.134020704495449087e-27
-3.697130291856412300e-27
-4.959579296332189789e-27
-5.363791161944249585e-27
-4.318510788369554566e-27
-1.362902332590607472e-27
3.623265871071306398e-27
1.020330875591531685e-26
1.722339427742874498e-26
2.278543219375646132e-26
2.442938134238211769e-26
1.957755089309059395e-26
6.242387306250084748e-27
-1.607769861285562163e-26
-4.548287558170166963e-26
-7.699496290218099979e-26
-1.024362879263584361e-25
-1.111778528323387732e-25
-9.197496926914136104e-26
-3.590391941738967343e-26
5.989468331126121999e-26
1.883330469429169689e-25
3.293865290442211045e-25
4.492800992619425825e-25
5.031452968074700158e-25
4.420995421759748988e-25
2.249290438932183513e-25
-1.666286607973604402e-25
-7.114773482043237708e-25
-1.335591802421880826e-24
-1.906355938745986887e-24
-2.240134031797670076e-24
-2.127341910708264587e-24
-1.376586734298727452e-24
1.249205000545808672e-25
2.343114300947936620e-24
5.035418276022406727e-24
7.715076219140505098e-24
9.663001774932792118e-24
1.000620123377552985e-23
7.873257030133611943e-24
2.622234588459571564e-24
-5.884368688546366054e-24
-1.700658840544752356e-23
-2.912652429096193446e-23
-3.960449353391312255e-23
-4.497422869498547841e-23
-4.143629166470872964e-23
-2.566088794037050186e-23
4.160689861268087786e-24
4.716525514935700898e-23
9.880702456769186392e-23
1.502975788168267136e-22
1.888334214150986567e-22
1.989040449746990605e-22
1.648401475630419232e-22
7.453417209993756206e-23
-7.604540871328755880e-23
-2.782740038434010844e-22
-5.072819402161947041e-22
-7.206305711017932828e-22
-8.605409722549725050e-22
-8.606800137226831397e-22
-6.578797531826612930e-22
-2.081896951356193816e-22
4.945841826502676274e-22
1.401032113801897210e-21
2.393331385993720517e-21
3.282477035273633153e-21
3.820380511103041203e-21
3.730316375149928637e-21
2.756566870532677059e-21
7.302307432610688422e-22
-2.356617168376010451e-21
-6.281195577524632176e-21
-1.054167292911318016e-20
-1.434935250196312443e-20
-1.667948151343378997e-20
-1.639343858020383166e-20
-1.243508208110495799e-20
-4.089340629876002296e-21
8.726359643586638275e-21
2.518571579444042322e-20
4.335547627248786503e-20
6.014735902958796710e-20
7.148850929087575102e-20
7.276091986813544584e-20
5.952514472553762988e-20
2.849240422045096309e-20
-2.135410372158256044e-20
-8.765459760283680980e-20
-1.638095493842024329e-19
-2.386194020919802639e-19
-2.966872225992613838e-19
-3.197928844990992481e-19
-2.893376453085453061e-19
-1.897887204097758751e-19
-1.283909922581959104e-20
2.382405016726426926e-19
5.448050362676114953e-19
8.705045073282222067e-19
1.161385568262214893e-18
1.349283573511544757e-18
1.359071498302308164e-18
1.119824602167524002e-18
5.792836302588350795e-19
-2.798074906761687360e-19
-1.423738100447442778e-18
-2.755189934699028778e-18
-4.107295434870298189e-18
-5.247750438502777546e-18
-5.895734779055380071e-18
-5.753126359909400441e-18
-4.549555821177899965e-18
-2.098386401250539011e-18
1.642113058378406100e-18
6.510828764091649109e-18
1.209975729086743590e-17
1.773565892308827147e-17
2.249883785977074732e-17
2.528814051613630982e-17
2.493676908117480962e-17
2.037692106522521861e-17
1.084294816714110373e-17
-3.906364165094429683e-18
-2.337478407815622619e-17
-4.616042034555013416e-17
-6.987186693301544261e-17
-9.116738034028692397e-17
-1.059489721551564205e-16
-1.097300081176914095e-16
-9.817466553724003668e-17
-6.778265355116781040e-17
-1.666387273159718798e-17
5.468077439281789445e-17
1.426806882617371632e-16
2.402434254341451712e-16
3.366564477295534751e-16
4.179575287432182049e-16
4.678556308610381988e-16
4.692334358288657251e-16
4.061934587157176512e-16
2.665293459467286703e-16
4.441855664652576933e-17
-2.569492974341641266e-16
-6.231565277017131997e-16
-1.027138303982811068e-15
-1.428943523226820604e-15
-1.777005454879610445e-15
-2.011150984247353501e-15
-2.067428912054113284e-15
-1.884635813904846253e-15
-1.412201917024339358e-15
-6.188672587359358296e-16
4.986472901969817451e-16
1.907926043580787309e-15
3.535167391298128098e-15
5.262583937555445970e-15
6.929852674228235976e-15
8.340359890083356292e-15
9.272622139523331586e-15
9.496862253847646040e-15
8.796150013066789813e-15
6.991060969062726227e-15
3.966210176178106353e-15
-3.033288776286489604e-16
-5.728081058114413773e-15
-1.208511372571829945e-14
-1.900622671399676555e-14
-2.597536477631865598e-14
-3.233671265327232869e-14
-3.731413574935456279e-14
-4.004173769357570467e-14
-3.960424517631885855e-14
-3.508512450294161422e-14
-2.561926365496347557e-14
-1.044650223123349056e-14
1.103821319016397989e-14
3.924221313026700353e-14
7.434405467545562862e-14
1.162772542096998651e-13
1.647311302123422028e-13
2.191698022071045249e-13
2.788689960377122024e-13
3.429687089884225770e-13
4.105386007275529936e-13
4.806519223431171550e-13
5.524622100940013159e-13
6.252780411497571578e-13
6.986290886079604689e-13
7.723195455562603673e-13
8.464637411137454492e-13
9.215024576736396966e-13
9.981965341104848122e-13
1.077601224398760937e-12
1.161019739549795649e-12
1.249944050173146248e-12
1.345981811250174243e-12
1.450781226923492095e-12
1.565953421621413266e-12
1.693003376379564884e-12
1.833270297721401043e-12
1.987880996964785929e-12
2.157723002008116175e-12
2.343432089005337282e-12
2.545398353898109534e-12
2.763786595416650727e-12
2.998567540102303752e-12
3.249555355702704595e-12
3.516449718216074771e-12
3.798874409488561810e-12
4.096410710641151809e-12
4.408622772400505596e-12
4.735070408684594057e-12
5.075309096602698133e-12
5.428879568114552967e-12
5.795286559667767179e-12
6.173965852451779313e-12
6.564247409523993326e-12
6.965315477169831127e-12
7.376169987305392084e-12
7.795584490433160596e-12
8.222077532704652469e-12
8.653887502430013257e-12
9.088947476587616592e-12
9.524885220824064191e-12
9.959008444304640051e-12
1.038831347333069033e-11
1.080949132287178927e-11
1.121893897226833303e-11
1.161276803884891962e-11
1.198682385988858456e-11
1.233669676831139483e-11
1.265772989894609069e-11
1.294503740312258344e-11
1.319352092854497727e-11
1.339787655818547307e-11
1.355262083113650817e-11
1.365210808984551605e-11
1.369055997041401795e-11
1.366209402553497654e-11
1.356076275577100532e-11
1.338060131444995804e-11
1.311567087575182811e-11
1.276011848266866977e-11
1.230823776232625733e-11
1.175453050866748228e-11
1.109377693875313042e-11
1.032109814280701698e-11
9.432029809963715650e-12
8.422589015122383671e-12
7.289347944694490877e-12
6.029492443521133893e-12
4.640898776386848112e-12
3.122195861224308366e-12
1.472832598069240273e-12
-3.068593285287385397e-13
-2.215600749741475362e-12
-4.251103809249645593e-12
-6.410013578955764402e-12
-8.687853388089639139e-12
-1.107897107388566837e-11
-1.357649843242159093e-11
-1.617231522310635938e-11
-1.885702184678539339e-11
-2.161992980476146187e-11
-2.444904868836861311e-11
-2.733111827135648042e-11
-3.025162759184851780e-11
-3.319485311625847146e-11
-3.614394547546417868e-11
-3.908097803706489515e-11
-4.198707007074808928e-11
-4.484247695391019306e-11
-4.762671507174687235e-11
-5.031871100347196091e-11
-5.289693336130163459e-11
-5.533954891556724931e-11
-5.762460647540379455e-11
-5.973019995275663518e-11
-6.163462795694130136e-11
-6.331659502256670180e-11
-6.475541630690528905e-11
-6.593115636777113764e-11
-6.682485814701877302e-11
-6.741877195404200052e-11
-6.769645261028855998e-11
-6.764303006612237823e-11
-6.724535511759555106e-11
-6.649218675658374877e-11
-6.537435870423990991e-11
-6.388493900555403116e-11
-6.201938962391295718e-11
-5.977565664672113144e-11
-5.715431600217257824e-11
-5.415865672597774960e-11
-5.079475381974951631e-11
-4.707150294547268743e-11
-4.300064471163267399e-11
-3.859676467321548898e-11
-3.387725516779127588e-11
-2.886225806963960139e-11
-2.357457458412870466e-11
-1.803955422541303477e-11
-1.228494302812910277e-11
-6.340739565346975581e-12
-2.389833394112611531e-13
5.986452219358673332e-12
1.230009757241523616e-11
1.866514234838412278e-11
2.504371016120998661e-11
3.139715570865675431e-11
3.768635403744724499e-11
4.387203100808534373e-11
4.991505472839996571e-11
5.577679637602805940e-11
6.141941816251161868e-11
6.680620640020507039e-11
7.190190109973570998e-11
7.667294577018424206e-11
8.108786558880254347e-11
8.511744087336126086e-11
8.873501933237548656e-11
9.191671729302797189e-11
9.464166950134966783e-11
9.689211932784047576e-11
9.865366856764978820e-11
9.991535376840943172e-11
1.006696948024909943e-10
1.009128058893082880e-10
1.006444302897868681e-10
9.986787785631889847e-11
9.859001115497534329e-11
9.682119689324863998e-11
9.457516714217462095e-11
9.186893606960566672e-11
8.872264034565091606e-11
8.515933097585914879e-11
8.120475819550776464e-11
7.688719799725518556e-11
7.223714681980908381e-11
6.728710644221536086e-11
6.207127867252637543e-11
5.662531554762040287e-11
5.098595504127167999e-11
4.519077820286376834e-11
3.927788302937607057e-11
3.328554792902949089e-11
2.725196977804156262e-11
2.121493952733644051e-11
1.521155076900093661e-11
9.277929119422267945e-12
3.448951194084948213e-12
-2.241999337918021418e-12
-7.763267459437450668e-12
-1.308514407938332624e-11
-1.818005641862630029e-11
-2.302274343390919853e-11
-2.759039177679944999e-11
-3.186275895905588129e-11
-3.582226529297294348e-11
-3.945406848449017900e-11
-4.274608098042698145e-11
-4.568901854073992297e-11
-4.827634819681847489e-11
-5.050429519037891168e-11
-5.237174582894965624e-11
-5.388018156637919276e-11
-5.503358879721531594e-11
-5.583829232325143721e-11
-5.630285820901193006e-11
-5.643794112608624403e-11
-5.625609353354654729e-11
-5.577159567504708093e-11
-5.500027516758265733e-11
-5.395932659024715861e-11
-5.266710331741641937e-11
-5.114293710750672517e-11
-4.940691952781683938e-11
-4.747972154328650163e-11
-4.538242004414883013e-11
-4.313630355690101226e-11
-4.076268836361585102e-11
-3.828275543793502322e-11
-3.571741513663795331e-11
-3.308712331895335979e-11
-3.041179114093850444e-11
-2.771060464423769076e-11
-2.500196404076060475e-11
-2.230335360842161663e-11
-1.963126189385988596e-11
-1.700110885405337058e-11
-1.442718340627369145e-11
-1.192259312110532932e-11
-9.499224323805677273e-12
-7.167716507133770065e-12
-4.937448453562476303e-12
-2.816538885799801939e-12
-8.118487978235611191e-13
1.070995722662893002e-12
2.827577581798745854e-12
4.454651057750336207e-12
5.950098053153496380e-12
7.312869927666998393e-12
8.542935456268274663e-12
9.641204501420475026e-12
1.060946643038906956e-11
1.145030945060021565e-11
1.216704254708433908e-11
1.276361568519623901e-11
1.324453480916476522e-11
1.361478291217466108e-11
1.387973330019276474e-11
1.404506979468811423e-11
1.411670867007552843e-11
1.410072319324440215e-11
1.400325948947012122e-11
1.383048103126283124e-11
1.358848884108754262e-11
1.328326684757463738e-11
1.292062724173037580e-11
1.250615323106218923e-11
1.204515393676830470e-11
1.154263056662996334e-11
1.100323651637147293e-11
1.043125308353154423e-11
9.830568650781579265e-12
9.204658736605697555e-12
8.556585127938998170e-12
7.888988941273655797e-12
7.204092357382396727e-12
6.503716835914996608e-12
5.789289186930446363e-12
5.061870627515174803e-12
4.322178899507367333e-12
3.570621662923878503e-12
2.807331407270186041e-12
2.032204049137731339e-12
1.244943492913208605e-12
4.451054867564419038e-13
-3.678550519747858516e-13
-1.194533296063060579e-12
-2.035526044594226924e-12
-2.891379843883434830e-12
-3.762541927326834568e-12
-4.649310884202728644e-12
-5.551787328472723715e-12
-6.469832482258741635e-12
-7.403019169904823116e-12
-8.350596256145870200e-12
-9.311456120042471696e-12
-1.028409562370269370e-11
-1.126659703032384385e-11
-1.225660371806380766e-11
-1.325130283280628873e-11
-1.424742268607559481e-11
-1.524122321405751990e-11
-1.622850465121672414e-11
-1.720461099974368580e-11
-1.816445084623641293e-11
-1.910251991310563113e-11
-2.001293575304430306e-11
-2.088946550460324403e-11
-2.172557099500149747e-11
-2.251445904710713819e-11
-2.324913872531197967e-11
-2.392247684668280527e-11
-2.452725349211259953e-11
-2.505624527304739502e-11
-2.550228257736097959e-11
-2.585833110135826729e-11
-2.611756644288476537e-11
-2.627345736805342113e-11
-2.631981785294890130e-11
-2.625091984065353046e-11
-2.606153834405766645e-11
-2.574703644731002328e-11
-2.530344857254451796e-11
-2.472752384796716996e-11
-2.401680243568904416e-11
-2.316966757343053018e-11
-2.218538894260824179e-11
-2.106417991420972413e-11
-1.980722877381602132e-11
-1.841671086466600826e-11
-1.689582154740243425e-11
-1.524879007785973073e-11
-1.348086052510577559e-11
-1.159829350616536914e-11
-9.608345369338522346e-12
-7.519236101816151319e-12
-5.340110298401867794e-12
-3.080984035605527360e-12
-7.526882762898257084e-13
1.633199109805916205e-12
4.064432818084995347e-12
6.528181207415828524e-12
9.011118240476179153e-12
1.149952442297541566e-11
1.397938362290851444e-11
1.643649626126286734e-11
1.885658643119292321e-11
2.122541552240786444e-11
2.352889584555928337e-11
2.575320338926712083e-11
2.788489578131603253e-11
2.991100422899961586e-11
3.181915841921068022e-11
3.359768713240285365e-11
3.523570671348785766e-11
3.672320086911540216e-11
3.805113168997564799e-11
3.921148475360958230e-11
4.019733851334805763e-11
4.100293368725083099e-11
4.162370101368217945e-11
4.205629941522737170e-11
4.229865416260913946e-11
4.234994299689986974e-11
4.221061000730941259e-11
4.188237257007898506e-11
4.136814849009518014e-11
4.067209416480643824e-11
3.979951437860229646e-11
3.875682760834386897e-11
3.755150357331871191e-11
3.619199037685483233e-11
3.468765899516945694e-11
3.304868878561961765e-11
3.128600503665701638e-11
2.941117488441946648e-11
2.743631190293971400e-11
2.537397375546035505e-11
2.323705464157832523e-11
2.103869509162414886e-11
1.879216227074209655e-11
1.651076844688681433e-11
1.420774088656262535e-11
1.189614726171406289e-11
9.588796770487739707e-12
7.298147329526383231e-12
5.036224909327202681e-12
2.814542002238518137e-12
6.440285045712645928e-13
-1.465033389741465797e-12
-3.503066977120217196e-12
-5.461250809218887170e-12
-7.331563307844124466e-12
-9.106815128390177705e-12
-1.078067496385060053e-11
-1.234769231306387383e-11
-1.380330485328817858e-11
-1.514384104228660988e-11
-1.636651231207153501e-11
-1.746940786473416551e-11
-1.845146431478372762e-11
-1.931244573982748847e-11
-2.005290204720733271e-11
-2.067413774897719492e-11
-2.117815992019878024e-11
-2.156763136140771309e-11
-2.184581855690925778e-11
-2.201653269418013537e-11
-2.208407935688772028e-11
-2.205319607484490518e-11
-2.192899160868844177e-11
-2.171690084706856538e-11
-2.142261021353952799e-11
-2.105201429847269878e-11
-2.061116555207576084e-11
-2.010621356907105195e-11
-1.954336692477909310e-11
-1.892883419452040528e-11
-1.826880313693379776e-11
-1.756937650920775695e-11
-1.683654431150483077e-11
-1.607615776610948899e-11
-1.529388247989427185e-11
-1.449517936236155435e-11
-1.368527166589750266e-11
-1.286913110798426629e-11
-1.205145185034783850e-11
-1.123664182534067635e-11
-1.042880278662172699e-11
-9.631728574432951717e-12
-8.848898176705422003e-12
-8.083466188080201675e-12
-7.338275820334416721e-12
-6.615850662444744401e-12
-5.918408124694352068e-12
-5.247860739715504153e-12
-4.605830907639107963e-12
-3.993659136031224577e-12
-3.412413797712621211e-12
-2.862908044312661993e-12
-2.345710865131467315e-12
-1.861162699651197627e-12
-1.409390291105816484e-12
-9.903204558486811138e-13
-6.036975390075194348e-13
-2.490973193772921812e-13
7.405649715425816071e-14
3.664773562742085211e-13
6.290005408887688887e-13
8.625686970242796292e-13
1.068218105117202388e-12
1.247065276564762737e-12
1.400294376979749345e-12
1.529146058908137373e-12
1.634907378748884366e-12
1.718900846311988140e-12
1.782477377504365634e-12
1.827007295451821278e-12
1.853873608445577581e-12
1.864465829989891965e-12
1.860173256748587356e-12
1.842380631736362240e-12
1.812460554903583265e-12
1.771770447370202284e-12
1.721645829372286940e-12
1.663396200293765226e-12
1.598299509235345806e-12
1.527597384524959079e-12
1.452490363228198245e-12
1.374134313281150099e-12
1.293634578798663615e-12
1.212042944308266978e-12
1.130354056882998393e-12
1.049502390375323113e-12
9.703591012308332431e-13
8.937295890333596393e-13
8.203525207230166760e-13
7.508971743008796551e-13
6.859627340975726906e-13
6.260780739328342115e-13
5.717002392324754823e-13
5.232150975496840939e-13
4.809371759346980912e-13
4.451103927712724007e-13
4.159090064535797548e-13
3.934388622187090512e-13
3.777392352903585770e-13
3.687851619135068537e-13
3.664895806537032952e-13
3.707066663187486011e-13
3.812350825652122133e-13
3.978222373919593213e-13
4.201678610073200648e-13
4.479291286843545272e-13
4.807255396706289208e-13
5.181437418878831469e-13
5.597434950439794665e-13
6.050628748033304305e-13
6.536241274786303013e-13
7.049393078821519776e-13
7.585165676983474103e-13
8.138651428138410360e-13
8.705015874799215680e-13
9.279545448021009335e-13
9.857700593307594517e-13
1.043516510181030643e-12
1.100788731001056675e-12
1.157212021520026557e-12
1.212446484356866083e-12
1.266188542903279313e-12
1.318174627611135019e-12
1.368182802295725420e-12
1.416033631497504164e-12
1.461591589944910563e-12
1.504764845713935095e-12
1.545503525504643427e-12
1.583799606220959166e-12
1.619684312885449895e-12
1.653226383915851194e-12
1.684527517475942204e-12
1.713719552549897163e-12
1.740960132133595462e-12
1.766427715904628215e-12
1.790316918152956571e-12
1.812833086770049285e-12
1.834186448557151294e-12
1.854586579794204049e-12
1.874237093649200325e-12
1.893329026544932070e-12
1.912035633988562466e-12
1.930506969560763508e-12
1.948865981787895052e-12
1.967201792088535406e-12
1.985567092688267365e-12
2.003974677172726260e-12
2.022393320519344506e-12
2.040747128576048119e-12
2.058912719135608249e-12
2.076719005095206683e-12
2.093947194456435845e-12
2.110332308208340280e-12
2.125562746646547652e-12
2.139286577745869167e-12
2.151111103479430575e-12
2.160608497669969097e-12
2.167321010160261352e-12
2.170764869940944308e-12
2.170438525087026171e-12
2.165827196407010824e-12
2.156410900538974218e-12
2.141672039365771774e-12
2.121102989430245778e-12
2.094212607148260297e-12
2.060535986628253546e-12
2.019640531203403810e-12
1.971134843889443822e-12
1.914675449438130173e-12
1.849973733231147222e-12
1.776802229652707510e-12
1.695001127302586674e-12
1.604482280544161643e-12
1.505235281036576556e-12
1.397329409298653236e-12
1.280916887315408648e-12
1.156234721681748123e-12
1.023605354123768851e-12
8.834356857168046417e-13
7.362159384731448153e-13
5.825168906264943658e-13
4.229873558619229312e-13
2.583490062504911755e-13
8.939098511970625105e-14
-8.303590698062815467e-14
-2.580269982052629807e-13
-4.346309553579508211e-13
-6.118583829699264509e-13
-7.886909441506828600e-13
-9.640905695301738021e-13
-1.137009540339017910e-12
-1.306399866757290695e-12
-1.471223750465489033e-12
-1.630463884565169774e-12
-1.783132344036764128e-12
-1.928281102500650768e-12
-2.065010272153666726e-12
-2.192476885806704523e-12
-2.309904654704264537e-12
-2.416588413753362197e-12
-2.511903011981342360e-12
-2.595307432504134759e-12
-2.666350647217985426e-12
-2.724674869405974142e-12
-2.770019023184966400e-12
-2.802218960346047893e-12
-2.821210279280172983e-12
-2.827027023935557715e-12
-2.819800165934638336e-12
-2.799755869850595325e-12
-2.767211806919966932e-12
-2.722573468755262738e-12
-2.666329180014970213e-12
-2.599044894233126790e-12
-2.521358122287153947e-12
-2.433969909301780810e-12
-2.337638112595574746e-12
-2.233169161744430475e-12
-2.121410035485493673e-12
-2.003239588099781088e-12
-1.879559442113931667e-12
-1.751285097842392169e-12
-1.619337042929602788e-12
-1.484631211370879278e-12
-1.348071719357857301e-12
-1.210540782198288312e-12
-1.072892100682787397e-12
-9.359431632494086273e-13
-8.004683070897411490e-13
-6.671937308189157534e-13
-5.367915313636562047e-13
-4.098763429355445354e-13
-2.870019760042863410e-13
-1.686590456054584686e-13
-5.527410736690281656e-14
5.279116580729839581e-14
1.552392519003562010e-13
2.518356888043388198e-13
3.424072006832923343e-13
4.268392551302208071e-13
5.050730341772668996e-13
5.771023307669931324e-13
6.429694558891807521e-13
7.027616336086062176e-13
7.566069082018400671e-13
8.046693194575793573e-13
8.471449453387180917e-13
8.842570772826796599e-13
9.162513412916406530e-13
9.433916321743840427e-13
9.659545299051108813e-13
9.842249628147503593e-13
9.984918707822698636e-13
1.009043217904681544e-12
1.016161330427700626e-12
1.020119427298793457e-12
1.021177500198922061e-12
1.019578844095592185e-12
1.015546804636335843e-12
1.009282935005018089e-12
1.000964393836623056e-12
9.907430778555159634e-13
9.787444292530533829e-13
9.650673272673659930e-13
9.497844134440103225e-13
9.329427421572722423e-13
9.145651900729911965e-13
8.946517029810585608e-13
8.731816810401971107e-13
8.501160387620887438e-13
8.253995360460453234e-13
7.989634344743312688e-13
7.707287499186810109e-13
7.406086919951870851e-13
7.085121877213607089e-13
6.743467004417802446e-13
6.380215908548259041e-13
5.994514238293058295e-13
5.585588415402131801e-13
5.152782497561125830e-13
4.695585825546799708e-13
4.213665820342743507e-13
3.706894817143147058e-13
3.175377712508198336e-13
2.619473648407533162e-13
2.039816612061512435e-13
1.437333054226525020e-13
8.132524601661694774e-14
1.691150915323919729e-14
-4.932226095643102437e-14
-1.171592391244896669e-13
-1.863518698077062941e-13
-2.566228750767313160e-13
-3.276667403118854738e-13
-3.991514421503722376e-13
-4.707207930734758072e-13
-5.419965149432159901e-13
-6.125811663482139124e-13
-6.820611783697749786e-13
-7.500095379822657726e-13
-8.159894201303918848e-13
-8.795576029660412409e-13
-9.402676120345843103e-13
-9.976732981420433077e-13
-1.051333282583999384e-12
-1.100813992911675587e-12
-1.145693782900192303e-12
-1.185566835676388209e-12
-1.220046741585989469e-12
-1.248770943422516932e-12
-1.271404097454020832e-12
-1.287641759710467237e-12
-1.297213638590255513e-12
-1.299887389567822016e-12
-1.295471650959723053e-12
-1.283817995488545360e-12
-1.264824833410727045e-12
-1.238438063037861081e-12
-1.204653347561257526e-12
-1.163518066615853996e-12
-1.115131641540867413e-12
-1.059646294321314741e-12
-9.972670475880129892e-13
-9.282517246175792103e-13
-8.529101903909097615e-13
-7.716035384415509402e-13
-6.847423561322230068e-13
-5.927852609818873297e-13
-4.962363527906410443e-13
-3.956428283949375846e-13
-2.915920814267752847e-13
-1.847079076060936798e-13
-7.564725213425604888e-14
3.490405257574116793e-14
1.462359015347650115e-13
2.576185521418333790e-13
3.683079232222330468e-13
4.775506704489396181e-13
5.845901562308297716e-13
6.886719926962880933e-13
7.890502487506445561e-13
8.849931421375800689e-13
9.757895446521613891e-13
1.060754348941594927e-12
1.139235190558696154e-12
1.210618085813186529e-12
1.274331877000600688e-12
1.329854737615321358e-12
1.376718183898617553e-12
1.414510761126031024e-12
1.442883681458673184e-12
1.461552775507135582e-12
1.470301853358224609e-12
1.468984656138871969e-12
1.457526048638524419e-12
1.435922561410230003e-12
1.404244017073896789e-12
1.362630928231078897e-12
1.311294822725628251e-12
1.250516075239349600e-12
1.180640437845048574e-12
1.102077630543707443e-12
1.015295920253622697e-12
9.208190850443220832e-13
8.192211015459194279e-13
7.111218623505333181e-13
5.971807250093608133e-13
4.780934762665944859e-13
3.545846071189434623e-13
2.274020544350968676e-13
9.731241013737415568e-14
-3.490567549086810717e-14
-1.684654070974525575e-13
-3.025781394102450284e-13
-4.364577004933173354e-13
-5.693260533151667246e-13
-7.004167753600631929e-13
-8.289806558217649446e-13
-9.542887313696013507e-13
-1.075638167945258683e-12
-1.192354917058102703e-12
-1.303799082585932467e-12
-1.409368498642149525e-12
-1.508503500065316860e-12
-1.600690391866110840e-12
-1.685465460775359414e-12
-1.762420070994252796e-12
-1.831202073657167695e-12
-1.891520360480791751e-12
-1.943146815328034016e-12
-1.985917940511283675e-12
-2.019737025196755020e-12
-2.044572844361880470e-12
-2.060460309316614058e-12
-2.067497865618217467e-12
-2.065846408869087547e-12
-2.055724080546328381e-12
-2.037404099597406315e-12
-2.011207606705811557e-12
-1.977499978003671721e-12
-1.936685620901323901e-12
-1.889200601512541766e-12
-1.835508307845845621e-12
-1.776091968809512256e-12
-1.711450425823102250e-12
-1.642091736024642312e-12
-1.568528510201283588e-12
-1.491273142299742727e-12
-1.410833364197394690e-12
-1.327707366792496568e-12
-1.242379896876366629e-12
-1.155318679266215121e-12
-1.066970079996454324e-12
-9.777558537121811000e-13
-8.880690237009214449e-13
-7.982698161344836674e-13
-7.086824074624409331e-13
-6.195915091752879356e-13
-5.312395488787924336e-13
-4.438230653217717370e-13
-3.574908110422908569e-13
-2.723421531694580899e-13
-1.884254877777477577e-13
-1.057383889647989239e-13
-2.422783416217936386e-14
5.620855750244554971e-14
1.357205228194255375e-13
2.145019052787397462e-13
2.927874956371034898e-13
3.708491304842131964e-13
4.489905355061635239e-13
5.275423110503996149e-13
6.068568499280335704e-13
6.873030248231992712e-13
7.692589512435510368e-13
8.531077320267366204e-13
9.392305726566019253e-13
1.028001251832111329e-12
1.119778748892574782e-12
1.214902527538197496e-12
1.313684729574438048e-12
1.416405296002232195e-12
1.523304160762350978e-12
1.634575504463886553e-12
1.750361032330782773e-12
1.870744227930321024e-12
1.995744064800519801e-12
2.125309910699924032e-12
2.259315347655221906e-12
2.397556328817551652e-12
2.539744456409032125e-12
2.685507632244066301e-12
2.834386805122823816e-12
2.985836838192978959e-12
3.139226942630579664e-12
3.293843279725261475e-12
3.448891779805896007e-12
3.603503346411018882e-12
3.756741012023168125e-12
3.907604274877574113e-12
4.055037989419973954e-12
4.197939738881384386e-12
4.335171544661564624e-12
4.465569407308134231e-12
4.587947643325263059e-12
4.701117099770169006e-12
4.803891659466152930e-12
4.895099516705192499e-12
4.973594886631405032e-12
5.038270148305379337e-12
5.088063650959817608e-12
5.121973591787343238e-12
5.139067123238749701e-12
5.138492496087332384e-12
5.119488600408006462e-12
5.081393639194686784e-12
5.023657705105488702e-12
4.945847117271418014e-12
4.847656564360702802e-12
4.728912140344876391e-12
4.589580451797026228e-12
4.429769918934400863e-12
4.249738581874051846e-12
4.049893233271095738e-12
3.830788984637845118e-12
3.593131217907719055e-12
3.337774501233070623e-12
3.065712614325200036e-12
2.778078548454354646e-12
2.476136266513218054e-12
2.161271595718661231e-12
1.834985505558273111e-12
1.498880555263204517e-12
1.154650810727964050e-12
8.040697014460862491e-13
4.489757903566177211e-13
9.125945848618630118e-14
-2.671524568405303501e-13
-6.243119628039639490e-13
-9.782639108502078074e-13
-1.327061290717912456e-12
-1.668781866165369721e-12
-2.001541510657234291e-12
-2.323511175128523121e-12
-2.632930548931988746e-12
-2.928120636583320113e-12
-3.207498936591557381e-12
-3.469589849799947778e-12
-3.713035955088539453e-12
-3.936609718757644316e-12
-4.139222818666521420e-12
-4.319931131563370386e-12
-4.477943623543145790e-12
-4.612626253175378110e-12
-4.723506308312863666e-12
-4.810273707134271604e-12
-4.872784901271964841e-12
-4.911058105322441136e-12
-4.925274597888940065e-12
-4.915773517411015092e-12
-4.883047959036712626e-12
-4.827738903090406097e-12
-4.750629143540630039e-12
-4.652634614382700207e-12
-4.534795282340464695e-12
-4.398266473248924058e-12
-4.244306728989899469e-12
-4.074267832832045855e-12
-3.889581799004782070e-12
-3.691751765400042018e-12
-3.482337682103597842e-12
-3.262943951490293593e-12
-3.035206851478844392e-12
-2.800784344031415074e-12
-2.561342414206246865e-12
-2.318542276572022054e-12
-2.074031051069180620e-12
-1.829429836786022889e-12
-1.586324604660460658e-12
-1.346254379676337098e-12
-1.110703434607784867e-12
-8.810934837635842065e-13
-6.587750635798916843e-13
-4.450205666212819766e-13
-2.410188476749397513e-13
-4.787030079517022585e-14
1.334189377900918405e-13
3.019396527508683148e-13
4.568827954853915685e-13
5.975419269631243591e-13
7.233148541924139252e-13
8.337041994266325418e-13
9.283177525298835775e-13
1.006868091506241125e-12
1.069172636709858626e-12
1.115150723499103158e-12
1.144822192773731206e-12
1.158305764671629934e-12
1.155815569121865227e-12
1.137658326919033236e-12
1.104229555015656672e-12
1.056009988655015608e-12
9.935617866635437778e-13
9.175233272804006468e-13
8.286060639711712028e-13
7.275881286350482924e-13
6.153104284770116728e-13
4.926708997363138387e-13
3.606192764109977800e-13
2.201518725349418948e-13
7.230534801536819822e-14
-8.184820415825175277e-14
-2.412078783237125990e-13
-4.046499463630781612e-13
-5.710331296357451514e-13
-7.392057343839908423e-13
-9.080115132009680678e-13
-1.076295736562871141e-12
-1.242911698041970769e-12
-1.406727273729757588e-12
-1.566630397457913215e-12
-1.721535891271996910e-12
-1.870391211702959744e-12
-2.012182954980179517e-12
-2.145942061201888684e-12
-2.270749777447123030e-12
-2.385742861946149596e-12
-2.490119655612632599e-12
-2.583143768331019885e-12
-2.664149066286536360e-12
-2.732544008773873934e-12
-2.787815768165446961e-12
-2.829532181475302721e-12
-2.857347605050852835e-12
-2.871002047211135277e-12
-2.870324204012897340e-12
-2.855233410814506101e-12
-2.825739208595079432e-12
-2.781943946039699966e-12
-2.724038659571159648e-12
-2.652305024913870213e-12
-2.567113405529952708e-12
-2.468918732650982051e-12
-2.358260722118421526e-12
-2.235756718649284380e-12
-2.102101045314830330e-12
-1.958058281487096153e-12
-1.804459576551509237e-12
-1.642196144693852666e-12
-1.472213843889402796e-12
-1.295505911748373595e-12
-1.113107002403967982e-12
-9.260855970971704210e-13
-7.355372279131688895e-13
-5.425757499538663708e-13
-3.483270258602261249e-13
-1.539209027161952958e-13
3.951708887417818006e-14
2.308726397993315915e-13
4.190502654079220068e-13
6.029803392704202736e-13
7.816264996352018102e-13
9.539911178732540797e-13
1.119123457099524543e-12
1.276124280032153724e-12
1.424151486843772130e-12
1.562426295113883423e-12
1.690236275594947379e-12
1.806941315324328556e-12
1.911976870230813752e-12
2.004857651421998455e-12
2.085179468327980068e-12
2.152623131829178860e-12
2.206955104777641452e-12
2.248029670401385793e-12
2.275789582825704649e-12
2.290264982870993116e-12
2.291573398052748622e-12
2.279918441538963947e-12
2.255587210064913251e-12
2.218950067092717582e-12
2.170453053396137477e-12
2.110617236539269470e-12
2.040032205663511178e-12
1.959351300998002365e-12
1.869285325487024529e-12
1.770597123779138471e-12
1.664094318072628642e-12
1.550623345003554476e-12
1.431062083070977486e-12
1.306312480062188364e-12
1.177294915201410053e-12
1.044940284473938608e-12
9.101836038333255274e-13
7.739579376692118373e-13
6.371884356953794182e-13
5.007863698378023365e-13
3.656437945389473532e-13
2.326281257469114960e-13
1.025773162157544993e-13
-2.370475912999783774e-14
-1.454525790176713906e-13
-2.619430009270090620e-13
-3.724993675058990705e-13
-4.764948743733732339e-13
-5.733558159498608475e-13
-6.625646212232716437e-13
-7.436623474139925083e-13
-8.162507670640695157e-13
-8.799943738112270264e-13
-9.346214123809315488e-13
-9.799249085784556001e-13
-1.015762994549529452e-12
-1.042058475099472137e-12
-1.058797906121344834e-12
-1.066031377755516374e-12
-1.063869261783145781e-12
-1.052481452684661534e-12
-1.032093572932157866e-12
-1.002984913005267043e-12
-9.654849619442074093e-13
-9.199698294826141876e-13
-8.668583429197185275e-13
-8.066090655643731733e-13
-7.397154720353849022e-13
-6.667022077640194500e-13
-5.881214569167236839e-13
-5.045481719055666670e-13
-4.165764413109618314e-13
-3.248148007072709786e-13
-2.298827090057437017e-13
-1.324058863851756973e-13
-3.301224514563015633e-14
6.767224720047662623e-14
1.690277827643207886e-13
2.704447451574998329e-13
3.713275617978767373e-13
4.710982038497180113e-13
5.692001774429411576e-13
6.651012748361273541e-13
7.582969625483104714e-13
8.483123600279418586e-13
9.347052212088646783e-13
1.017067506603464011e-12
1.095026413294730716e-12
1.168245838609194287e-12
1.236427301688769465e-12
1.299309401389669993e-12
1.356669008904798357e-12
1.408320075141356043e-12
1.454113847561278039e-12
1.493937677558843102e-12
1.527714586779804762e-12
1.555403050280956823e-12
1.576995478647091886e-12
1.592517459049480610e-12
1.602027429985219964e-12
1.605614838133540001e-12
1.603400246776021110e-12
1.595533817913552532e-12
1.582194661745028874e-12
1.563589210364091375e-12
1.539950567237824419e-12
1.511536880903496805e-12
1.478629718665303017e-12
1.441532223450670003e-12
1.400567379086781195e-12
1.356076383997317780e-12
1.308414639654420508e-12
1.257951208477603444e-12
1.205064802285715775e-12
1.150141613892596837e-12
1.093572064500558660e-12
1.035747984774737507e-12
9.770593622365764119e-13
9.178926065403492096e-13
8.586261584543619652e-13
7.996283214566080044e-13
7.412550391203143185e-13
6.838469135579672287e-13
6.277270370169674152e-13
5.731987150550676979e-13
5.205440570775488052e-13
4.700216995126571540e-13
4.218653150336176827e-13
3.762829349322760475e-13
3.334550788703510849e-13
2.935348090895434359e-13
2.566462667386026908e-13
2.228851326592506954e-13
1.923179904174052157e-13
1.649823669607614063e-13
1.408871256420793361e-13
1.200126966121456418e-13
1.023118018799763773e-13
8.771037010840004866e-14
7.610837009447771195e-14
6.738068490750453998e-14
6.137875174479570650e-14
5.793145639847868678e-14
5.684683409765134421e-14
5.791366870658634647e-14
6.090328165831576657e-14
6.557088720734668974e-14
7.165790991180490122e-14
7.889386843470957977e-14
8.699819158261221097e-14
9.568288815344633269e-14
1.046544510665929628e-13
1.136161341874428188e-13
1.222703850060208319e-13
1.303216025762624075e-13
1.374784211168392223e-13
1.434563730827453920e-13
1.479805183555657488e-13
1.507880869862712747e-13
1.516310541753787544e-13
1.502787017005832726e-13
1.465201793443907108e-13
1.401667681661528109e-13
1.310542115367380189e-13
1.190444905195889302e-13
1.040279448412222141e-13
8.592441807977330148e-14
6.468454515507621183e-14
4.029095172731686492e-14
1.275832534780065031e-14
-1.786640158193096573e-14
-5.150427542679851534e-14
-8.804500910893769960e-14
-1.273481645656937555e-13
-1.692448129341980745e-13
-2.135396216405502368e-13
-2.600125789588986214e-13
-3.084220433300505215e-13
-3.585079553104081329e-13
-4.099946293925627039e-13
-4.625948604210228243e-13
-5.160130677785146336e-13
-5.699491443036941440e-13
-6.241029286251087438e-13
-6.781768614565197861e-13
-7.318810271370046472e-13
-7.849358641363879396e-13
-8.370761766032797091e-13
-8.880543327614842664e-13
-9.376427585749969040e-13
-9.856372445646299774e-13
-1.031858517901163008e-12
-1.076154681860230777e-12
-1.118401812133518192e-12
-1.158505908392670758e-12
-1.196402352188208340e-12
-1.232056123789959656e-12
-1.265462127447714025e-12
-1.296642914566659144e-12
-1.325648250026512098e-12
-1.352552293255870897e-12
-1.377452297189607489e-12
-1.400465247242133060e-12
-1.421724825541315074e-12
-1.441378375162394310e-12
-1.459582780159729420e-12
-1.476500779279410480e-12
-1.492297388092089783e-12
-1.507134477982119414e-12
-1.521167415120816546e-12
-1.534540398397121752e-12
-1.547383098390864298e-12
-1.559804694260813474e-12
-1.571891380079681877e-12
-1.583702353286087217e-12
-1.595265586296079618e-12
-1.606575224417927661e-12
-1.617588658506252663e-12
-1.628224031297031971e-12
-1.638357960583036732e-12
-1.647825430793614654e-12
-1.656417624590345028e-12
-1.663882573388342223e-12
-1.669925048936038436e-12
-1.674208298038659670e-12
-1.676355452021049963e-12
-1.675952020392668107e-12
-1.672549902395625843e-12
-1.665670097510119074e-12
-1.654807801204638551e-12
-1.639438151207484040e-12
-1.619020781155888766e-12
-1.593006976330357816e-12
-1.560846504128354795e-12
-1.521994986639074732e-12
-1.475920947957565232e-12
-1.422114054121237370e-12
-1.360093027785724829e-12
-1.289413562900743049e-12
-1.209677215167903608e-12
-1.120538015673966381e-12
-1.021711144508219427e-12
-9.129799780766001405e-13
-7.942025943147301703e-13
-6.653184405312762006e-13
-5.263542423097899992e-13
-3.774282590022354222e-13
-2.187546069851512009e-13
-5.064640045781935995e-14
1.264822936056925196e-13
3.121151340851335831e-13
5.056334582802246569e-13
7.063177083141414236e-13
9.133495825972004489e-13
1.125815369748539574e-12
1.342710231194699233e-12
1.562944218491679749e-12
1.785348886958193493e-12
2.008684451410003291e-12
2.231649327139040295e-12
2.452889237211652862e-12
2.671006861867941673e-12
2.884574740527612313e-12
3.092144379088224149e-12
3.292260344553432638e-12
3.483471974416452177e-12
3.664345736564822431e-12
3.833477806025609169e-12
3.989508810114950066e-12
4.131134236778910562e-12
4.257117228179119195e-12
4.366301591118837422e-12
4.457621771702946489e-12
4.530113697359672287e-12
4.582926486224048190e-12
4.615329386031818970e-12
4.626721748779427656e-12
4.616636933851836488e-12
4.584752716363382774e-12
4.530892154519516879e-12
4.455028793787230157e-12
4.357287967937661932e-12
4.237948967450444471e-12
4.097442003747620021e-12
3.936348642874509807e-12
3.755397035010155093e-12
3.555458011339496238e-12
3.337539012521206772e-12
3.102776499272485999e-12
2.852428146113417107e-12
2.587862866706980292e-12
2.310551706560803886e-12
2.022053965239356543e-12
1.724007330124177617e-12
1.418113673365417604e-12
1.106126041455768316e-12
7.898347774426550671e-13
4.710525589382563716e-13
1.516005474367504435e-13
-1.667062755200676705e-13
-4.820737992822232698e-13
-7.927428787198043114e-13
-1.097002913855171791e-12
-1.393205212654735625e-12
-1.679776218295458978e-12
-1.955229164338212478e-12
-2.218174428858521452e-12
-2.467331026989594278e-12
-2.701534308757747027e-12
-2.919743656917828112e-12
-3.121050726889729177e-12
-3.304682482524468057e-12
-3.470005749753313218e-12
-3.616532420758211686e-12
-3.743915334003533602e-12
-3.851953044725631159e-12
-3.940584837602845170e-12
-4.009889642553332578e-12
-4.060081697926376521e-12
-4.091504478970220404e-12
-4.104624626299901990e-12
-4.100023705960742504e-12
-4.078389535810966748e-12
-4.040509680308668194e-12
-3.987257139043132170e-12
-3.919582540479193966e-12
-3.838499396807693032e-12
-3.745077598732438062e-12
-3.640426935597185221e-12
-3.525686687044782275e-12
-3.402013263112402264e-12
-3.270568494848080654e-12
-3.132508141767686993e-12
-2.988968664588420587e-12
-2.841058551611430616e-12
-2.689845525136180804e-12
-2.536348518364373028e-12
-2.381527267059091457e-12
-2.226275153810464147e-12
-2.071409450216110670e-12
-1.917669148476797147e-12
-1.765704444635363135e-12
-1.616075871214983639e-12
-1.469249635149827427e-12
-1.325595666221146551e-12
-1.185386207594452124e-12
-1.048796683181252298e-12
-9.159060228997040198e-13
-7.866995358103701097e-13
-6.610721085126280983e-13
-5.388330840544464095e-13
-4.197116558381924767e-13
-3.033632373083960942e-13
-1.893771462346469092e-13
-7.728467524151585999e-14
3.343172635429658701e-14
1.433288980123154088e-13
2.529926409425981015e-13
3.630267744400561547e-13
4.740423006389937743e-13
5.866455867094277910e-13
7.014270891544938102e-13
8.189497257421463061e-13
9.397372203318044015e-13
1.064263152432409765e-12
1.192939735709941385e-12
1.326107734907211455e-12
1.464025623822140521e-12
1.606862212732984574e-12
1.754686565318130942e-12
1.907461385022846123e-12
2.065036076165371881e-12
2.227143166069756042e-12
2.393392775634772818e-12
2.563269691988057097e-12
2.736133585326538942e-12
2.911217491033402105e-12
3.087630194922863502e-12
3.264359485846690667e-12
3.440275841981588201e-12
3.614139152882667183e-12
3.784605441536914583e-12
3.950236839023180124e-12
4.109510908650859662e-12
4.260832572183792522e-12
4.402546903425896829e-12
4.532953006008977326e-12
4.650318758542271169e-12
4.752899462889814686e-12
4.838949119873037219e-12
4.906744281718555811e-12
4.954596628803376035e-12
4.980875521060079691e-12
4.984023176807239608e-12
4.962575489431131359e-12
4.915178507258755047e-12
4.840610117601285012e-12
4.737793057180139655e-12
4.605814427766086183e-12
4.443942176052262383e-12
4.251637236718508461e-12
4.028570445985257820e-12
3.774632516273523919e-12
3.489944661386190639e-12
3.174869655370171628e-12
2.830017253527272736e-12
2.456248746063316446e-12
2.054681511737266320e-12
1.626687283137751017e-12
1.173893122465019534e-12
6.981757294695356553e-13
2.016559662310069001e-13
-3.133111446066566552e-13
-8.441460421296231864e-13
-1.388059480723902173e-12
-1.942068251006845436e-12
-2.503013638369133709e-12
-3.067580044147089069e-12
-3.632319271751338619e-12
-4.193674487534826412e-12
-4.748003205878870148e-12
-5.291608731056163251e-12
-5.820766611763783516e-12
-6.331753697741415721e-12
-6.820877196389574237e-12
-7.284509800919991562e-12
-7.719114410165150986e-12
-8.121279690409544116e-12
-8.487747830965286511e-12
-8.815444034471209278e-12
-9.101507741915426664e-12
-9.343316051402261735e-12
-9.538511473727862011e-12
-9.685025351147125150e-12
-9.781096071970196704e-12
-9.825299428223299714e-12
-9.816546013563520745e-12
-9.754115917748329423e-12
-9.637649185656460560e-12
-9.467173572863529785e-12
-9.243093269939439693e-12
-8.966201045512711687e-12
-8.637664368482678157e-12
-8.259031479551648403e-12
-7.832214043990148866e-12
-7.359479345381281234e-12
-6.843436407832914625e-12
-6.287011276168152918e-12
-5.693430536052312974e-12
-5.066200063630343919e-12
-4.409070764738176607e-12
-3.726016023497535912e-12
-3.021197875208159189e-12
-2.298937949729573660e-12
-1.563681801229621637e-12
-8.199639426643978712e-13
-7.237361887091689483e-14
6.744817378223633142e-13
1.416011730613619957e-12
2.147678085720472474e-12
2.865031129006823107e-12
3.563742183299023480e-12
4.239635552349962921e-12
4.888722673207501757e-12
5.507228353907045459e-12
6.091618529047160280e-12
6.638625413279974907e-12
7.145271353758975152e-12
7.608885743692894721e-12
8.027124104303950958e-12
8.397980227892176686e-12
8.719798320899752042e-12
8.991277340719694422e-12
9.211485740845404280e-12
9.379848460444595304e-12
9.496154730614936312e-12
9.560552002851885334e-12
9.573537275431309723e-12
9.535947552430368290e-12
9.448945098577965496e-12
9.314006163552157602e-12
9.132900165298440953e-12
8.907668005986302262e-12
8.640606459497934821e-12
8.334242150576098851e-12
7.991306401333719833e-12
7.614708343040010874e-12
7.207514533119629974e-12
6.772916862768374457e-12
6.314205235058434340e-12
5.834745447214073621e-12
5.337948399269931699e-12
4.827243205857145725e-12
4.306055078479031906e-12
3.777777569935469870e-12
3.245748071353804498e-12
2.713228730230610175e-12
2.183383465345634100e-12
1.659258017441822552e-12
1.143763794612950857e-12
6.396607961194067382e-13
1.495431111841333260e-13
-3.241722482897474444e-13
-7.792567589468002431e-13
-1.213677812764157871e-12
-1.625606008311131223e-12
-2.013419379137681986e-12
-2.375705968754582287e-12
-2.711265673777107921e-12
-3.019108834462214119e-12
-3.298453957883973331e-12
-3.548724899007926759e-12
-3.769544572318483944e-12
-3.960728880286756848e-12
-4.122280208157524939e-12
-4.254378967172289805e-12
-4.357371668345377813e-12
-4.431764417250905197e-12
-4.478210770958446219e-12
-4.497499594968701331e-12
-4.490545955915248300e-12
-4.458378111138472377e-12
-4.402124498259496477e-12
-4.323005928924539276e-12
-4.222319976293631427e-12
-4.101433168784973660e-12
-3.961766244925390978e-12
-3.804787214456428757e-12
-3.631998347908282909e-12
-3.444927502982420009e-12
-3.245118800412893911e-12
-3.034122866146793385e-12
-2.813490542971641695e-12
-2.584763349536278731e-12
-2.349467191978260594e-12
-2.109105208189521186e-12
-1.865152997326813278e-12
-1.619052223018890846e-12
-1.372205626036515635e-12
-1.125972904324201718e-12
-8.816665930319600442e-13
-6.405484324380206207e-13
-4.038268200737271663e-13
-1.726531786462592866e-13
5.188013105054956053e-14
2.687418701203397875e-13
4.769640628635163360e-13
6.756432436097470351e-13
8.639422727566015148e-13
1.041091149921180570e-12
1.206388829978755073e-12
1.359203006222331478e-12
1.498971845086127797e-12
1.625204202986008095e-12
1.737480493681220484e-12
1.835452363013745369e-12
1.918843989950902440e-12
1.987451652904481669e-12
2.041144163411612311e-12
2.079862107193242160e-12
2.103619145196744533e-12
2.112500278872442294e-12
2.106661633333173356e-12
2.086330674194725177e-12
2.051803822331055294e-12
2.003446453874291322e-12
1.941691165491254978e-12
1.867035822819551605e-12
1.780041608903659700e-12
1.681331181051237689e-12
1.571585418226606468e-12
1.451541144226187185e-12
1.321987116130463047e-12
1.183760771697461855e-12
1.037743784133848823e-12
8.848580505468883750e-13
7.260605419841248409e-13
5.623386413640407699e-13
3.947045056247600048e-13
2.241894820828593815e-13
5.183818259086973856e-14
-1.212976794744483056e-13
-2.941655165983325659e-13
-4.657183384597363141e-13
-6.349215857931467255e-13
-8.007590359022931370e-13
-9.622401616823927917e-13
-1.118405823681556388e-12
-1.268335263204800611e-12
-1.411152228056322677e-12
-1.546030230920036885e-12
-1.672198837732175036e-12
-1.788948763431497113e-12
-1.895637076129719212e-12
-1.991690016037162003e-12
-2.076609500675785647e-12
-2.149974425921796772e-12
-2.211444135452600435e-12
-2.260759938629841592e-12
-2.297747712584619073e-12
-2.322317902217485575e-12
-2.334465737038882160e-12
-2.334270363807400273e-12
-2.321894846529781731e-12
-2.297582480173532282e-12
-2.261655923305183613e-12
-2.214512210760299915e-12
-2.156621018920001909e-12
-2.088518160497931930e-12
-2.010802331933736475e-12
-1.924127957658727794e-12
-1.829201720648931939e-12
-1.726774322488577873e-12
-1.617635062359235043e-12
-1.502604139204388733e-12
-1.382527555979229383e-12
-1.258268229192838206e-12
-1.130700459477107511e-12
-1.000702342171533310e-12
-8.691489368495286527e-13
-7.369058163154973418e-13
-6.048223445513645213e-13
-4.737259846551711284e-13
-3.444163628341795347e-13
-2.176597118687395582e-13
-9.418403963635732512e-14
2.532519583853341111e-14
1.402292046587608199e-13
2.499392836793901118e-13
3.539196388215037903e-13
4.516898465499463722e-13
5.428264717062536437e-13
6.269644634189497356e-13
7.037976429945247414e-13
7.730788123376519660e-13
8.346195913208620532e-13
8.882896046329136208e-13
9.340144760047741634e-13
9.717748524276648148e-13
1.001603856277955007e-12
1.023585079543143372e-12
1.037849060164797166e-12
1.044571222054424542e-12
1.043967646705001862e-12
1.036292362685542479e-12
1.021833984614362034e-12
1.000911701611040261e-12
9.738723499505552716e-13
9.410860762545936176e-13
9.029437354063363230e-13
8.598528247923120649e-13
8.122350448475090801e-13
7.605228296084232120e-13
7.051559856863232056e-13
6.465797407033402333e-13
5.852418701567108084e-13
5.215904748043231898e-13
4.560719206805896597e-13
3.891287791123188011e-13
3.211985256761085150e-13
2.527116428445441709e-13
1.840907661769877746e-13
1.157492884092808927e-13
4.809033962607615897e-14
-1.849377178090791385e-14
-8.362252811857859292e-14
-1.469275412056478269e-13
-2.080532875972304629e-13
-2.666575456538450295e-13
-3.224117208020654823e-13
-3.750014892795611177e-13
-4.241271505008026299e-13
-4.695039929752953256e-13
-5.108628364086653662e-13
-5.479507906441805076e-13
-5.805312827678044130e-13
-6.083851955204777617e-13
-6.313114093992044928e-13
-6.491274531783552959e-13
-6.616700460107538539e-13
-6.687964526803924503e-13
-6.703849172833009629e-13
-6.663355847993934766e-13
-6.565714768744235208e-13
-6.410392507615048086e-13
-6.197100124727406012e-13
-5.925803467712875694e-13
-5.596728592724420359e-13
-5.210368269649434669e-13
-4.767488487322779633e-13
-4.269131977183843185e-13
-3.716620652731428276e-13
-3.111559404231356574e-13
-2.455834201362666613e-13
-1.751610060338540387e-13
-1.001330027466766637e-13
-2.077065055323609744e-14
6.262844382638396712e-14
1.497413439988451445e-13
2.402208206658817957e-13
3.336967746396524159e-13
4.297777682783082698e-13
5.280527534332057904e-13
6.280927384097467758e-13
7.294529563717233600e-13
8.316754945315862901e-13
9.342906222981062214e-13
1.036820152303108422e-12
1.138779175124948750e-12
1.239679149264705238e-12
1.339030340601066182e-12
1.436344099214892367e-12
1.531135678314865523e-12
1.622927270003571287e-12
1.711249740000975184e-12
1.795645229729636583e-12
1.875669758399922671e-12
1.950895608254787916e-12
2.020912734032598301e-12
2.085331256632128039e-12
2.143783631516904542e-12
2.195925299236511918e-12
2.241436853830935938e-12
2.280024910192302023e-12
2.311423188267047735e-12
2.335393380417660758e-12
2.351726669305720385e-12
2.360242860530159525e-12
2.360790816308133699e-12
2.353249756517628022e-12
2.337528391335719213e-12
2.313565571759879091e-12
2.281328771724933091e-12
2.240813220741322276e-12
2.192044722820751801e-12
2.135074452305762982e-12
2.069981772795381758e-12
1.996872068740773720e-12
1.915876094923940620e-12
1.827149542776851376e-12
1.730872281439921334e-12
1.627247165139622531e-12
1.516500358449135444e-12
1.398879493144655761e-12
1.274654210306480628e-12
1.144114425595532669e-12
1.007571088194880726e-12
8.653551508176759999e-13
7.178171902363916779e-13
5.653276241232574328e-13
4.082759521087386823e-13
2.470708913068081491e-13
8.213986809517750953e-14
-8.607062274273297175e-14
-2.570957227492065567e-13
-4.304520065043226928e-13
-6.056381524760512391e-13
-7.821348820338802632e-13
-9.594055151024294403e-13
-1.136896241211993175e-12
-1.314037203700713086e-12
-1.490243041815664249e-12
-1.664914191755462181e-12
-1.837437103510697334e-12
-2.007186734528931815e-12
-2.173527633916871871e-12
-2.335815351903192116e-12
-2.493399367184401250e-12
-2.645624387967449032e-12
-2.791833387735809247e-12
-2.931370641015562661e-12
-3.063583674939307500e-12
-3.187827389214414886e-12
-3.303467742410415298e-12
-3.409883703522909038e-12
-3.506471588782256177e-12
-3.592650916345307976e-12
-3.667865924178448367e-12
-3.731588822664111404e-12
-3.783327384015988670e-12
-3.822626243321636252e-12
-3.849070367989426700e-12
-3.862292430323321923e-12
-3.861973241203742191e-12
-3.847846954257994057e-12
-3.819702366902877344e-12
-3.777388558195982071e-12
-3.720817057240033421e-12
-3.649964445268105706e-12
-3.564872789324491364e-12
-3.465653762232956403e-12
-3.352488642596740398e-12
-3.225628531638990992e-12
-3.085396738447543363e-12
-2.932186611570575252e-12
-2.766461105335737969e-12
-2.588753213531025388e-12
-2.399663584159994478e-12
-2.199856833154378855e-12
-1.990061110693219781e-12
-1.771065065436783215e-12
-1.543711447733742137e-12
-1.308896350679655818e-12
-1.067563138584803895e-12
-8.206981643756050548e-13
-5.693257280545149790e-13
-3.145024388487294154e-13
-5.731175354174028458e-14
2.011421357164117074e-13
4.597398850503253698e-13
7.173535853874368762e-13
9.728528746477671518e-13
1.225110833093234763e-12
1.473011057746831387e-12
1.715452866563049739e-12
1.951357695220701238e-12
2.179676144437037166e-12
2.399391449414700617e-12
2.609527177677151144e-12
2.809150915356051215e-12
2.997379905042563131e-12
3.173385382596038973e-12
3.336396697112276044e-12
3.485705214051337819e-12
3.620667784684505897e-12
3.740709565019928462e-12
3.845325533685661767e-12
3.934084395057491079e-12
4.006628796099365175e-12
4.062678578969913801e-12
4.102028178937233704e-12
4.124549226464102603e-12
4.130190980888848173e-12
4.118977728340134092e-12
4.091010516460436008e-12
4.046463251278220596e-12
3.985583130888814551e-12
3.908690211773535594e-12
3.816171337267526553e-12
3.708480137559755363e-12
3.586135728650408083e-12
3.449716640818722979e-12
3.299862336506032001e-12
3.137264319857946404e-12
2.962668738809570712e-12
2.776869229351164314e-12
2.580704747123796494e-12
2.375055881131959978e-12
2.160841167456184486e-12
1.939013186125215782e-12
1.710555200089280969e-12
1.476476601570964053e-12
1.237809984719340228e-12
9.956067003810686877e-13
7.509333866534406710e-13
5.048669273442774053e-13
2.584916059412273315e-13
1.289435968616263820e-14
-2.308389211117672923e-13
-4.716281618716289259e-13
-7.084025748817224244e-13
-9.401058490704494730e-13
-1.165699915067763826e-12
-1.384169146488589686e-12
-1.594525726733575510e-12
-1.795813281066371836e-12
-1.987111863943624712e-12
-2.167542621084317389e-12
-2.336271584177374017e-12
-2.492515308732956569e-12
-2.635544994050720291e-12
-2.764691253709372631e-12
-2.879347151332756205e-12
-2.978974055281580213e-12
-3.063105108100372398e-12
-3.131348262283562001e-12
-3.183391267605473196e-12
-3.219004706886408052e-12
-3.238042863354384515e-12
-3.240449141655998844e-12
-3.226257585739467082e-12
-3.195591794652452577e-12
-3.148668825669886928e-12
-3.085799627974838977e-12
-3.007386440573300845e-12
-2.913925611219836398e-12
-2.806003042768456801e-12
-2.684293976332186027e-12
-2.549559738676543397e-12
-2.402643839091722633e-12
-2.244468283105205408e-12
-2.076028368311333416e-12
-1.898387697041314937e-12
-1.712670803788451934e-12
-1.520057842617494881e-12
-1.321775588286611125e-12
-1.119090063672611990e-12
-9.132984082546591331e-13
-7.057194455553639223e-13
-4.976845216324299326e-13
-2.905278827843721379e-13
-8.557707358502683603e-14
1.158572342880789807e-13
3.124908101378998104e-13
5.030758253553313519e-13
6.864105095948092039e-13
8.613488611600161882e-13
1.026809171543463517e-12
1.181783078514631047e-12
1.325343372375609174e-12
1.456651748006632108e-12
1.574964984818461033e-12
1.679641885646288024e-12
1.770146746196687992e-12
1.846055643420219106e-12
1.907057411293378024e-12
1.952957977627289843e-12
1.983680364067708091e-12
1.999264902935449228e-12
1.999868803545523654e-12
1.985763116441052745e-12
1.957331432350661871e-12
1.915064461177617972e-12
1.859555478350705116e-12
1.791494686972927575e-12
1.711662062087171421e-12
1.620920303362083370e-12
1.520205510953387407e-12
1.410519596088677385e-12
1.292920197987212916e-12
1.168510709199932496e-12
1.038429975688814899e-12
9.038421595365664363e-13
7.659260595552219719e-13
6.258642692644200700e-13
4.848329311808730058e-13
3.439914097926738412e-13
2.044722220316194661e-13
6.737136754508474268e-14
-6.626077182596279425e-14
-1.954279023764354806e-13
-3.191958145281476034e-13
-4.366993691575643544e-13
-5.471490773477361014e-13
-6.498363587688349430e-13
-7.441383121677136447e-13
-8.295212390249662171e-13
-9.055437064260651869e-13
-9.718577938938599559e-13
-1.028210502851401031e-12
-1.074443485571396906e-12
-1.110492015184150194e-12
-1.136382763063104040e-12
-1.152231305159845398e-12
-1.158238869397587578e-12
-1.154687782022045806e-12
-1.141936588691661036e-12
-1.120413982945434039e-12
-1.090613710452714713e-12
-1.053086871177777439e-12
-1.008436173108306910e-12
-9.573078007391044864e-13
-9.003843135478584170e-13
-8.383774902608054358e-13
-7.720199804960026224e-13
-7.020584742896407437e-13
-6.292458958404023583e-13
-5.543344104054492849e-13
-4.780680517256497009e-13
-4.011768402287924085e-13
-3.243696272952484305e-13
-2.483288097723801435e-13
-1.737048412010430698e-13
-1.011112986957010684e-13
-3.112069860166689905e-14
3.573941340898230401e-14
9.898940662392968770e-14
1.582004790839572350e-13
2.129964092470806869e-13
2.630549586751101954e-13
3.081088715325280836e-13
3.479459830067060944e-13
3.824090566775795175e-13
4.113950662337079178e-13
4.348536504841793437e-13
4.527857310008404079e-13
4.652413437139513164e-13
4.723170097219175911e-13
4.741531061010217929e-13
4.709304777736345038e-13
4.628675914775115530e-13
4.502164971127015081e-13
4.332593582945937216e-13
4.123048744867491289e-13
3.876842694528620514e-13
3.597472797087220009e-13
3.288583869196642917e-13
2.953932129283465269e-13
2.597347792572535230e-13
2.222696717435121427e-13
1.833848963525910869e-13
1.434645859142019697e-13
1.028868559359991108e-13
6.202105344056685343e-14
2.122538019096956857e-14
-1.915577207490040679e-14
-5.879364107109347204e-14
-9.737685918026484089e-14
-1.346131322729759994e-13
-1.702303256039330859e-13
-2.039775683429501107e-13
-2.356258905437252915e-13
-2.649686568247100471e-13
-2.918217967620706510e-13
-3.160239268624326359e-13
-3.374359981971747358e-13
-3.559408627215598919e-13
-3.714426498584860736e-13
-3.838663328176172840e-13
-3.931564275527765773e-13
-3.992762067153710070e-13
-4.022066425572734527e-13
-4.019451329932699490e-13
-3.985044173988872007e-13
-3.919110045172424783e-13
-3.822045219377401271e-13
-3.694358729523783413e-13
-3.536663691940111764e-13
-3.349664566987958780e-13
-3.134145503888574602e-13
-2.890961938156050293e-13
-2.621027310120704890e-13
-2.325308728120395463e-13
-2.004814906751348214e-13
-1.660592643211097896e-13
-1.293719498933823542e-13
-9.052995983069300756e-14
-4.964584787107290120e-14
-6.834318792722738831e-15
3.778813877476985827e-14
8.410327013812224362e-14
1.319910435289284312e-13
1.813294929790473797e-13
2.319945722074195915e-13
2.838599581084233492e-13
3.367964815457341610e-13
3.906721951149605410e-13
4.453514109142159283e-13
5.006946463340100628e-13
5.565577838005653089e-13
6.127917184101105974e-13
6.692417887227408713e-13
7.257470991360592816e-13
7.821399235739823208e-13
8.382450007553277072e-13
8.938793715634885118e-13
9.488511322139348003e-13
1.002959542674430882e-12
1.055994159303297319e-12
1.107734346958433314e-12
1.157948953736664954e-12
1.206396202553527974e-12
1.252822932201747008e-12
1.296964814191670090e-12
1.338546352751268653e-12
1.377280667985703033e-12
1.412870254818843208e-12
1.445006332471965305e-12
1.473370687607444829e-12
1.497635240647887667e-12
1.517464322600692306e-12
1.532514024536746344e-12
1.542434908095857704e-12
1.546873957050665105e-12
1.545475010987507059e-12
1.537881692652287580e-12
1.523740010035690151e-12
1.502700307937088198e-12
1.474420737411497040e-12
1.438569966275005108e-12
1.394831082232594888e-12
1.342904411803791387e-12
1.282511965551569322e-12
1.213401666470825813e-12
1.135350711015115088e-12
1.048171098527728162e-12
9.517128838482102893e-13
8.458693272726802714e-13
7.305814482029548973e-13
6.058425245855647567e-13
4.717022128800096858e-13
3.282716980190780731e-13
1.757269189103100038e-13
1.431311022666043736e-14
-1.556519805623671204e-13
-3.337747287758541237e-13
-5.195830202718576540e-13
-7.125237357595570753e-13
-9.119615869759845062e-13
-1.117177314199913063e-12
-1.327368336773160351e-12
-1.541648319419719471e-12
-1.759048635918691872e-12
-1.978520862769284072e-12
-2.198938947595152626e-12
-2.419103979633963064e-12
-2.637748526546079830e-12
-2.853540971223256228e-12
-3.065095052767752293e-12
-3.270975504343631712e-12
-3.469706293113272721e-12
-3.659780811737789463e-12
-3.839671636196584359e-12
-4.007842235170810952e-12
-4.162758245745967756e-12
-4.302898315433623111e-12
-4.426768847320960987e-12
-4.532916576815981813e-12
-4.619942883116179289e-12
-4.686515498592003226e-12
-4.731384554979012336e-12
-4.753394726442206064e-12
-4.751500842087308385e-12
-4.724778294301623660e-12
-4.672438651265320431e-12
-4.593838330568811301e-12
-4.488493778043167737e-12
-4.356088840334892964e-12
-4.196484739565908839e-12
-4.009729180631804724e-12
-3.796061121691396423e-12
-3.555916195177588612e-12
-3.289932996169975254e-12
-2.998950697150060130e-12
-2.684012300607774293e-12
-2.346361169594524121e-12
-1.987438642478411843e-12
-1.608877961412069624e-12
-1.212497225018538405e-12
-8.002897932020414107e-13
-3.744133367060420436e-13
6.282238048998731172e-14
5.089709036176781609e-13
9.614644150279794133e-13
1.417632179180616792e-12
1.874718696254218386e-12
2.329904498499235643e-12
2.780327183760089582e-12
3.223102774257968761e-12
3.655349460618406710e-12
4.074208852233862643e-12
4.476871564434992123e-12
4.860599336214965760e-12
5.222748015315525905e-12
5.560790109632174349e-12
5.872336037576753043e-12
6.155157113163500782e-12
6.407201592201205997e-12
6.626617657379263449e-12
6.811767296055482035e-12
6.961241912767368589e-12
7.073875773339066697e-12
7.148757714264819541e-12
7.185240250007218776e-12
7.182943042444156490e-12
7.141763742890550049e-12
7.061874522651390151e-12
6.943722940383478814e-12
6.788032809457167360e-12
6.595791187530286592e-12
6.368248376548146794e-12
6.106903611274860921e-12
5.813495518314226729e-12
5.489983467832360020e-12
5.138536297855100798e-12
4.761511063905432550e-12
4.361435258087853484e-12
3.940985125044926818e-12
3.502962243190355096e-12
3.050271840665530476e-12
2.585898292370436558e-12
2.112880616994550209e-12
1.634286781425353663e-12
1.153190715662277821e-12
6.726470509060833436e-13
1.956662913291107309e-13
-2.748080083804504969e-13
-7.359213607428805037e-13
-1.184930409001139218e-12
-1.619222659600405567e-12
-2.036335726776639099e-12
-2.433973378748732763e-12
-2.810020445498384589e-12
-3.162558106020729731e-12
-3.489873104042806595e-12
-3.790468806885716191e-12
-4.063070626475484559e-12
-4.306632307715663188e-12
-4.520338096891673985e-12
-4.703604259553850753e-12
-4.856078213155701206e-12
-4.977633756564348033e-12
-5.068366733251838951e-12
-5.128588092401242804e-12
-5.158814347927531685e-12
-5.159760639583677033e-12
-5.132324686768496846e-12
-5.077574645462323844e-12
-4.996738266205280610e-12
-4.891185546862519828e-12
-4.762410951708595519e-12
-4.612022135724869187e-12
-4.441718694236929110e-12
-4.253278285126782521e-12
-4.048537546874619864e-12
-3.829376052366662009e-12
-3.597699612181703976e-12
-3.355425529441569132e-12
-3.104465035735914924e-12
-2.846709196493990568e-12
-2.584014816356394739e-12
-2.318192079270309236e-12
-2.050991538063429154e-12
-1.784092947161586284e-12
-1.519096263710717487e-12
-1.257511781337095069e-12
-1.000753733354509123e-12
-7.501334622905808658e-13
-5.068542699264433349e-13
-2.720079478497894332e-13
-4.657210760702218399e-14
1.685914320474768413e-13
3.727368890968363324e-13
5.652339490555546853e-13
7.455660980086598055e-13
9.133276817133162417e-13
1.068221032463068099e-12
1.210051915438714598e-12
1.338724812428859767e-12
1.454236579247203398e-12
1.556672434184502851e-12
1.646197392811410420e-12
1.723051389068697148e-12
1.787541252171176431e-12
1.840033984554234614e-12
1.880949606139492580e-12
1.910754323861119097e-12
1.929952942250623416e-12
1.939082141383385860e-12
1.938704622186926407e-12
1.929401950706566282e-12
1.911767836051958547e-12
1.886403359907529165e-12
1.853912639723787059e-12
1.814895022461682217e-12
1.769943349869129712e-12
1.719638429049930028e-12
1.664545996697686103e-12
1.605213358069068619e-12
1.542167110159253784e-12
1.475910756457143869e-12
1.406923297482542967e-12
1.335657062381812032e-12
1.262538034188520619e-12
1.187964765621274399e-12
1.112307728562411668e-12
1.035910181419741338e-12
9.590882775467601817e-13
8.821319326043908227e-13
8.053053124519593542e-13
7.288486762908885641e-13
6.529791898163272990e-13
5.778923346799746952e-13
5.037634263731216588e-13
4.307494031602354667e-13
3.589899644912408760e-13
2.886095496704849106e-13
2.197190454751585253e-13
1.524170871979035891e-13
8.679137324194702297e-14
2.292076576280999145e-14
-3.912406897478397372e-14
-9.927892926156478559e-14
-1.574851089380241431e-13
-2.136883470735609358e-13
-2.678379436640843103e-13
-3.198859363159889391e-13
-3.697863955147429049e-13
-4.174951942319260478e-13
-4.629692354311820690e-13
-5.061665062783271551e-13
-5.470458070908068571e-13
-5.855665887073702169e-13
-6.216894945891560109e-13
-6.553759813489323793e-13
-6.865891319027261908e-13
-7.152933844192799206e-13
-7.414557791525500097e-13
-7.650456331810551180e-13
-7.860356788201572353e-13
-8.044022804624961775e-13
-8.201262477296189513e-13
-8.331931065225228750e-13
-8.435940748036108161e-13
-8.513263878573429366e-13
-8.563942198620833057e-13
-8.588088465204257727e-13
-8.585892955804974580e-13
-8.557626178865018751e-13
-8.503648631606741670e-13
-8.424408089527379850e-13
-8.320446111612089801e-13
-8.192396956131775543e-13
-8.040991917451778548e-13
-7.867058241829705256e-13
-7.671519127415427075e-13
-7.455391013745649165e-13
-7.219785750148255410e-13
-6.965903006327101021e-13
-6.695029188159840050e-13
-6.408529306181631746e-13
-6.107846433484054316e-13
-5.794490321592293824e-13
-5.470034147858626739e-13
-5.136103673440695072e-13
-4.794370195987385230e-13
-4.446539436566560033e-13
-4.094343408148765073e-13
-3.739529031484417620e-13
-3.383847022031538643e-13
-3.029044029490002288e-13
-2.676846916870034843e-13
-2.328954628975921093e-13
-1.987024639878848253e-13
-1.652664956925883888e-13
-1.327420161637005158e-13
-1.012763210426169402e-13
-7.100837794279599158e-14
-4.206799974560207489e-14
-1.457492811065674160e-14
1.136185600898037551e-14
3.564509120810785414e-14
5.818958460695675128e-14
7.892289794787787915e-14
9.778578635840848299e-14
1.147324016391795820e-13
1.297306175245677151e-13
1.427620635640128310e-13
1.538221725558633346e-13
1.629200789034224162e-13
1.700783204593506182e-13
1.753325268175412455e-13
1.787309449746699030e-13
1.803341140695427502e-13
1.802139844688313564e-13
1.784532943508235214e-13
1.751448514214840046e-13
1.703905435799721313e-13
1.643005393195395847e-13
1.569921764203036085e-13
1.485890268248732382e-13
1.392197040159595667e-13
1.290168872344205075e-13
1.181161559619253731e-13
1.066548515086737647e-13
9.477099281122308705e-14
8.260207703383523614e-14
7.028411733904851855e-14
5.795052480418727558e-14
4.573110892248412329e-14
3.375115941936512876e-14
2.213049757554888530e-14
1.098269526266914403e-14
4.142566300384273531e-16
-9.475988820928458317e-15
-1.859755195167140523e-14
-2.686876430710565672e-14
-3.421722744013054596e-14
-4.058012538737769404e-14
-4.590449656678707857e-14
-5.014735575035143833e-14
-5.327577707334510415e-14
-5.526682965982000761e-14
-5.610749969557453365e-14
-5.579444648266471130e-14
-5.433372461259751429e-14
-5.174043160062480329e-14
-4.803828436926969869e-14
-4.325911102855822810e-14
-3.744231893932845057e-14
-3.063428484950843356e-14
-2.288772300753760119e-14
-1.426097873688872419e-14
-4.817337680699433980e-15
5.375749656890988631e-15
1.624735908962657294e-14
2.772392707658770383e-14
3.972998213514107591e-14
5.218890166487806515e-14
6.502369714715683369e-14
7.815770193585550030e-14
9.151529631757499006e-14
1.050225715854696817e-13
1.186080584875820465e-13
1.322031676839752201e-13
1.457429283594630087e-13
1.591663541418431027e-13
1.724170123080376316e-13
1.854433490447449095e-13
1.981990824717269617e-13
2.106434059297168648e-13
2.227413403461248054e-13
2.344638426552553279e-13
2.457878464558888032e-13
2.566964381941344575e-13
2.671787216381588115e-13
2.772298449832399925e-13
2.868506755911159889e-13
2.960477999899846502e-13
3.048331986138519412e-13
3.132238392267172600e-13
3.212414871871932531e-13
3.289121633474195727e-13
3.362657103721938823e-13
3.433354132682114868e-13
3.501572946526532171e-13
3.567696268622078115e-13
3.632123356418770488e-13
3.695265122539981295e-13
3.757535732215600000e-13
3.819347453321714214e-13
3.881104151167574789e-13
3.943193428029845293e-13
4.005983370546084554e-13
4.069811978743564929e-13
4.134985539736013571e-13
4.201768056752430702e-13
4.270379080732744637e-13
4.340988831418035598e-13
4.413708439530983352e-13
4.488592386230755293e-13
4.565629016343997204e-13
4.644740538364833249e-13
4.725777603444003550e-13
4.808522286944838520e-13
4.892681312179680830e-13
4.977888218814230381e-13
5.063702278665371814e-13
5.149611206206605729e-13
5.235032784871307410e-13
5.319315409153813068e-13
5.401743505620282271e-13
5.481541869717387883e-13
5.557881086783178493e-13
5.629879158350337143e-13
5.696615054673337397e-13
5.757130883132788313e-13
5.810443272358245537e-13
5.855546624834728764e-13
5.891429379935309019e-13
5.917078350729798597e-13
5.931489023905389679e-13
5.933679112293810398e-13
5.922695060084359753e-13
5.897625595351063676e-13
5.857609319467882436e-13
5.801846633332607972e-13
5.729609495186416268e-13
5.640250636332333478e-13
5.533214945258047024e-13
5.408043804444595537e-13
5.264385932388093714e-13
5.102004973014939715e-13
4.920783832490505105e-13
4.720728473926738555e-13
4.501976048898459482e-13
4.264794355342271803e-13
4.009585090163081400e-13
3.736882765031923626e-13
3.447357145840851400e-13
3.141804850136098448e-13
2.821150702370794905e-13
2.486440415540303039e-13
2.138834763595540145e-13
