0.000000000000000000e+00
0.000000000000000000e+00
0.000000000000000000e+00
0.000000000000000000e+00
0.000000000000000000e+00
0.000000000000000000e+00
0.000000000000000000e+00
0.000000000000000000e+00
0.000000000000000000e+00
0.000000000000000000e+00
0.000000000000000000e+00
0.000000000000000000e+00
0.000000000000000000e+00
0.000000000000000000e+00
0.000000000000000000e+00
0.000000000000000000e+00
0.000000000000000000e+00
0.000000000000000000e+00
0.000000000000000000e+00
0.000000000000000000e+00
0.000000000000000000e+00
0.000000000000000000e+00
0.000000000000000000e+00
0.000000000000000000e+00
0.000000000000000000e+00
0.000000000000000000e+00
0.000000000000000000e+00
0.000000000000000000e+00
0.000000000000000000e+00
0.000000000000000000e+00
0.000000000000000000e+00
0.000000000000000000e+00
0.000000000000000000e+00
0.000000000000000000e+00
0.000000000000000000e+00
0.000000000000000000e+00
0.000000000000000000e+00
0.000000000000000000e+00
0.000000000000000000e+00
0.000000000000000000e+00
0.000000000000000000e+00
0.000000000000000000e+00
0.000000000000000000e+00
0.000000000000000000e+00
0.000000000000000000e+00
0.000000000000000000e+00
0.000000000000000000e+00
0.000000000000000000e+00
0.000000000000000000e+00
0.000000000000000000e+00
0.000000000000000000e+00
0.000000000000000000e+00
0.000000000000000000e+00
0.000000000000000000e+00
0.000000000000000000e+00
0.000000000000000000e+00
0.000000000000000000e+00
-1.401298464324817071e-45
-1.401298464324817071e-45
-4.203895392974451213e-45
5.605193857299268284e-45
5.605193857299268284e-45
-8.407790785948902426e-45
-1.835700988265510363e-43
-8.267660939516420718e-44
1.565250384650820668e-42
5.323532865969980052e-42
8.825377728317697913e-42
2.118763278059123411e-42
-2.931095997828219867e-41
-6.647339525217634739e-41
-5.281774171733100504e-41
8.084511230229167127e-41
3.867471657659349130e-40
6.763240921201940359e-40
3.991472558767452193e-40
-1.123614358037282671e-39
-3.901977231044883426e-39
-5.962649681265421545e-39
-2.763562358627402038e-39
1.070207930835088810e-38
3.354882004343495480e-38
4.999429346753221762e-38
2.567409160110599874e-38
-7.714013521455542793e-38
-2.552572996697468733e-37
-4.022188012170557869e-37
-2.780788688805162733e-37
4.031897553177925954e-37
1.697705420287684784e-36
3.014715042097774944e-36
2.834695407585089840e-36
-9.263878770006848430e-37
-9.402494048217537016e-36
-2.016639192979219500e-35
-2.481100084657514990e-35
-9.516819196426843794e-36
3.801333491115157509e-35
1.139194189872807729e-34
1.804270870851936996e-34
1.583154873332495236e-34
-5.029326177288011680e-35
-4.926222695340175342e-34
-1.056589607487759123e-33
-1.374270721052824800e-33
-8.386114452010436069e-34
1.147382770764357134e-33
4.633982034591788707e-33
8.427868378693628353e-33
9.639736932834173020e-33
4.127109237859202965e-33
-1.153042041379597185e-32
-3.642534613872555975e-32
-6.116820624101293022e-32
-6.584285340064546207e-32
-2.389751215610115358e-32
8.472443712223984906e-32
2.514030238301366622e-31
4.146480150491685900e-31
4.494643709691114961e-31
1.916218010060742114e-31
-4.854420682878927894e-31
-1.542688317205596812e-30
-2.634812470927452795e-30
-3.040187622300046787e-30
-1.776427375505023091e-30
1.998472427923373123e-30
8.293036284938208953e-30
1.547265786247246865e-29
1.974279211934862167e-29
1.551863191673086864e-29
-2.745145499170209490e-30
-3.707740444550098174e-29
-8.151387146794065861e-29
-1.184224109777708751e-28
-1.185116778306932235e-28
-4.770437893354486246e-29
1.172143834572161339e-28
3.656646666646409286e-28
6.298773142417898730e-28
7.737183291815157732e-28
6.100201579949311068e-28
-3.967571264466025889e-29
-1.240716233204328603e-27
-2.815948971786226151e-27
-4.239638564543052974e-27
-4.628430279462381927e-27
-2.910194353614815537e-27
1.776801722119432284e-27
9.477911864593730992e-27
1.875325749912472354e-26
2.622781934668278506e-26
2.674478824756289547e-26
1.449867795525910326e-26
-1.466888085853635860e-26
-6.003921125726386021e-26
-1.126829624616455314e-25
-1.534852766921501454e-25
-1.544084658183883227e-25
-8.471387441513126972e-26
7.714257233609465959e-26
3.272500225419464348e-25
6.197103916951278753e-25
8.568133835967497623e-25
8.947121350282170694e-25
5.726211641988028992e-25
-2.308580485011496115e-25
-1.519752268214244406e-24
-3.098786447379716322e-24
-4.518262760234404965e-24
-5.085354749044707216e-24
-3.980169298300027108e-24
-4.976196219892362860e-25
5.599596212648822560e-24
1.368339509079003862e-23
2.194228598558003696e-23
2.731236193456344831e-23
2.583649468875994085e-23
1.357873218132893566e-23
-1.190635337314763240e-23
-4.974946565610879625e-23
-9.403458017417302847e-23
-1.328258243791193264e-22
-1.487462238932807970e-22
-1.217980537951089228e-22
-3.475150013108398002e-23
1.192782301154412745e-22
3.283851243592302639e-22
5.548898094422531184e-22
7.329515434558378373e-22
7.741026682141964129e-22
5.832273087449257551e-22
8.558068601905601689e-23
-7.378081498416128920e-22
-1.812981589395551343e-21
-2.944756518340242952e-21
-3.810659927215192708e-21
-3.990560805232322452e-21
-3.041507973337320596e-21
-6.187073692536356528e-22
3.369627863727553830e-21
8.601481220485273378e-21
1.421808443174721418e-20
1.879211533817842769e-20
2.044146178082088031e-20
1.712740789306692392e-20
7.143943744727089621e-21
-1.024389598652975966e-20
-3.411435664071322240e-20
-6.131738661899861803e-20
-8.622191431954643030e-20
-1.009927751203292764e-19
-9.657380826700907769e-20
-6.444067197798253241e-20
9.719396431305083569e-22
9.947107298596141283e-20
2.224652626624614750e-19
3.511941081176841465e-19
4.566379227271156580e-19
5.018382767218867332e-19
4.471173323705717323e-19
2.581925891859104235e-19
-8.346485025207329778e-20
-5.694614291714390060e-19
-1.154681476192625742e-18
-1.751554119900423549e-18
-2.231308742218675825e-18
-2.434658067720189969e-18
-2.193304756155539522e-18
-1.362022258342437952e-18
1.413814905777132808e-19
2.293446549833659264e-18
4.927320107944129621e-18
7.709291876130940915e-18
1.013919696405140119e-17
1.158361478660782279e-17
1.134677974234409012e-17
8.779212775340717326e-18
3.417101101634880353e-18
-4.862383948316879290e-18
-1.569265515898030160e-17
-2.810398408963624877e-17
-4.047653479317571000e-17
-5.058789133935041394e-17
-5.577841659589616048e-17
-5.324400799092758835e-17
-4.044492987633128392e-17
-1.560406246101464723e-17
2.176171736359004308e-17
7.034341282172987177e-17
1.266656378046530939e-16
1.849224198646561338e-16
2.371084770870182006e-16
2.734995271301251044e-16
2.835166711132524687e-16
2.569579001125346781e-16
1.855109886489896649e-16
6.444814291817874650e-17
-1.056763532775936438e-16
-3.175143501545535417e-16
-5.558219611970878146e-16
-7.969413245778123392e-16
-1.009026621988145991e-15
-1.153143984007544854e-15
-1.185183852270386019e-15
-1.058559308798564559e-15
-7.274801759799866263e-16
-1.505174370897339499e-16
7.058251963482792008e-16
1.863944069552844578e-15
3.332737316574427809e-15
5.106216996811092229e-15
7.163438950092554380e-15
9.469708071624567680e-15
1.197935234489118025e-14
1.463952453728024905e-14
1.739465335822126119e-14
2.019181873026860974e-14
2.298569253228292808e-14
2.574310156591794879e-14
2.844685614454209310e-14
3.109819801845603582e-14
3.371746783685514171e-14
3.634355796454553922e-14
3.903114268420659894e-14
4.184783555381994813e-14
4.486976450655301429e-14
4.817565278452361210e-14
5.184260410285440601e-14
5.594153544802131506e-14
6.053258615927939457e-14
6.566387109616447781e-14
7.136920042579916745e-14
7.766822531255976325e-14
8.456754583717127072e-14
9.206308268895971314e-14
1.001419338620725130e-13
1.087873823142626595e-13
1.179798581963167892e-13
1.276994867271605272e-13
1.379301268469509956e-13
1.486573586667941371e-13
1.598710720014315245e-13
1.715652901863873314e-13
1.837348768138694077e-13
1.963759965186925860e-13
2.094821576403491092e-13
2.230426536823856831e-13
2.370415604253939268e-13
2.514572209309784423e-13
2.662554963832330923e-13
2.813925850143894625e-13
2.968118101558808730e-13
3.124457886426873499e-13
3.282151839808372662e-13
3.440321757943592962e-13
3.597997279888159872e-13
3.754054087989205923e-13
3.907284109976039144e-13
4.056403650476436695e-13
4.199999723009106845e-13
4.336609196742280403e-13
4.464591673788986803e-13
4.582327356103532701e-13
4.688052788852370423e-13
4.779880918154288949e-13
4.855955047788906853e-13
4.914213025224156706e-13
4.952624139790973157e-13
4.969079076162785658e-13
4.961372025019672449e-13
4.927334582016662523e-13
4.864780453472938859e-13
4.771497324855544786e-13
4.645351486289028831e-13
4.484209498948482642e-13
4.286001891937174513e-13
4.048757043604439554e-13
3.770650512744527783e-13
3.449943781173858692e-13
3.085093216049356046e-13
2.674715917500014584e-13
2.217650027372744526e-13
1.713004602532305909e-13
1.160117466501853212e-13
5.586586491264540488e-14
-9.135407884265818457e-15
-7.895856142308907422e-14
-1.535325686030653003e-13
-2.327495292851755604e-13
-3.164599387660976815e-13
-4.044688574952187698e-13
-4.965353215397039222e-13
-5.923732099462342138e-13
-6.916519765774731265e-13
-7.939950238088078205e-13
-8.989814643568794228e-13
-1.006132785592861456e-12
-1.114939195655251236e-12
-1.224833494177512971e-12
-1.335223381512817831e-12
-1.445460071081150488e-12
-1.554868213349269723e-12
-1.662735379069635311e-12
-1.768331032818426518e-12
-1.870883222648833666e-12
-1.969585085304093042e-12
-2.063629432266789188e-12
-2.152228699078828633e-12
-2.234578841409096128e-12
-2.309861503457799614e-12
-2.377258979946450523e-12
-2.435982188533913906e-12
-2.485274572944229377e-12
-2.524425330233115439e-12
-2.552726693222373555e-12
-2.569539416311106272e-12
-2.574270224070529522e-12
-2.566379183818745524e-12
-2.545410063281572377e-12
-2.510968646549094352e-12
-2.462739647629552664e-12
-2.400491264098469912e-12
-2.324105534759479674e-12
-2.233507866503114947e-12
-2.128735555884109232e-12
-2.009935620717051563e-12
-1.877368486363772959e-12
-1.731412214121819115e-12
-1.572524662568630660e-12
-1.401262677939996149e-12
-1.218291635109169935e-12
-1.024360826197556751e-12
-8.203394560868382257e-13
-6.071876942209675221e-13
-3.859599001076324809e-13
-1.577845384730103273e-13
7.614428429144129429e-14
3.145636691664205342e-13
5.561579300393526548e-13
7.995461389319336032e-13
1.043319402226072778e-12
1.286037032074971442e-12
1.526241372867831458e-12
1.762471245336794112e-12
1.993283576390281198e-12
2.217253941214081259e-12
2.432972876983963140e-12
2.639066482706953209e-12
2.834239570467800284e-12
3.017239019395545618e-12
3.186898227952594809e-12
3.342119333019089034e-12
3.481923733714142877e-12
3.605452741917147819e-12
3.711928767829997255e-12
3.800687195520957573e-12
3.871162071455991338e-12
3.922941398809554059e-12
3.955754560719393353e-12
3.969450202562230245e-12
3.964023120167636804e-12
3.939554845538983940e-12
3.896273494813362603e-12
3.834519941153802236e-12
3.754774702963148414e-12
3.657651872351896927e-12
3.543855747051294358e-12
3.414195792403318386e-12
3.269612228531948439e-12
3.111113580298030534e-12
2.939803565513154915e-12
2.756806501830189049e-12
2.563361415491849371e-12
2.360705814857810836e-12
2.150146163545918476e-12
1.933035762707868699e-12
1.710731382942309864e-12
1.484611695731774539e-12
1.256072502953120562e-12
1.026465479454785612e-12
7.971297775501151595e-13
5.693649219630503300e-13
3.444293461551950486e-13
1.235345918441932422e-13
-9.216007134955211955e-14
-3.015512644276296950e-13
-5.036261663780849940e-13
-6.974507776869032227e-13
-8.821684702176035842e-13
-1.057003443105664076e-12
-1.221278828934801997e-12
-1.374404171201881741e-12
-1.515899168344492232e-12
-1.645359304532079125e-12
-1.762491519917419591e-12
-1.867088298204699903e-12
-1.959024088782346240e-12
-2.038281652835816082e-12
-2.104926476176327554e-12
-2.159081507330240512e-12
-2.200967923540741999e-12
-2.230878459394403102e-12
-2.249166347959019596e-12
-2.256255295443598818e-12
-2.252603052005364148e-12
-2.238719843186687264e-12
-2.215184416107240928e-12
-2.182602622941010040e-12
-2.141610673522809094e-12
-2.092841091400066134e-12
-2.036961745111032229e-12
-1.974666307205663607e-12
-1.906625465147859799e-12
-1.833537011455832477e-12
-1.756073043056305405e-12
-1.674888526481677076e-12
-1.590652306052153797e-12
-1.503994736910818641e-12
-1.415537392163157548e-12
-1.325869969370785384e-12
-1.235561891514691535e-12
-1.145139538749617714e-12
-1.055091452574485889e-12
-9.658700705558742605e-13
-8.779012673071351358e-13
-7.915791503179669952e-13
-7.072543505709516509e-13
-6.252490387416431705e-13
-5.458455410757567794e-13
-4.692748468461405142e-13
-3.957367474081291414e-13
-3.253984809468285500e-13
-2.583977953482530232e-13
-1.948440730590791925e-13
-1.348129778384193900e-13
-7.834898230413625542e-14
-2.546873065364333583e-14
2.383999302222467032e-14
6.960954029985519376e-14
1.118933775929448204e-13
1.507660641296426629e-13
1.863169042876436365e-13
2.186513502807491127e-13
2.478859402899741271e-13
2.741501416072406050e-13
2.975812684376938355e-13
3.183268535919547837e-13
3.365389564247145415e-13
3.523716420646832992e-13
3.659836106048586224e-13
3.775326134613371520e-13
3.871824464773271357e-13
3.950946557765289135e-13
4.014278330317228027e-13
4.063361246867819299e-13
4.099715629913430748e-13
4.124775878928260697e-13
4.139910528104528975e-13
4.146439593587236683e-13
4.145631591918191861e-13
4.138670471869748679e-13
4.126646398726341314e-13
4.110580148833364866e-13
4.091450756752573747e-13
4.070122602665982026e-13
4.047382275249727934e-13
4.023954834706661154e-13
4.000467763044107672e-13
3.977448795669524806e-13
3.955366036870883173e-13
3.934557486675455129e-13
3.915283353604637195e-13
3.897784872641807397e-13
3.882201092715586999e-13
3.868614142140541778e-13
3.857042994454690232e-13
3.847457020946659645e-13
3.839776803807315453e-13
3.833883893949313615e-13
3.829642224000007200e-13
3.826850132355313905e-13
3.825264215627510733e-13
3.824603665453923940e-13
3.824590926078397235e-13
3.824901278950271211e-13
3.825228708006361833e-13
3.825232502713965532e-13
3.824565718377886947e-13
3.822859184158394763e-13
3.819727466183170383e-13
3.814729565218555329e-13
3.807456194944436323e-13
3.797449822044024481e-13
3.784238547521745488e-13
3.767316862114677978e-13
3.746141580534406712e-13
3.720160301774050327e-13
3.688754759544748962e-13
3.651351681947800909e-13
3.607267479513454056e-13
3.555803112890998374e-13
3.496258458527551349e-13
3.427913606180582606e-13
3.350029129968457031e-13
3.261850967280210956e-13
3.162545908746289269e-13
3.051363415412788882e-13
2.927569753459480228e-13
2.790457480968816517e-13
2.639318884972707835e-13
2.473581235673538714e-13
2.292582356594463633e-13
2.095879757723836945e-13
1.883028509595124911e-13
1.653772876020892513e-13
1.407863490501468084e-13
1.145293576773273592e-13
8.661370638719453896e-14
5.705189738604982130e-14
2.590041760707970098e-14
-6.805408287683528679e-15
-4.100652516115729784e-14
-7.662800109069570209e-14
-1.135850311376196409e-13
-1.517718107224216850e-13
-1.910898604065222606e-13
-2.314053354317280320e-13
-2.725909233579348889e-13
-3.145148529636043744e-13
-3.570312448464285637e-13
-4.000122715702714160e-13
-4.433000732988190418e-13
-4.867423738369458519e-13
-5.301855417368106504e-13
-5.734736687260100219e-13
-6.164571349047409665e-13
-6.589946145198199989e-13
-7.009261335406968829e-13
-7.421023973282203645e-13
-7.823927595206059404e-13
-8.216507986144594433e-13
-8.597272199706296192e-13
-8.964958224562391553e-13
-9.318159308394080576e-13
-9.655551098247672215e-13
-9.975884051119376927e-13
-1.027776496721755084e-12
-1.055990906696779863e-12
-1.082094158201540868e-12
-1.105962326927723005e-12
-1.127463682311369286e-12
-1.146454784405059879e-12
-1.162812359421783182e-12
-1.176406628361492679e-12
-1.187119955288473694e-12
-1.194820934899420983e-12
-1.199379029252767292e-12
-1.200696334892337180e-12
-1.198664973701968339e-12
-1.193181079113536658e-12
-1.184165070687581700e-12
-1.171537367984643030e-12
-1.155248748226089806e-12
-1.135269395852178675e-12
-1.111567110058386820e-12
-1.084125194131257963e-12
-1.052979318322266877e-12
-1.018138698349879689e-12
-9.796823725524705928e-13
-9.377164843227259183e-13
-8.923257098503167839e-13
-8.436260045575905142e-13
-7.917760414324903628e-13
-7.369508107056554902e-13
-6.793326751824979581e-13
-6.191069250142955394e-13
-5.564879069705486181e-13
-4.917115434439900401e-13
-4.250419460838372743e-13
-3.566951963830666816e-13
-2.869530784863072448e-13
-2.160776576111758662e-13
-1.443484952878479333e-13
-7.201970140049973601e-14
6.480954011303663442e-16
7.338888611402305528e-14
1.459205884379519147e-13
2.180186098928865723e-13
2.893988759571086700e-13
3.598418763482713612e-13
4.290915225132335697e-13
4.968951682407518611e-13
5.630594189683091333e-13
6.273919101254521458e-13
6.896723318307318440e-13
7.497224412469916111e-13
8.073622608135988532e-13
8.623943573149439601e-13
9.146883554397855498e-13
9.640852569395286231e-13
1.010474473192579659e-12
1.053719719985857228e-12
1.093688399393666355e-12
1.130297895210463643e-12
1.163473072225695848e-12
1.193107244945590395e-12
1.219149022187171472e-12
1.241551024315501461e-12
1.260254595993048898e-12
1.275240763681795286e-12
1.286507575817830151e-12
1.294069777550699296e-12
1.297922164709974790e-12
1.298095094956486228e-12
1.294652969899279249e-12
1.287652059631105850e-12
1.277180184527937357e-12
1.263326032327483084e-12
1.246186205443311490e-12
1.225879857694178732e-12
1.202541972250559255e-12
1.176331818411591179e-12
1.147379825698624511e-12
1.115885378891179336e-12
1.081996580006017172e-12
1.045903381263757481e-12
1.007782399198298151e-12
9.678343196317662489e-13
9.262597199660715930e-13
8.832417219481469850e-13
8.389843724268541969e-13
7.936975187326777981e-13
7.475856413953485546e-13
7.008364158109237074e-13
6.536420710245849364e-13
6.061938060894500602e-13
5.586529502887849219e-13
5.111952527947494218e-13
4.640000406466726623e-13
4.172324920455328101e-13
3.710384592885834776e-13
3.255477484809254918e-13
2.809088140050264304e-13
2.372478298887092940e-13
1.946732434542769452e-13
1.532862107644222815e-13
1.131956873612165182e-13
7.448193808674147265e-14
3.720970336322168559e-14
1.449212280500787164e-15
-3.274667998787519907e-14
-6.533633361985660692e-14
-9.627124401487274774e-14
-1.255271114917327901e-13
-1.530668224548198397e-13
-1.788937379308686015e-13
-2.030015153371700354e-13
-2.254013219561007420e-13
-2.460955701374945015e-13
-2.650999266027437296e-13
-2.824481371444670375e-13
-2.981710744195259499e-13
-3.123033244772227546e-13
-3.248847588524506058e-13
-3.359578240602623111e-13
-3.455751852211863540e-13
-3.537953079373740151e-13
-3.606818619814045057e-13
-3.662928792745601125e-13
-3.706851991157333881e-13
-3.739193741962576478e-13
-3.760637092529994785e-13
-3.771881895361928194e-13
-3.773588971682506621e-13
-3.766433508394645413e-13
-3.751047053263817377e-13
-3.728072267127763295e-13
-3.698175663272018632e-13
-3.661988518411513072e-13
-3.620091151759069481e-13
-3.573129476758946099e-13
-3.521658604923455504e-13
-3.466232563562737790e-13
-3.407379088084250274e-13
-3.345560861765101146e-13
-3.281214275979715822e-13
-3.214822613846479715e-13
-3.146821724638731999e-13
-3.077578610791859015e-13
-3.007401185722846648e-13
-2.936624196852449797e-13
-2.865540107716696427e-13
-2.794440568699985139e-13
-2.723506641565121011e-13
-2.652915593367305425e-13
-2.582857159486723342e-13
-2.513474454610142850e-13
-2.444848522849957240e-13
-2.377097542242967432e-13
-2.310312856822205330e-13
-2.244563448950895324e-13
-2.179861786954020997e-13
-2.116243785028545932e-13
-2.053731940369549203e-13
-1.992323406946328035e-13
-1.932033634639840347e-13
-1.872807329139289378e-13
-1.814582419870300334e-13
-1.757342508275014370e-13
-1.701050867004838540e-13
-1.645638784747091576e-13
-1.591039583068165619e-13
-1.537236998935473387e-13
-1.484139417265439853e-13
-1.431716886973050107e-13
-1.379919534758369815e-13
-1.328702908332327071e-13
-1.278036107933006038e-13
-1.227877391776766025e-13
-1.178179868119647034e-13
-1.128906606325148776e-13
-1.080068448414996107e-13
-1.031618096069414348e-13
-9.835502638028126299e-14
-9.358991717462600279e-14
-8.886600765152519177e-14
-8.418188834815459876e-14
-7.953980898402213118e-14
-7.494191085841844790e-14
-7.038805844607198825e-14
-6.588215487480370003e-14
-6.143005483634500496e-14
-5.703682019958869476e-14
-5.270763819430375474e-14
-4.844539550877442757e-14
-4.425434763652771886e-14
-4.013974618183660525e-14
-3.610847921662815874e-14
-3.216594064671049469e-14
-2.831815287633859118e-14
-2.456925112036094372e-14
-2.092539839050177458e-14
-1.739117205280804601e-14
-1.397186098100241386e-14
-1.067164951784431437e-14
-7.495558874645071035e-15
-4.447807698998483897e-15
-1.532008162908118920e-15
1.249084335448605657e-15
3.891343898585614136e-15
6.391012241315939188e-15
8.745044280194201602e-15
1.095170740932679271e-14
1.300966628127236610e-14
1.491817635407028525e-14
1.667625930466647144e-14
1.828410571547405689e-14
1.974269136844827854e-14
2.105321735630834301e-14
2.221750310582495253e-14
2.323757641387383388e-14
2.411610712830473263e-14
2.485658671892623101e-14
2.546236604807766701e-14
2.593821221718618786e-14
2.628803513033631939e-14
2.651660358302110332e-14
2.662892184589291805e-14
2.663005009377866078e-14
2.652491297623366800e-14
2.631994624959117790e-14
2.602065393394244891e-14
2.563344129243461805e-14
2.516470172975356079e-14
2.462045934422014970e-14
2.400749378754420821e-14
2.333257285297429817e-14
2.260215770783207540e-14
2.182297887591642255e-14
2.100146872542878879e-14
2.014383600787254813e-14
1.925627253409212952e-14
1.834482950746271768e-14
1.741513292081997566e-14
1.647290194062376451e-14
1.552390486124488600e-14
1.457332721838643097e-14
1.362649176708894544e-14
1.268861368920867413e-14
1.176478788792335167e-14
1.085970184356308335e-14
9.977855842176631268e-15
9.123714594428972841e-15
8.301354022862295762e-15
7.514732312439119377e-15
6.767952914272417145e-15
6.064965542995235867e-15
5.409669091263787088e-15
4.805773139870571017e-15
4.256832686095213952e-15
3.766197321727633024e-15
3.336790157468802823e-15
2.971590843468927164e-15
2.672992459562236259e-15
2.443291947343446957e-15
2.284386025339698451e-15
2.197958595050132288e-15
2.185459141605737392e-15
2.248086004868641782e-15
2.386775791520271903e-15
2.602032062647770434e-15
2.894014060445221186e-15
3.262530778983018312e-15
3.707041387724339943e-15
4.226418697574627417e-15
4.819082145054304211e-15
5.483023415045430379e-15
6.215907237712425815e-15
7.014925275318668885e-15
7.876777063985183208e-15
8.797705165557948709e-15
9.773586223649731453e-15
1.079948203617803887e-14
1.187024518392240657e-14
1.297988290878101039e-14
1.412212462584532674e-14
1.529020169483384650e-14
1.647696431063879613e-14
1.767475021321931322e-14
1.887541772188638944e-14
2.007073367639271300e-14
2.125220741847500677e-14
2.241080449471785641e-14
2.353726005874419436e-14
2.462225166593653980e-14
2.565622647871575873e-14
2.662978920763090646e-14
2.753380714344468710e-14
2.835903915670255626e-14
2.909673031486169348e-14
2.973781228318879422e-14
3.027381134407952645e-14
3.069661969816277203e-14
3.099861404891324224e-14
3.117277757539588245e-14
3.121329624346073917e-14
3.111488456751694553e-14
3.087249423119886593e-14
3.048235424382532421e-14
2.994194044721350256e-14
2.924980272095770162e-14
2.840530070814979713e-14
2.740877152790279631e-14
2.626211253401854878e-14
2.496811385302531022e-14
2.353097168614377843e-14
2.195587326314293874e-14
2.024896126695627935e-14
1.841751171060071468e-14
1.646981535256396983e-14
1.441536404405297650e-14
1.226464574702063742e-14
1.002917841548371658e-14
7.721276214429396989e-15
5.353943640696873923e-15
2.941138738465714185e-15
4.973880169022106175e-16
-1.962336899013561800e-15
-4.422577128598620053e-15
-6.867854521170431090e-15
-9.282550212698099240e-15
-1.165115926508213454e-14
-1.395844906131558927e-14
-1.618916792615020250e-14
-1.832886124234107961e-14
-2.036392904888710553e-14
-2.228080526610505541e-14
-2.406758908108600631e-14
-2.571242711476608156e-14
-2.720444007597074693e-14
-2.853434787172988429e-14
-2.969512521077896650e-14
-3.067915726692217737e-14
-3.148086717523479461e-14
-3.209643989932238484e-14
-3.252315476935836724e-14
-3.276001567459677077e-14
-3.280705649635548560e-14
-3.266500907110093943e-14
-3.233728863567646161e-14
-3.182844206294291323e-14
-3.114469673912850789e-14
-3.029352688295981755e-14
-2.928323002918814533e-14
-2.812347251780755730e-14
-2.682420190375060798e-14
-2.539660918631642117e-14
-2.385352860872179404e-14
-2.220835006779692256e-14
-2.047524611881526568e-14
-1.866806066826674770e-14
-1.680143552767760645e-14
-1.488954494638719539e-14
-1.294655216230655367e-14
-1.098786724584507879e-14
-9.028161654682162474e-15
-7.081472842336176618e-15
-5.161549424090479399e-15
-3.281546245132403727e-15
-1.453623628090087560e-15
3.102964383038648265e-16
1.999194055405674984e-15
3.603015153889671182e-15
5.112806913140730686e-15
6.520550260488960220e-15
7.819421074994805515e-15
9.003735765582190215e-15
1.006888308488626191e-14
1.101148252441452868e-14
1.182953254531262863e-14
1.252182781969661887e-14
1.308855215371605360e-14
1.353059069680081355e-14
1.385028295395121511e-14
1.405120340420467143e-14
1.413710863868225531e-14
1.411306222034265298e-14
1.398468590685679122e-14
1.375895332047941469e-14
1.344248317666036849e-14
1.304309358950280981e-14
1.256885593596112488e-14
1.202819565276165223e-14
1.142999811552108946e-14
1.078236858251171298e-14
1.009497762889232514e-14
9.376282878641260116e-15
8.634755508264008173e-15
7.878951397560784997e-15
7.116904654036297628e-15
6.356079755538224588e-15
5.604536644076164170e-15
4.869118922347457495e-15
4.155977320098591665e-15
3.471131912243939806e-15
2.820252949090659017e-15
2.208162800965704844e-15
1.638823146842504058e-15
1.116228911737663157e-15
6.429179122402744334e-16
2.211255741772603922e-16
-1.475450925987002032e-16
-4.622150796465942027e-16
-7.224775993935027285e-16
-9.285830559544578332e-16
-1.081243274642508349e-15
-1.181691006033264504e-15
-1.231424227893945528e-15
-1.232754281379371594e-15
-1.188170278684167868e-15
-1.100521638642897818e-15
-9.729719234344378492e-16
-8.088473785030963949e-16
-6.118052803568807107e-16
-3.856235282894429845e-16
-1.341370242648076585e-16
1.387251502771779874e-16
4.292652333006059025e-16
7.336391113581502543e-16
1.048159226513939446e-15
1.369118644953433439e-15
1.692963798765104427e-15
2.016412329399223588e-15
2.336179337207220340e-15
2.648987757595286201e-15
2.952077110188319406e-15
3.242434075276462782e-15
3.517623221378123402e-15
3.775067450751280057e-15
4.012807576188933550e-15
4.229012312459120085e-15
4.422566117170305747e-15
4.592463138697626054e-15
4.737601810693176790e-15
4.857412079983455810e-15
4.951709293385961677e-15
5.020744596169555291e-15
5.064739063933470023e-15
5.084130612711436348e-15
5.079370287547867180e-15
5.051185689744453963e-15
5.000385735765824555e-15
4.927973736138001673e-15
4.835036857648786213e-15
4.722842261587270607e-15
4.592474150125940360e-15
4.445425842350804804e-15
4.283255031851864597e-15
4.107300454202255161e-15
3.919250246065854315e-15
3.720619325868826377e-15
3.513135640823570119e-15
3.298348414190613656e-15
3.077808351538142799e-15
2.852991831293221793e-15
2.625191213975123887e-15
2.395626438786132087e-15
2.165379802074600575e-15
1.935444026454711391e-15
1.706877161956703564e-15
1.480705812512649305e-15
1.257980510735380759e-15
1.039740460172060548e-15
8.269922006618227964e-16
6.207305194616584768e-16
4.218672475392868434e-16
2.312385652323255009e-16
4.954120677072786463e-17
-1.226356932696335482e-16
-2.850140930151000632e-16
-4.373993436326481521e-16
-5.798749440420313678e-16
-7.127135329731471881e-16
-8.363836255249456481e-16
-9.515269550340902868e-16
-1.058982719393073302e-15
-1.159691972206294223e-15
-1.254624672077477628e-15
-1.344821928377917461e-15
-1.431357143610021733e-15
-1.515212770113487026e-15
-1.597316732482030426e-15
-1.678481864707660840e-15
-1.759399769191811406e-15
-1.840617417460171587e-15
-1.922470869834564527e-15
-2.005196130869918957e-15
-2.088806329576917316e-15
-2.173196010353626445e-15
-2.258122286502421174e-15
-2.343237027481979984e-15
-2.428132598686436744e-15
-2.512325556061146062e-15
-2.595312126760728443e-15
-2.676605478598749477e-15
-2.755731061366509943e-15
-2.832206701558785331e-15
-2.905550013912114315e-15
-2.975281366020114150e-15
-3.040897832070352594e-15
-3.101877216250847370e-15
-3.157661959124068336e-15
-3.207597727738261545e-15
-3.250949085736973450e-15
-3.286906904897339381e-15
-3.314575447877637915e-15
-3.332961992063687012e-15
-3.341089484950828838e-15
-3.337919887662203246e-15
-3.322354174948747782e-15
-3.293412753206962848e-15
-3.250038313560438263e-15
-3.191354388667002641e-15
-3.116590390302891381e-15
-3.025068268593827416e-15
-2.916175406960709073e-15
-2.789427514315943706e-15
-2.644502929897811494e-15
-2.481033406132493631e-15
-2.299017460712332421e-15
-2.098480928142219121e-15
-1.879498347321512108e-15
-1.642385238023063611e-15
-1.387515141776612775e-15
-1.115551603017214937e-15
-8.269088208560774513e-16
-5.224407103831510586e-16
-2.029095880160748286e-16
1.307506527161339700e-16
4.774885659932469328e-16
8.362911930545765225e-16
1.205916360082974308e-15
1.585214961006371423e-15
1.972613738004361413e-15
2.366402531556437844e-15
2.764852759175491503e-15
3.165803639813076671e-15
3.566783743087342112e-15
3.965080657742942744e-15
4.357512716271754599e-15
4.740899309956837782e-15
5.111596079542630663e-15
5.465683380065713970e-15
5.799049290083641700e-15
6.107395540905571907e-15
6.386347207358936129e-15
6.631485318557908681e-15
6.838406997242661711e-15
7.002817362854142288e-15
7.120536731314124068e-15
7.187644610626240521e-15
7.200536452083450972e-15
7.155980824991980266e-15
7.051189720405940872e-15
6.883774505414075665e-15
6.651775145776438192e-15
6.353800813393636893e-15
5.989090872679037406e-15
5.557409848473303035e-15
5.058738259018646932e-15
4.493769824298870369e-15
3.863878008237946193e-15
3.170786946400010534e-15
2.416590504230676020e-15
1.604473102095145196e-15
7.375441450032293924e-16
-1.800518877737153009e-16
-1.143898831146500979e-15
-2.148969385754495760e-15
-3.189481387062386569e-15
-4.258424684519578410e-15
-5.349195597511039943e-15
-6.453541060515198893e-15
-7.563723004042413600e-15
-8.671170301699417798e-15
-9.766357644477863253e-15
-1.083965342073452132e-14
-1.188163015376645162e-14
-1.288265284379863651e-14
-1.383237752447920646e-14
-1.472141568262079481e-14
-1.553992394834335933e-14
-1.627830967351924507e-14
-1.692753671066714316e-14
-1.747886537383728373e-14
-1.792449957178313819e-14
-1.825689732314235425e-14
-1.846896726808051892e-14
-1.855459721685024516e-14
-1.850859824561665312e-14
-1.832635063668541786e-14
-1.800442729475194847e-14
-1.754021427614101819e-14
-1.693251048813342041e-14
-1.618058240019683292e-14
-1.528431312178453461e-14
-1.424530862736451964e-14
-1.306622351819348299e-14
-1.175062126188052350e-14
-1.030349172951791625e-14
-8.730774316131808405e-15
-7.039263920025073951e-15
-5.236726986291087571e-15
-3.332166839884452038e-15
-1.335329124258920110e-15
7.430696056159652105e-16
2.891811774782360005e-15
5.098460716113084601e-15
7.350178374743079196e-15
9.633426834834615121e-15
1.193443249363239020e-14
1.423909818179525111e-14
1.653280919285127215e-14
1.880112785021450378e-14
2.102971896828561421e-14
2.320448453069050287e-14
2.531075900898040881e-14
2.733454264260311295e-14
2.926245400505789185e-14
3.108129462896062900e-14
3.277892144997948676e-14
3.434410958749745113e-14
3.576507511915232029e-14
3.703046780345088662e-14
3.813133958433835569e-14
3.905920319168323940e-14
3.980698759444185886e-14
4.036742186179498315e-14
4.073585408879629166e-14
4.090608060614009389e-14
4.087505548334806338e-14
4.064076955826931292e-14
4.020281625508916046e-14
3.956021979185236903e-14
3.871517228982643277e-14
3.767065869311747583e-14
3.643034157218942581e-14
3.499949624823778249e-14
3.338403839936616990e-14
3.159167941352639120e-14
2.963028314460075530e-14
2.750985813389401902e-14
2.524134465895291890e-14
2.283551020260295161e-14
2.030496539136283918e-14
1.766200744956081953e-14
1.492020076281422303e-14
1.209349342266548624e-14
9.196383245039813775e-15
6.244071930241578555e-15
3.251588595612150447e-15
2.345393996882163060e-16
-2.791620059099911462e-15
-5.811507450671857949e-15
-8.809470453195310941e-15
-1.177001916340559423e-14
-1.467806114824853070e-14
-1.751841334214458701e-14
-2.027665416213381144e-14
-2.293852126745033609e-14
-2.549141419597080599e-14
-2.792215142097004971e-14
-3.021904219371006339e-14
-3.237183063926549198e-14
-3.436936472185278535e-14
-3.620376364693068949e-14
-3.786699415402744462e-14
-3.935170399716088341e-14
-4.065226210129765927e-14
-4.176418596808090244e-14
-4.268402986748118244e-14
-4.340792116486365260e-14
-4.393551765891762217e-14
-4.426676852766625592e-14
-4.440262583614226766e-14
-4.434424832541750128e-14
-4.409558316902616182e-14
-4.366032343061827803e-14
-4.304361568238136704e-14
-4.225143997692304421e-14
-4.129020327145634106e-14
-4.016823698205045090e-14
-3.889379798587520864e-14
-3.747701679697977573e-14
-3.592644167186784254e-14
-3.425281298831059362e-14
-3.246666783617187246e-14
-3.057896343365736069e-14
-2.860111100863246825e-14
-2.654632088694257319e-14
-2.442611949293391205e-14
-2.225213320084049734e-14
-2.003630856335040372e-14
-1.779085132523356566e-14
-1.552811969719042340e-14
-1.326027199014586516e-14
-1.099914887766955882e-14
-8.755901548512107224e-15
-6.541359742420630244e-15
-4.365947470360512922e-15
-2.239517631332454094e-15
-1.715170249785033605e-16
1.829427688710468652e-15
3.755420945056190188e-15
5.599214736068565401e-15
7.354294107833787841e-15
9.014771757851966494e-15
1.057550873723210952e-14
1.203195817311335583e-14
1.338063113678596497e-14
1.461857741249465020e-14
1.574389964643756190e-14
1.675506047381543351e-14
1.765146188936750349e-14
1.843322078364049293e-14
1.910106391090314604e-14
1.965675987594932977e-14
2.010247708312401516e-14
2.044057028402056914e-14
2.067401256428385431e-14
2.080660201964935896e-14
2.084210625266647021e-14
2.078520257926992632e-14
2.064070892286370973e-14
2.041328057652593009e-14
2.010840123155711173e-14
1.973213733792548996e-14
1.928927971398073510e-14
1.878585415210961423e-14
1.822733756734907368e-14
1.761984892571007849e-14
1.696913111057501283e-14
1.628071355302355278e-14
1.556038657028312872e-14
1.481338143783598321e-14
1.404507003863360304e-14
1.326065739013686587e-14
1.246519350277730184e-14
1.166307532458410803e-14
1.085871928534426836e-14
1.005656129660255360e-14
9.260394371896768506e-15
8.473853129603581280e-15
7.700168153383819825e-15
6.942334551738975346e-15
6.203062406583787977e-15
5.484733998082410439e-15
4.789538482887021470e-15
4.119296558317744189e-15
3.475684502577194857e-15
2.860026651678405571e-15
2.273418642738649770e-15
1.716728261012389484e-15
1.190605710165760795e-15
6.954917649686911604e-16
2.316270621875396061e-16
-2.009672885284615146e-16
-6.024372547789257591e-16
-9.730995077721180282e-16
-1.313423158177029395e-15
-1.623981647298951021e-15
-1.905503952868113637e-15
-2.158860824754294666e-15
-2.384810463324405112e-15
-2.584324627127182472e-15
-2.758353898887682884e-15
-2.907846531990357537e-15
-3.033811977950096744e-15
-3.137386531465642149e-15
-3.219613737128011050e-15
-3.281609984361684614e-15
-3.324518344128982519e-15
-3.349549226511531162e-15
-3.357802927307813878e-15
-3.350439669897332245e-15
-3.328623489307850486e-15
-3.293580253972282386e-15
-3.246409836172637654e-15
-3.188173991708299557e-15
-3.119867772534055082e-15
-3.042472466319298338e-15
-2.956964490293976719e-15
-2.864104480044724586e-15
-2.764624907312680097e-15
-2.659227962411117065e-15
-2.548526261919137163e-15
-2.433051319011142466e-15
-2.313389704003106576e-15
-2.190098129299612381e-15
-2.063726531041664737e-15
-1.934810657568401988e-15
-1.803875457548884988e-15
-1.671425550861440484e-15
-1.537937287659780616e-15
-1.403855466120332296e-15
-1.269575438871226470e-15
-1.135478794255201200e-15
-1.001908898253249698e-15
-8.691823823689674624e-16
-7.376438301932093829e-16
-6.076185553172803143e-16
-4.794522530627784180e-16
-3.534929480919068046e-16
-2.300890356437830086e-16
-1.095843515379881720e-16
7.671966178170098094e-18
1.213316463426661503e-16
2.310674910467597340e-16
3.365829146818199611e-16
4.376129547540338460e-16
5.339271653621890153e-16
6.253248261675658018e-16
7.116243544820965647e-16
7.926627494029940546e-16
8.682870685437196669e-16
9.383562279789963573e-16
1.002719191146416843e-15
1.061242815054584589e-15
1.113789456849570772e-15
1.160246778786745789e-15
1.200524995373700686e-15
1.234542685568380642e-15
1.262245956899516602e-15
1.283600081016271141e-15
1.298584411490554934e-15
1.307196618981763033e-15
1.309475455247232321e-15
1.305489318197453584e-15
1.295346310412320151e-15
1.279177616119538032e-15
1.257162912183043546e-15
1.229527932883279964e-15
1.196518847170543066e-15
1.158417611137150128e-15
1.115536779940637987e-15
1.068206272913962192e-15
1.016760456313051380e-15
9.615442843056748630e-16
9.028905349609851749e-16
8.411431565951267651e-16
7.766418623595078112e-16
7.097252007352340165e-16
6.407054621820462009e-16
5.698773082864704541e-16
4.975613410190425287e-16
4.240758330096932281e-16
3.497412803498398982e-16
2.748742086639596304e-16
1.998076739538907757e-16
1.248644751818760276e-16
5.038466960645838610e-17
-2.329323234156462319e-17
-9.586045241133308052e-17
-1.670039407913038424e-16
-2.364341594516649724e-16
-3.038803754866503150e-16
-3.690643253381970315e-16
-4.317520161546261215e-16
-4.917379895066692139e-16
-5.488250984758528701e-16
-6.028646887799339604e-16
-6.537387052018889168e-16
-7.013593210129993091e-16
-7.456556501434917928e-16
-7.865970405885876031e-16
-8.241742279254261460e-16
-8.583907591044740489e-16
-8.892624101143739232e-16
-9.168217917235950594e-16
-9.411027323104684261e-16
-9.621505481376721285e-16
-9.800238962368035267e-16
-9.948030329796149658e-16
-1.006599872594262420e-15
-1.015575139582487393e-15
-1.021938156961380104e-15
-1.025947799175445149e-15
-1.027919480118416346e-15
-1.028206941924890774e-15
-1.027199607992368598e-15
-1.025309136333215406e-15
-1.022953114190427570e-15
-1.020567657652722646e-15
-1.018570883358689040e-15
-1.017367143661522273e-15
-1.017340250365446949e-15
-1.018852627692769502e-15
-1.022266805744914773e-15
-1.027946055777136450e-15
-1.036251002066728051e-15
-1.047578691307715030e-15
-1.062322252666741788e-15
-1.080907743716277240e-15
-1.103778374445972196e-15
-1.131391013251751947e-15
-1.164172670618151065e-15
-1.202551839337361820e-15
-1.246931389454922039e-15
-1.297641875578497712e-15
-1.354960912756551436e-15
-1.419126517247261670e-15
-1.490283108168135272e-15
-1.568503318594399298e-15
-1.653784501548093578e-15
-1.746042483130084717e-15
-1.845123420981327651e-15
-1.950761770272858159e-15
-2.062642117110942419e-15
-2.180380967328711048e-15
-2.303495088629755466e-15
-2.431469061465671433e-15
-2.563673752114885816e-15
-2.699385159165733003e-15
-2.837799448351268662e-15
-2.977976624858277334e-15
-3.118861920909190601e-15
-3.259284101696192579e-15
-3.397937465931090764e-15
-3.533395821888945729e-15
-3.664096393782073288e-15
-3.788354433078384639e-15
-3.904380582676805073e-15
-4.010320263939321297e-15
-4.104249018009771544e-15
-4.184183940758633494e-15
-4.248107399705547405e-15
-4.293990327425365600e-15
-4.319771045724471112e-15
-4.323385758826878839e-15
-4.302773635571919067e-15
-4.255896291172024323e-15
-4.180741598860992017e-15
-4.075315643080985525e-15
-3.937621967175326462e-15
-3.765708583717067293e-15
-3.557665433410149569e-15
-3.311643655088953968e-15
-3.025886078904401442e-15
-2.698714944346218038e-15
-2.328575310681481672e-15
-1.914039080361121595e-15
-1.453841103799295102e-15
-9.469363540973271993e-16
-3.924702544207771043e-16
2.101024991599297412e-16
8.610330254438746354e-16
1.560230241919448139e-15
2.307173117444970452e-15
3.100954797371287437e-15
3.940225746455186182e-15
4.823056423642821389e-15
5.747022832397388065e-15
6.709226002456908367e-15
7.706178699177536340e-15
8.733876997817600907e-15
9.787696945518040842e-15
1.086262326019816343e-14
1.195311634638292556e-14
1.305328339585827904e-14
1.415690379865958831e-14
1.525733512241448514e-14
1.634778331585304278e-14
1.742121122924947252e-14
1.847052750276936134e-14
1.948857979020609393e-14
2.046823776820968360e-14
2.140239991255035029e-14
2.228416459877386596e-14
2.310666238967799824e-14
2.386328134607648005e-14
2.454749084394598074e-14
2.515312956562817254e-14
2.567433434906216116e-14
2.610536569899735149e-14
2.644096184676539979e-14
2.667615240303181784e-14
2.680628038065260149e-14
2.682724783422893444e-14
2.673533798318826482e-14
2.652728297442008554e-14
2.620026727040772330e-14
2.575211907867441807e-14
2.518154752100855431e-14
2.448784447786622742e-14
2.367104213649943306e-14
2.273210780853393564e-14
2.167275080645729435e-14
2.049569857635966802e-14
1.920464418189108541e-14
1.780414974250545818e-14
1.629980228752287569e-14
1.469772247702019752e-14
1.300502708182025430e-14
1.122949694657652403e-14
9.379375395931685566e-15
7.463624885500636658e-15
5.491424711332772157e-15
3.472644924845972800e-15
1.417097132184758773e-15
-6.652874171025500646e-16
-2.764367621054951603e-15
-4.870098092434483467e-15
-6.972094207307807934e-15
-9.060509842937804204e-15
-1.112525006065909552e-14
-1.315732529980247201e-14
-1.514732756542278014e-14
-1.708576924147782450e-14
-1.896432738222788433e-14
-2.077498905599193396e-14
-2.250999882910491301e-14
-2.416272273952392580e-14
-2.572659119971006797e-14
-2.719653556450696980e-14
-2.856748041249468351e-14
-2.983541080750322372e-14
-3.099777379222956597e-14
-3.205259747397250225e-14
-3.299885863693174937e-14
-3.383683849604579574e-14
-3.456760092469639278e-14
-3.519294840899529764e-14
-3.571638427721235409e-14
-3.614197428749438279e-14
-3.647389600633724194e-14
-3.671855300282217405e-14
-3.688169154846335229e-14
-3.697033185232762031e-14
-3.699161948435801539e-14
-3.695323872745202853e-14
-3.686276544428990221e-14
-3.672811431073078059e-14
-3.655705092483509111e-14
-3.635730700334537102e-14
-3.613609926697222696e-14
-3.590019042676653727e-14
-3.565588918411945196e-14
-3.540891131735904307e-14
-3.516475915251067452e-14
-3.492814896902465827e-14
-3.470301438790804327e-14
-3.449208963151456642e-14
-3.429814280351585476e-14
-3.412336941331119144e-14
-3.396874863098760244e-14
-3.383388065699398373e-14
-3.371841312562427750e-14
-3.362079766065090292e-14
-3.353924194035746986e-14
-3.347034089229601606e-14
-3.340978820096270063e-14
-3.335257281944156715e-14
-3.329343975532784994e-14
-3.322503337450759264e-14
-3.314021149516954701e-14
-3.303012431708080010e-14
-3.288782617007386666e-14
-3.270285789131605059e-14
-3.246571577113915863e-14
-3.216669958823123454e-14
-3.179440150285865740e-14
-3.133956175084204321e-14
-3.079329326249879983e-14
-3.014373080030378904e-14
-2.937929034167036102e-14
-2.849313463664827906e-14
-2.747755399135163451e-14
-2.632291594710425148e-14
-2.502048928828583263e-14
-2.356664363168444604e-14
-2.195407585922886512e-14
-2.017941816792080678e-14
-1.823898765850560932e-14
-1.613142060793819332e-14
-1.385493909406227200e-14
-1.141017076829176080e-14
-8.798650454327084508e-15
-6.024668797562559783e-15
-3.093099202060214242e-15
-9.764595815947574309e-18
3.218256366830036033e-15
6.582691562114851083e-15
1.007343419291185926e-14
1.367935424629413907e-14
1.738788895310448834e-14
2.118524438179687081e-14
2.505691678721545107e-14
2.898707342951015176e-14
3.295892611566639263e-14
3.695485147818360072e-14
4.095684837286672764e-14
4.494674286079948511e-14
4.890492782331883059e-14
5.281172499099415218e-14
5.664868259810246220e-14
6.039424196207024420e-14
6.402882645742055678e-14
6.753283912988572446e-14
7.088717769243926825e-14
7.407349202331187099e-14
7.707219194449943522e-14
7.986599798387797322e-14
8.243906046093846252e-14
8.477506213298499627e-14
8.686029461879921088e-14
8.867989079609089886e-14
9.022208029502501447e-14
9.147535024378247726e-14
9.243021387335403904e-14
9.307769941076238229e-14
9.341030553222662292e-14
9.342185228536359354e-14
9.310933100914464688e-14
9.247129158316408359e-14
9.150573500966638352e-14
9.021463995761633270e-14
8.860044588190202353e-14
8.666735406594183733e-14
8.442201880056940388e-14
8.187020668608963048e-14
7.902249546994782881e-14
7.588900888992958227e-14
7.248266928067820247e-14
6.881498951401276987e-14
6.490242913416433002e-14
6.076165774953484755e-14
5.641038851311730440e-14
5.186606352736156111e-14
4.714720570875817474e-14
4.227518061636868774e-14
3.727154693276661657e-14
3.215829024513089385e-14
2.695772309535809236e-14
2.169259509434556810e-14
1.638600991276262936e-14
1.106165821511103167e-14
5.743452165008237562e-15
4.545859597697931263e-16
-4.781466682416161615e-15
-9.941933174883576391e-15
-1.500365553097540022e-14
-1.994504415141554188e-14
-2.474454628286111568e-14
-2.938178061853528866e-14
-3.383721119054258764e-14
-3.809289445292837750e-14
-4.213256059684179766e-14
-4.593722253173719572e-14
-4.949325657969093351e-14
-5.278787254319947109e-14
-5.581081793546924241e-14
-5.855160648861323924e-14
-6.100097505032028855e-14
-6.315144262560024035e-14
-6.499844201280149947e-14
-6.653895777463184058e-14
-6.776949335908499794e-14
-6.869261697005704659e-14
-6.930822018733073797e-14
-6.961971147148582340e-14
-6.963161736659242984e-14
-6.935198129751768414e-14
-6.878718650455209471e-14
-6.794654357385188082e-14
-6.684085386956042929e-14
-6.548309393642967602e-14
-6.388645038338247595e-14
-6.206442152746627361e-14
-6.003264020875559437e-14
-5.780768116796231038e-14
-5.540585148338696142e-14
-5.284608742359836464e-14
-5.014523477985151356e-14
-4.732227725456027156e-14
-4.439559885081184598e-14
-4.138365811059280253e-14
-3.830489663523076183e-14
-3.517813888494550345e-14
-3.202210767600313646e-14
-2.885469234424967166e-14
-2.569312153983226155e-14
-2.255468151113847186e-14
-1.945547435449560686e-14
-1.641101263129968180e-14
-1.343628458955236152e-14
-1.054521629793945398e-14
-7.750864769342884208e-15
-5.064885600633345017e-15
-2.497763789148423758e-15
-5.940347276468325023e-17
2.241989908747252583e-15
4.399392566282848971e-15
6.405832353277574054e-15
8.256751808958726069e-15
9.948415518028913551e-15
1.147672384102342569e-14
1.284113975905370325e-14
1.404109321894624410e-14
1.507611919961300562e-14
1.594738406542235698e-14
1.665708925500421211e-14
1.720857207817075296e-14
1.760634044426726691e-14
1.785424496507197201e-14
1.795755418551679000e-14
1.792235657842658481e-14
1.775596881439973906e-14
1.746444209681143750e-14
1.705536414680318413e-14
1.653669029781559136e-14
1.591709247316264869e-14
1.520447857243992229e-14
1.440770856027569213e-14
1.353513587559578013e-14
1.259571535071855874e-14
1.159805792258581519e-14
1.055041792726854263e-14
9.461302116656016004e-15
8.339096963959000131e-15
7.191954314261870401e-15
6.027912510234070126e-15
4.854512262688530713e-15
3.678930481787337850e-15
2.507983241657046891e-15
1.348312339395315619e-15
2.061472788127257857e-16
-9.130532362621422704e-16
-2.003725469915248678e-15
-3.061066321819187926e-15
-4.080637127572110667e-15
-5.058509560122888271e-15
-5.990944180767629815e-15
-6.874718452658506312e-15
-7.706906300479227784e-15
-8.485091562747751337e-15
-9.207317593355919538e-15
-9.871977570802790980e-15
-1.047779586346980069e-14
-1.102389494522359320e-14
-1.150969036333056306e-14
-1.193505590988156936e-14
-1.230004833608407816e-14
-1.260501492544646371e-14
-1.285055961246011832e-14
-1.303745150304114891e-14
-1.316662487453037697e-14
-1.323926472602101126e-14
-1.325672292209686964e-14
-1.322052158096416810e-14
-1.313255128016117823e-14
-1.299471106755564417e-14
-1.280891269650951889e-14
-1.257732203026893161e-14
-1.230208883845401377e-14
-1.198548062826456512e-14
-1.162970476756113036e-14
-1.123720409936359091e-14
-1.081040367899993582e-14
-1.035157778993354288e-14
-9.863131158701667067e-15
-9.347393972942204948e-15
-8.806683714798844292e-15
-8.243287373229171711e-15
-7.659530053673400257e-15
-7.057544161576242633e-15
-6.439541299962979817e-15
-5.807595429004963963e-15
-5.163849542058748451e-15
-4.510274684792594038e-15
-3.848827503314658158e-15
-3.181430550656971258e-15
-2.509986898093776939e-15
-1.836247150968813024e-15
-1.161835283200202823e-15
-4.884828418903709377e-16
1.822579983197289270e-16
8.488782614694530358e-16
1.509939884137710599e-15
2.164067748039303664e-15
2.809867689882610854e-15
3.446075407114736720e-15
4.071435385149613576e-15
4.684712226433671023e-15
5.284780012421771284e-15
5.870568940501532176e-15
6.441010055093518774e-15
6.995089881276341306e-15
7.531847460171339770e-15
8.050329879712853076e-15
8.549615144537794920e-15
9.028815564117442793e-15
9.487056153417283005e-15
9.923509361247848104e-15
1.033735949488093220e-14
1.072782220180737781e-14
1.109417496292317701e-14
1.143571389384916148e-14
1.175176560339226406e-14
1.204169312277614950e-14
1.230488235311405845e-14
1.254076747639722503e-14
1.274882672033014058e-14
1.292858151129760644e-14
1.307959562733178663e-14
1.320147435107926065e-14
1.329386277573512895e-14
1.335644241691122391e-14
1.338895492955863298e-14
1.339119702577001511e-14
1.336301878071370630e-14
1.330434142032561190e-14
1.321515901537510113e-14
1.309554864586037412e-14
1.294567633023909273e-14
1.276579109619774971e-14
1.255622243955282699e-14
1.231737863018490114e-14
1.204974755907159065e-14
1.175388064466155805e-14
1.143040892650050780e-14
1.108004475929708077e-14
1.070352421468244095e-14
1.030166552648363598e-14
9.875334362372759772e-15
9.425458223427055776e-15
8.953012044568813693e-15
8.459004642038213395e-15
7.944465160866168857e-15
7.410457474434431480e-15
6.858051808871857072e-15
6.288353965691086123e-15
5.702465934756496477e-15
5.101491823514834115e-15
4.486525151501004338e-15
3.858675108359436653e-15
3.219061259888164432e-15
2.568807618808194131e-15
1.909050056301793766e-15
1.240918090804126947e-15
5.655247236078858250e-16
-1.160238864322644882e-16
-8.026843138393149023e-16
-1.493422106391541302e-15
-2.187267980464598950e-15
-2.883290835091218557e-15
-3.580591650677008089e-15
-4.278305818341057720e-15
-4.975586728652586777e-15
-5.671588619213761839e-15
-6.365480127186852813e-15
-7.056421419404657058e-15
-7.743596379622495057e-15
-8.426138916651799288e-15
-9.103194374248790161e-15
-9.773898778807268289e-15
-1.043731700595346493e-14
-1.109250884911592780e-14
-1.173850191447120897e-14
-1.237423656380229331e-14
-1.299862605383785355e-14
-1.361049639691299523e-14
-1.420862532448483040e-14
-1.479166181900248844e-14
-1.535819133544405468e-14
-1.590673495428362311e-14
-1.643564604347173136e-14
-1.694320173799366419e-14
-1.742749451965220492e-14
-1.788649320343983773e-14
-1.831800227995727948e-14
-1.871969240859958084e-14
-1.908906653623823613e-14
-1.942346159128707783e-14
-1.972007389469069422e-14
-1.997591003201348858e-14
-2.018785631014135412e-14
-2.035267028695220137e-14
-2.046698585351364175e-14
-2.052737422045518983e-14
-2.053030495445268971e-14
-2.047217308328262708e-14
-2.034939226944632723e-14
-2.015833382379775274e-14
-1.989538769191570577e-14
-1.955697261849919516e-14
-1.913965303791415745e-14
-1.864012721573219539e-14
-1.805518489708321517e-14
-1.738190890049687298e-14
-1.661759380273963860e-14
-1.575982725397773176e-14
-1.480655604634700806e-14
-1.375613778296274139e-14
-1.260737560627046144e-14
-1.135957325518752517e-14
-1.001252066554301351e-14
-8.566590531833718353e-15
-7.022805646343449268e-15
-5.382803323759248817e-15
-3.648868858972809104e-15
-1.824033147627642827e-15
8.794663682002595330e-17
2.082646070709773603e-15
4.154808838147854358e-15
6.298500996882719014e-15
8.506934848391545234e-15
1.077256078801545544e-14
1.308719774803339397e-14
1.544184430931488938e-14
1.782689257713923614e-14
2.023195284537541300e-14
2.264596794592996232e-14
2.505748938148779498e-14
2.745436900551938980e-14
2.982398263897886870e-14
3.215333340832356168e-14
3.442918896485146207e-14
3.663811536601911667e-14
3.876624837654586708e-14
4.079989994400408382e-14
4.272522955003563161e-14
4.452862706924402836e-14
4.619678391996201450e-14
4.771660158469324953e-14
4.907552703515942472e-14
5.026152562724595096e-14
5.126328777704108886e-14
5.207027300654920587e-14
5.267237451864366371e-14
5.306076284188228354e-14
5.322751652414234314e-14
5.316604564909420405e-14
5.287094953466617286e-14
5.233802689743986825e-14
5.156446219989861690e-14
5.054859186933401138e-14
4.929044978706394187e-14
4.779163853942461349e-14
4.605506514349100300e-14
4.408537811607764201e-14
4.188850668781531061e-14
3.947214530599686688e-14
3.684529284865394050e-14
3.401857788520867842e-14
3.100382838373653971e-14
2.781443085293593132e-14
2.446498983488341189e-14
2.097123473140949379e-14
1.735002996849401014e-14
1.361929961033380918e-14
9.797890987038246347e-15
5.905418417050415855e-15
1.962039802207312354e-15
-2.011594617753477941e-15
-5.994304783985861251e-15
-9.964658221825462014e-15
-1.390118794001530406e-14
-1.778254193202100097e-14
-2.158756639701782387e-14
-2.529561405988350192e-14
-2.888652384240748827e-14
-3.234041588131772449e-14
-3.563858938320473013e-14
-3.876334813573446836e-14
-4.169799542545066240e-14
-4.442680693272048342e-14
-4.693553217523932508e-14
-4.921133690979039021e-14
-5.124303352520634403e-14
-5.302050844809697017e-14
-5.453576568744018804e-14
-5.578197815768112799e-14
-5.675449734200525842e-14
-5.744995543741429622e-14
-5.786706834196020388e-14
-5.800579200992972417e-14
-5.786788149358956801e-14
-5.745725347328783927e-14
-5.677948142581747126e-14
-5.584136871981081052e-14
-5.465122305441452721e-14
-5.321887678808034927e-14
-5.155538539483583982e-14
-4.967303762867976424e-14
-4.758540634555892546e-14
-4.530734511523637487e-14
-4.285436819317402224e-14
-4.024284703217639869e-14
-3.748940041866863360e-14
-3.461151788894563375e-14
-3.162701423995405159e-14
-2.855397531918366094e-14
-2.541065638071368649e-14
-2.221520595247199886e-14
-1.898578611491362478e-14
-1.574013204388817477e-14
-1.249581459085349205e-14
-9.269877752774227653e-15
-6.078870859373836089e-15
-2.938762387532192245e-15
1.352206838068113282e-16
3.128750818810147744e-15
6.028348308685432463e-15
8.821429711377594407e-15
1.149659946913074784e-14
1.404342848878182420e-14
1.645256976175787228e-14
1.871565206144117782e-14
2.082574157612551713e-14
2.277680065496286155e-14
2.456393683564987024e-14
2.618329611827653614e-14
2.763203755433776831e-14
2.890858058035399025e-14
3.001206799898258060e-14
3.094282507087528500e-14
3.170223754193381149e-14
3.229219260156464266e-14
3.271567180574211364e-14
3.297626657416258267e-14
3.307821207156232124e-14
3.302639059584930314e-14
3.282634174249857151e-14
3.248414720807141221e-14
3.200626138362590301e-14
3.139941648702682109e-14
3.067078180513972685e-14
2.982772313647394369e-14
2.887790443513622851e-14
2.782893713919060846e-14
2.668845470955773930e-14
2.546433963484476953e-14
2.416434226651907602e-14
2.279612994681920468e-14
2.136707694458395146e-14
1.988465070227631026e-14
1.835591716874227647e-14
1.678784064887417493e-14
1.518713641987783775e-14
1.356019703940619311e-14
1.191314570863494238e-14
1.025187523577813370e-14
8.581896417190603560e-15
6.908475256705431944e-15
5.236561814866372983e-15
3.570812231784483565e-15
1.915576021643914523e-15
2.749092811219318788e-16
-1.347432695679592028e-15
-2.947951636218717336e-15
-4.523419789101033525e-15
-6.070871903736440103e-15
-7.587623732715088193e-15
-9.071213798292256797e-15
-1.051938856931177585e-14
-1.193011601373318228e-14
-1.330153181203956939e-14
-1.463196730932484618e-14
-1.591993511573363412e-14
-1.716405710866075046e-14
-1.836309153780552039e-14
-1.951590676715041217e-14
-2.062144908770904145e-14
-2.167876643444869439e-14
-2.268695078804991438e-14
-2.364514325710418557e-14
-2.455248664426888661e-14
-2.540813222253086867e-14
-2.621122279454751042e-14
-2.696086219946061679e-14
-2.765612886542357512e-14
-2.829604023421757042e-14
-2.887955784344926891e-14
-2.940556530369418942e-14
-2.987285644003544183e-14
-3.028012343360246550e-14
-3.062600425541607552e-14
-3.090904878507057252e-14
-3.112769509381121957e-14
-3.128033381903823351e-14
-3.136528444738426180e-14
-3.138078176218722648e-14
-3.132504699425789352e-14
-3.119620989484872542e-14
-3.099239682708039567e-14
-3.071165622704243037e-14
-3.035205347148330068e-14
-2.991163022022895468e-14
-2.938848573134575370e-14
-2.878071587476827009e-14
-2.808646734240791143e-14
-2.730397322353670525e-14
-2.643159366236876723e-14
-2.546776503608346592e-14
-2.441111515130624937e-14
-2.326047002037222311e-14
-2.201491992989603602e-14
-2.067378217132220114e-14
-1.923673656619665634e-14
-1.770387628814359959e-14
-1.607560283078002944e-14
-1.435284454221613659e-14
-1.253696683956289498e-14
-1.062984590079847289e-14
-8.633966073557167165e-15
-6.552405052052826320e-15
-4.388828794881166964e-15
-2.147561405237922300e-15
1.664602912229543909e-16
2.547522739634877631e-15
4.989189654269017213e-15
7.484233197107333785e-15
1.002475182130136561e-14
1.260202574617560328e-14
1.520669271656404503e-14
1.782864762940594705e-14
2.045711622561223464e-14
2.308058393929793284e-14
2.568700087975540197e-14
2.826379368991559921e-14
3.079783335909608288e-14
3.327538778915596629e-14
3.568240131536851156e-14
3.800466411301058056e-14
4.022777662197885018e-14
4.233716648744875743e-14
4.431829862404541853e-14
4.615680396485161152e-14
4.783833038360905954e-14
4.934890522481985564e-14
5.067498273759150906e-14
5.180358298904029490e-14
5.272246804714428303e-14
5.342015553327049415e-14
5.388607108810540558e-14
5.411056531231389632e-14
5.408562527421494071e-14
5.380442727638545808e-14
5.326148254532724058e-14
5.245251525872254850e-14
5.137506224476076633e-14
5.002841538389798948e-14
4.841357417501197802e-14
4.653338464880550640e-14
4.439279347769053974e-14
4.199861080656300261e-14
3.935969660005117499e-14
3.648653034977848708e-14
3.339157699259673318e-14
3.008941904772584330e-14
2.659649064840844540e-14
2.293098267421977282e-14
1.911306806183163398e-14
1.516464938919413058e-14
1.110898448697297120e-14
6.970863891951921062e-15
2.776279021875715201e-15
-1.447565224934851177e-15
-5.672397959194863323e-15
-9.869155257022539651e-15
-1.400823342279046077e-14
-1.805942514401717020e-14
-2.199259044734051816e-14
-2.577754192555330864e-14
-2.938424717847769319e-14
-3.278320066042901548e-14
-3.594555751142147759e-14
-3.884313863936582345e-14
-4.144900162027578827e-14
-4.373761010485754941e-14
-4.568491852180445179e-14
-4.726878881800705701e-14
-4.846881766383190349e-14
-4.926662105619178389e-14
-4.964624767062400523e-14
-4.959418224942217790e-14
-4.909934560163621564e-14
-4.815327417405715349e-14
-4.675056389648150901e-14
-4.488858896677279386e-14
-4.256719014273692425e-14
-3.978967762913176998e-14
-3.656210262933251576e-14
-3.289385026839473924e-14
-2.879681966516146885e-14
-2.428667076476154207e-14
-1.938133186655654344e-14
-1.410121477050940708e-14
-8.469545967066793163e-15
-2.512064458155154924e-15
3.742601101399496352e-15
1.026383364692746991e-14
1.701902812743186916e-14
2.397343967493279632e-14
3.109113037554414594e-14
3.833459361036149760e-14
4.566497258996250752e-14
5.304247031835337967e-14
6.042634789890297120e-14
6.777542258971577804e-14
7.504848793197377299e-14
8.220420871785094619e-14
8.920160210522734556e-14
9.600025445812357394e-14
1.025600841774755578e-13
1.088423310356169404e-13
1.148090276277199950e-13
1.204240022588051739e-13
1.256528924962682647e-13
1.304629418819730491e-13
1.348233861792752508e-13
1.387056024508212526e-13
1.420838815525959919e-13
1.449343845893319438e-13
1.472363355368988547e-13
1.489718315069235577e-13
1.501252599881222616e-13
1.506841119979299148e-13
1.506394564209506681e-13
1.499850861997470419e-13
1.487174912297856144e-13
1.468366715110663856e-13
1.443455950470365345e-13
1.412500623193188587e-13
1.375589366806734271e-13
1.332841579075247362e-13
1.284404847019457452e-13
1.230452507461690659e-13
1.171182291773154027e-13
1.106820933733168588e-13
1.037611159103099534e-13
9.638238151381608998e-14
8.857502811722081648e-14
8.036991482485850158e-14
7.179958803069444451e-14
6.289763767328496180e-14
5.369945278916633813e-14
4.424146595946587546e-14
3.456077383914152312e-14
2.469512529852061627e-14
1.468265206682264901e-14
4.561690855240350950e-15
-5.629322098662245880e-15
-1.585191498193732479e-14
-2.606791498426744985e-14
-3.623963379818101460e-14
-4.633062867815535002e-14
-5.630524800744052261e-14
-6.612870922509048177e-14
-7.576787640220863929e-14
-8.519068425954373636e-14
-9.436678191252975689e-14
-1.032672618207428061e-13
-1.118652425465688216e-13
-1.201357400061955905e-13
-1.280555387206047668e-13
-1.356035374050143516e-13
-1.427609387042588773e-13
-1.495109916947734430e-13
-1.558391951725010549e-13
-1.617331485750939102e-13
-1.671829043476194543e-13
-1.721804122889469824e-13
-1.767196415244920438e-13
-1.807973123426828699e-13
-1.844117442301521081e-13
-1.875634657354588453e-13
-1.902551467064528268e-13
-1.924911239518239947e-13
-1.942774147936296436e-13
-1.956218661450931373e-13
-1.965342358257668454e-13
-1.970250270441967211e-13
-1.971064912849318507e-13
-1.967920048922752740e-13
-1.960957167045779270e-13
-1.950331850230149766e-13
-1.936205509074293007e-13
-1.918749040945647022e-13
-1.898133885312736080e-13
-1.874539613160378093e-13
-1.848147421776649701e-13
-1.819139728177071591e-13
-1.787700169104608494e-13
-1.754009535271522369e-13
-1.718247804238445808e-13
-1.680592243060580193e-13
-1.641216595136066325e-13
-1.600288911801639458e-13
-1.557971823383172416e-13
-1.514423487872576524e-13
-1.469794473846555705e-13
-1.424226947314977121e-13
-1.377855755923043657e-13
-1.330806396072220510e-13
-1.283196097122407675e-13
-1.235135312169927113e-13
-1.186725414117906219e-13
-1.138058424625734699e-13
-1.089218166073872840e-13
-1.040280261563851505e-13
-9.913109829534638706e-14
-9.423673186194012064e-14
-8.934996839626840881e-14
-8.447498885295889881e-14
-7.961532366533574656e-14
-7.477390017926466292e-14
-6.995288679909061891e-14
-6.515397759070812311e-14
-6.037837872903406566e-14
-5.562686948437992052e-14
-5.089977172926564430e-14
-4.619691605710178617e-14
-4.151810595624458311e-14
-3.686272478670843400e-14
-3.223040663026012498e-14
-2.762022822098714886e-14
-2.303129678616309961e-14
-1.846288387745333853e-14
-1.391409163993377607e-14
-9.384344938233226546e-15
-4.873002991927092090e-15
-3.796806657221680082e-16
4.095955718423204689e-15
8.553721560266083768e-15
1.299352268033064639e-14
1.741470940434634851e-14
2.181627376310595751e-14
2.619705532147173499e-14
3.055543963464621426e-14
3.488968689695573500e-14
3.919744574493871925e-14
4.347597856810964112e-14
4.772235124433921172e-14
5.193335860095502077e-14
5.610524319980304819e-14
6.023396299965899647e-14
6.431521846128260278e-14
6.834431702214607829e-14
7.231636621994608216e-14
7.622630418578982270e-14
8.006859471233404579e-14
8.383774224981696555e-14
8.752789210650716023e-14
9.113293209265724282e-14
9.464672291346551414e-14
9.806295586754082416e-14
1.013753019247012888e-13
1.045773033057570411e-13
1.076624819027274804e-13
1.106242986212598034e-13
1.134563498922727676e-13
1.161521237264678819e-13
1.187052436598182159e-13
1.211095297399406023e-13
1.233589104346691223e-13
1.254473684219464813e-13
1.273692387454214425e-13
1.291188971063242374e-13
1.306910851241183114e-13
1.320807477061744506e-13
1.332832634407324357e-13
1.342940922311949836e-13
1.351091954244695859e-13
1.357249002856969478e-13
1.361378864457238325e-13
1.363452265586845291e-13
1.363443727494736968e-13
1.361333734541808616e-13
1.357106565796559194e-13
1.350752327914164774e-13
1.342264380156318881e-13
1.331641638320849030e-13
1.318889523418617649e-13
1.304018470895534909e-13
1.287044608258916534e-13
1.267989212976397551e-13
1.246879525627561658e-13
1.223749563055570588e-13
1.198637949962819138e-13
1.171589951790008577e-13
1.142657068140331966e-13
1.111897032779474159e-13
1.079373136009253997e-13
1.045155037819253674e-13
1.009317886972553591e-13
9.719422532430965767e-14
9.331150760925888132e-14
8.929283771804200076e-14
8.514792603636633928e-14
8.088702505102546292e-14
7.652087513979055622e-14
7.206067746635611004e-14
6.751805332275845339e-14
6.290501024805786323e-14
5.823400979097434482e-14
5.351767613055377626e-14
4.876910439616070903e-14
4.400147103232263102e-14
3.922824725103267463e-14
3.446294153373365143e-14
2.971930969548897128e-14
2.501105334125341972e-14
2.035194353268345718e-14
1.575550230374905131e-14
1.123535417940678752e-14
6.804811976488661651e-15
2.476855416120161794e-15
-1.735807678149292599e-15
-5.820762556170032062e-15
-9.766015443167172516e-15
-1.356018433391198430e-14
-1.719229888118810334e-14
-2.065208796347712400e-14
-2.392987338232371863e-14
-2.701657833266511016e-14
-2.990405435754871222e-14
-3.258482215605026933e-14
-3.505232061096034968e-14
-3.730080006263299108e-14
-3.932542225887347698e-14
-4.112233828196948382e-14
-4.268858012847383254e-14
-4.402212847184026889e-14
-4.512207529274933626e-14
-4.598830539472020806e-14
-4.662179117157633224e-14
-4.702451806854607286e-14
-4.719952185171238934e-14
-4.715072597768696361e-14
-4.688305679009102667e-14
-4.640232832307453203e-14
-4.571532700461088117e-14
-4.482972356507040901e-14
-4.375405609656143890e-14
-4.249756742260440978e-14
-4.107029657769017961e-14
-3.948291617695415257e-14
-3.774686794144783974e-14
-3.587422039660372042e-14
-3.387746219619611199e-14
-3.176965797640346478e-14
-2.956420102218776380e-14
-2.727490474685283217e-14
-2.491582650919130226e-14
-2.250126083722103765e-14
-2.004563947829735709e-14
-1.756344161362062561e-14
-1.506922943362003914e-14
-1.257741435686018233e-14
-1.010222230169019117e-14
-7.657714015034487037e-15
-5.257714345141680998e-15
-2.915635846973308083e-15
-6.445407214880952661e-16
1.542990897981336585e-15
3.634889427211324131e-15
5.619639665042181972e-15
7.486348238376627773e-15
9.224746143278624022e-15
1.082529875337740269e-14
1.227916473876952339e-14
1.357837267238837589e-14
1.471565585857946556e-14
1.568463952738175654e-14
1.647979001255083648e-14
1.709641305749302204e-14
1.753074783592250413e-14
1.777994492900471929e-14
1.784209681854245083e-14
1.771612946675858030e-14
1.740197341695143285e-14
1.690044690294805613e-14
1.621328973042211047e-14
1.534310567865345559e-14
1.429335911239636159e-14
1.306842072165866064e-14
1.167345825445155125e-14
1.011450258535948402e-14
8.398274920818921824e-15
6.532325712521689504e-15
4.524864827309049362e-15
2.384786958160118805e-15
1.216155611986739511e-16
-2.254446163511337510e-15
-4.732700454543889781e-15
-7.301894955650742314e-15
-9.950321342160235727e-15
-1.266582680886163895e-14
-1.543586086857548501e-14
-1.824756640819540088e-14
-2.108781187594010315e-14
-2.394322092750655190e-14
-2.680031218650624769e-14
-2.964544164622481826e-14
-3.246493988895947369e-14
-3.524515613173226369e-14
-3.797254123551890848e-14
-4.063366803403953287e-14
-4.321534314210770389e-14
-4.570455274552180647e-14
-4.808865233644522841e-14
-5.035534638461562629e-14
-5.249279675756217400e-14
-5.448961255621019573e-14
-5.633494837070304739e-14
-5.801851783292927278e-14
-5.953064782663122778e-14
-6.086236657883159484e-14
-6.200544770554664020e-14
-6.295238310673190174e-14
-6.369647105770870343e-14
-6.423187719553635766e-14
-6.455365484780289931e-14
-6.465773148009792970e-14
-6.454100356370270908e-14
-6.420132302306300054e-14
-6.363750401205264806e-14
-6.284932291397357651e-14
-6.183761320924588412e-14
-6.060421804156279624e-14
-5.915191567899130698e-14
-5.748452793418942774e-14
-5.560679819166178262e-14
-5.352445917039538870e-14
-5.124421598320071103e-14
-4.877364449275799207e-14
-4.612119808788082975e-14
-4.329618735472544333e-14
-4.030869537349594800e-14
-3.716966580987086932e-14
-3.389067591017327907e-14
-3.048400426400657559e-14
-2.696251560777365719e-14
-2.333966251874281667e-14
-1.962937699483049275e-14
-1.584594848185686550e-14
-1.200407384848974426e-14
-8.118718472841218031e-15
-4.205029421590561825e-15
-2.783771134173297895e-16
3.645893232229104747e-15
7.552345657494893838e-15
1.142569264705019585e-14
1.525080958058883801e-14
1.901274886769062367e-14
2.269681702781953248e-14
2.628877543713221965e-14
2.977469887397582449e-14
3.314120421778372905e-14
3.637549110665702634e-14
3.946533854923273132e-14
4.239915913479240517e-14
4.516611084161119283e-14
4.775610381322140108e-14
5.015987489731185689e-14
5.236901475078221957e-14
5.437599155666550388e-14
5.617417474105060315e-14
5.775788240692733555e-14
5.912241860363612322e-14
6.026396151851895477e-14
6.117974643603599216e-14
6.186790988370327593e-14
6.232755739472850554e-14
6.255885837570113184e-14
6.256291735758437444e-14
6.234169945681586333e-14
6.189817267684277757e-14
6.123613850153239446e-14
6.036031998659860398e-14
5.927621945806677006e-14
5.799009818348299650e-14
5.650904074641811825e-14
5.484085679064581997e-14
5.299397937618896548e-14
5.097743109800170758e-14
4.880083425036485512e-14
4.647433967611830363e-14
4.400855222776167697e-14
4.141444267602781282e-14
3.870335787427812979e-14
3.588694621960326903e-14
3.297707633766015778e-14
2.998578964882696318e-14
2.692531730886203734e-14
2.380789724978731037e-14
2.064588768230322252e-14
1.745151298590454786e-14
1.423694332997743617e-14
1.101425062808615574e-14
7.795345010502049282e-15
4.591789323988085258e-15
1.414979020421030988e-15
-1.724038261226312502e-15
-4.814552212852388213e-15
-7.846292348213500939e-15
-1.080936352254070754e-14
-1.369433063583454235e-14
-1.649222106808474059e-14
-1.919458990080717686e-14
-2.179347502429766076e-14
-2.428146998246540067e-14
-2.665173244316247636e-14
-2.889797911598615543e-14
-3.101443662436795257e-14
-3.299597872491108475e-14
-3.483806532101826892e-14
-3.653673568662814397e-14
-3.808859830181990369e-14
-3.949090200358086611e-14
-4.074146144690711513e-14
-4.183862661161739938e-14
-4.278142510388827091e-14
-4.356942663098252455e-14
-4.420274977751277590e-14
-4.468206539357325036e-14
-4.500855254902652591e-14
-4.518391547416247822e-14
-4.521040050035722568e-14
-4.509065714666977975e-14
-4.482782282313677036e-14
-4.442546184440024359e-14
-4.388755187718050566e-14
-4.321839923698139740e-14
-4.242271681512144177e-14
-4.150550888225301716e-14
-4.047209480528488057e-14
-3.932810227111858958e-14
-3.807941985280345609e-14
-3.673205470800140759e-14
-3.529222744667707967e-14
-3.376631453285740270e-14
-3.216095331671706137e-14
-3.048278792469431842e-14
-2.873861156102615333e-14
-2.693520387742238953e-14
-2.507940212383326373e-14
-2.317815027636036668e-14
-2.123832285440361428e-14
-1.926676049604503227e-14
-1.727027842837822874e-14
-1.525560717520208637e-14
-1.322941203877854924e-14
-1.119818891478011058e-14
-9.168295632508861176e-15
-7.145983295115537759e-15
-5.137291247514063491e-15
-3.148015736162499550e-15
-1.183837599279843715e-15
7.498555571333338342e-16
2.647887038280329237e-15
4.505341141391311366e-15
6.317541450504048431e-15
8.080083606051054884e-15
9.788800629448313195e-15
1.143979151045724368e-14
1.302945635905201557e-14
1.455443668959676556e-14
1.601165692546001329e-14
1.739825494231298647e-14
1.871168625318213319e-14
1.994964015218734371e-14
2.111007020772805165e-14
2.219124508446006921e-14
2.319166722813265080e-14
2.411007964185207103e-14
2.494547605047699179e-14
2.569704838457573248e-14
2.636428842437994052e-14
2.694686921517197575e-14
2.744465861981206650e-14
2.785769390774989196e-14
2.818627831678056916e-14
2.843084044557540879e-14
2.859203081543790215e-14
2.867063208481131220e-14
2.866757260180582967e-14
2.858396706178004121e-14
2.842103519217799301e-14
2.818005601275003907e-14
2.786261008697575592e-14
2.747033557657513336e-14
2.700497567535362076e-14
2.646825324832593335e-14
2.586223844401516064e-14
2.518893703644040083e-14
2.445047507829926220e-14
2.364914802887880391e-14
2.278716325603957066e-14
2.186693819181302623e-14
2.089096988932767629e-14
1.986185196346801352e-14
1.878210010208738318e-14
1.765448579698920134e-14
1.648172463580236530e-14
1.526670838900880123e-14
1.401229579280549239e-14
1.272151160184708391e-14
1.139749407320315294e-14
1.004346023800737134e-14
8.662716912885819881e-15
7.258684416879511436e-15
5.834969416277854815e-15
4.395195518029203913e-15
2.943176064462097591e-15
1.482878875538830212e-15
1.842773116310933781e-17
-1.445969944257816109e-15
-2.905907673574092444e-15
-4.356882100242523773e-15
-5.794172074373351439e-15
-7.212973436847985864e-15
-8.608311139650728916e-15
-9.975126702020577912e-15
-1.130823035308970576e-14
-1.260215618924948044e-14
-1.385158399655819772e-14
-1.505100806085870463e-14
-1.619473801481134678e-14
-1.727704960975857962e-14
-1.829239139176409845e-14
-1.923503402997267520e-14
-2.009936169594401384e-14
-2.087965861135004236e-14
-2.157053764664622342e-14
-2.216654899184992283e-14
-2.266263755433192695e-14
-2.305389901332763336e-14
-2.333576108498776336e-14
-2.350391067754489804e-14
-2.355452089614334249e-14
-2.348414770481956071e-14
-2.329004841089034328e-14
-2.296992755506863104e-14
-2.252209445959170442e-14
-2.194560044755863859e-14
-2.124025070139156507e-14
-2.040662120349461678e-14
-1.944618240306422718e-14
-1.836123653565103347e-14
-1.715508872381522193e-14
-1.583195549756822446e-14
-1.439700036975650327e-14
-1.285645411474006100e-14
-1.121760883916180992e-14
-9.488816287881677441e-15
-7.679481067713028047e-15
-5.800047941928454520e-15
-3.862003524325672427e-15
-1.877861244392706359e-15
1.388555933510551496e-16
2.173729005835686214e-15
4.211437225836540607e-15
6.235859522301474486e-15
8.230313369576077592e-15
1.017732956015617723e-14
1.205893956061519431e-14
1.385662299556141355e-14
1.555174852828702936e-14
1.712534600890533443e-14
1.855856980137286782e-14
1.983259883360163900e-14
2.092876788756595219e-14
2.182880476852763763e-14
2.251516064788548072e-14
2.297095415900070325e-14
2.318024244774008480e-14
2.312788903533619100e-14
2.279982470453512794e-14
2.218338461870954931e-14
2.126748450471168533e-14
2.004254441990808988e-14
1.850080046030423003e-14
1.663626410296301789e-14
1.444501527940456054e-14
1.192505499187333784e-14
9.076321406964200228e-15
5.901420845055849185e-15
2.404782864945951074e-15
-1.406308261777343936e-15
-5.522537078518369863e-15
-9.932051688520907723e-15
-1.462088473024297092e-14
-1.957254786033330723e-14
-2.476861895922208290e-14
-3.018827795706578720e-14
-3.580860922450940231e-14
-4.160487601136131364e-14
-4.755020026813924772e-14
-5.361619622671481844e-14
-5.977274339548366289e-14
-6.598830504375360895e-14
-7.223046352656734004e-14
-7.846558147152349338e-14
-8.465935065612648081e-14
-9.077685299415869102e-14
-9.678275704732425266e-14
-1.026415687470014215e-13
-1.083178008008320314e-13
-1.137767316342422341e-13
-1.189841004585814876e-13
-1.239063512166113656e-13
-1.285108358704128984e-13
-1.327666140004887807e-13
-1.366439242572042856e-13
-1.401146722517648824e-13
-1.431529319997210115e-13
-1.457340514541757837e-13
-1.478365363070596739e-13
-1.494411826273925326e-13
-1.505311581764465223e-13
-1.510922463532349269e-13
-1.511129817197837122e-13
-1.505844738182784970e-13
-1.495005698013904261e-13
-1.478582745606180082e-13
-1.456574254656353706e-13
-1.429008007845095074e-13
-1.395937537654670657e-13
-1.357445107924917793e-13
-1.313639952024714397e-13
-1.264655020245461503e-13
-1.210644540346195175e-13
-1.151790658291892977e-13
-1.088296797515167502e-13
-1.020385354986649840e-13
-9.483001406698776670e-14
-8.723012953236117251e-14
-7.926608859305100951e-14
-7.096648030509300487e-14
-6.236068654736151573e-14
-5.347921067035306397e-14
-4.435331157795312229e-14
-3.501451922459028476e-14
-2.549462445084089979e-14
-1.582538421596342559e-14
-6.038391154824553075e-15
3.835092017041982423e-15
1.376431249793669265e-14
2.371918410108957848e-14
3.367034569993349047e-14
4.358952502875497459e-14
5.344953063588127329e-14
6.322442976059924891e-14
7.288976009139219725e-14
8.242238407627291985e-14
9.180048214652014593e-14
1.010038068265627087e-13
1.100137301678245916e-13
1.188130404608175872e-13
1.273864233498553378e-13
1.357197367728504855e-13
1.438010002957970657e-13
1.516194532121331595e-13
1.591657442781210796e-13
1.664317419774671847e-13
1.734111172799895906e-13
1.800986118051517426e-13
1.864900513745895716e-13
1.925826441677089274e-13
1.983745605933437406e-13
2.038649061847017108e-13
2.090535589690384333e-13
2.139406951292069370e-13
2.185274530774883317e-13
2.228156759575758428e-13
2.268072475707441638e-13
2.305045260567184506e-13
2.339100050804954201e-13
2.370264629101420661e-13
2.398567726814154755e-13
2.424036991098554861e-13
2.446699527008933117e-13
2.466578102790911720e-13
2.483694131437397257e-13
2.498068754890753196e-13
2.509718507234109941e-13
2.518657483095709804e-13
2.524898150800536367e-13
2.528448912915426394e-13
2.529313293097440463e-13
2.527492375548751058e-13
2.522981552410125117e-13
2.515775131620157090e-13
2.505866336915268944e-13
2.493242428919933973e-13
2.477890126157539230e-13
2.459792894544954311e-13
2.438934742100135056e-13
2.415299134739951059e-13
2.388865472623125097e-13
2.359617763767613008e-13
2.327537034635396296e-13
2.292607293244430799e-13
2.254814987067560450e-13
2.214147241203986982e-13
2.170593078106713980e-13
2.124147889916508380e-13
2.074805442470878392e-13
2.022569259426884591e-13
1.967445032845932529e-13
1.909443604749747059e-13
1.848581102645643903e-13
1.784880701355059940e-13
1.718368692780677942e-13
1.649078687189844961e-13
1.577052832942016369e-13
1.502338428356966848e-13
1.424989819068592234e-13
1.345069482227082003e-13
1.262643960740772453e-13
1.177788471135379766e-13
1.090585887114463304e-13
1.001124638917716414e-13
9.095037955186499601e-14
8.158248653456628974e-14
7.201984370203487473e-14
6.227396392608983144e-14
5.235723082842001774e-14
4.228259046059126836e-14
3.206341916690662319e-14
2.171374720110440248e-14
1.124799784021045246e-14
6.814020071658263150e-16
-9.970656909157916969e-15
-2.069208316518057755e-14
-3.146668106743417959e-14
-4.227749471038058648e-14
-5.310768169089659374e-14
-6.393979313026876277e-14
-7.475626156517103937e-14
-8.553920782415277979e-14
-9.627093908301173619e-14
-1.069332814028316203e-13
-1.175081353835955023e-13
-1.279775168217672787e-13
-1.383231094768955227e-13
-1.485269291454441309e-13
-1.585709374137683758e-13
-1.684372720510765586e-13
-1.781086535852446917e-13
-1.875671113652638278e-13
-1.967957182847160369e-13
-2.057777505250907302e-13
-2.144968095285290643e-13
-2.229367542351881615e-13
-2.310820263438928546e-13
-2.389176367596085315e-13
-2.464289352004794820e-13
-2.536019625635349550e-13
-2.604236000024878761e-13
-2.668813791923546619e-13
-2.729631841738577869e-13
-2.786579831898922111e-13
-2.839550697440046401e-13
-2.888450383823487622e-13
-2.933191070673274448e-13
-2.973694424382444801e-13
-3.009888887607614638e-13
-3.041714287128211014e-13
-3.069118310189411503e-13
-3.092058401855946048e-13
-3.110502849214269450e-13
-3.124431323473647604e-13
-3.133828916854208835e-13
-3.138693460951608172e-13
-3.139032274130509892e-13
-3.134864058878389370e-13
-3.126217817603360594e-13
-3.113129328977115584e-13
-3.095647924198502432e-13
-3.073829439679404141e-13
-3.047743806459946025e-13
-3.017466918692202071e-13
-2.983083344145626148e-13
-2.944688763661940101e-13
-2.902384550144271325e-13
-2.856285629022903283e-13
-2.806510178334636896e-13
-2.753185862885282331e-13
-2.696448207946400277e-13
-2.636438972952043214e-13
-2.573305880448212291e-13
-2.507203158193943571e-13
-2.438290183908592423e-13
-2.366728774766402310e-13
-2.292687795255737848e-13
-2.216339362471481111e-13
-2.137858710589760070e-13
-2.057421886938332056e-13
-1.975206700673484694e-13
-1.891393671456936820e-13
-1.806163861051493513e-13
-1.719698195694688292e-13
-1.632175433219709704e-13
-1.543774738035560978e-13
-1.454673377197443496e-13
-1.365046584881485225e-13
-1.275066884758382924e-13
-1.184901515013242479e-13
-1.094715342138917469e-13
-1.004671131986552279e-13
-9.149235188909976557e-14
-8.256225293278712796e-14
-7.369144628278229137e-14
-6.489370808293939974e-14
-5.618231642173961149e-14
-4.757007504921362262e-14
-3.906869673695606560e-14
-3.068921663020376944e-14
-2.244235138980539557e-14
-1.433758270257250861e-14
-6.383885306097741505e-15
1.410668469752453854e-15
9.038711450040214784e-15
1.649343571333110325e-14
2.376909805860537989e-14
3.086078145960423347e-14
3.776412369664930435e-14
4.447565024059095540e-14
5.099246423874957690e-14
5.731247860194313426e-14
6.343431097240170846e-14
6.935719902047277063e-14
7.508092590572182368e-14
8.060614892571593693e-14
8.593372866592952075e-14
9.106502715534176007e-14
9.600237542862349871e-14
1.007480367578098002e-13
1.053046809907504100e-13
1.096753845511097558e-13
1.138636033333126352e-13
1.178728067843110017e-13
1.217068167167628667e-13
1.253696853362878949e-13
1.288651937979626294e-13
1.321974214124610469e-13
1.353704474904571242e-13
1.383880531870274044e-13
1.412539518946126504e-13
1.439719925309251858e-13
1.465456309903898080e-13
1.489780656694153493e-13
1.512722510189218328e-13
1.534308433342318478e-13
1.554560787823261458e-13
1.573501664251311660e-13
1.591147190133784806e-13
1.607509156169306674e-13
1.622592983368739694e-13
1.636402195389144443e-13
1.648935708028348435e-13
1.660188777901847046e-13
1.670150291937372300e-13
1.678806155506681885e-13
1.686137395071757306e-13
1.692120293710075440e-13
1.696728152943138834e-13
1.699930750635389454e-13
1.701693798893122445e-13
1.701980163791930178e-13
1.700750678528331616e-13
1.697964143419772309e-13
1.693577732480439080e-13
1.687546993421260022e-13
1.679826931852076988e-13
1.670372417857460268e-13
1.659139541249424199e-13
1.646084662890526240e-13
1.631166718623483503e-13
1.614348167948073676e-13
1.595592419040975374e-13
1.574868436615001199e-13
1.552148437989481211e-13
1.527409925969336335e-13
1.500634604642905878e-13
1.471812174089551228e-13
1.440937348823681519e-13
1.408014059078172009e-13
1.373052469248389751e-13
1.336071959448167923e-13
1.297100312358176466e-13
1.256172357973206477e-13
1.213332819632872983e-13
1.168636314021614941e-13
1.122147961032417263e-13
1.073940605498743817e-13
1.024097256649425525e-13
9.727101394317594352e-14
9.198825241026747923e-14
8.657252703343082390e-14
8.103578436535405216e-14
7.539092641188974153e-14
6.965155991030258509e-14
6.383220639344031055e-14
5.794784818007395200e-14
5.201431123379000876e-14
4.604810253266457265e-14
4.006582392246382796e-14
3.408488362431974505e-14
2.812280336177922641e-14
2.219729798190114844e-14
1.632627884338815061e-14
1.052773184384223071e-14
4.819520061088034685e-15
-7.806029060582241400e-16
-6.255154085806980194e-15
-1.158697280240509817e-14
-1.675940236470305905e-14
-2.175630213637445853e-14
-2.656219259030822427e-14
-3.116234212948570947e-14
-3.554282722631994795e-14
-3.969061882001627406e-14
-4.359361789195610737e-14
-4.724088416459271134e-14
-5.062243958980743030e-14
-5.372960038582501319e-14
-5.655483134754668573e-14
-5.909191186500781234e-14
-6.133596641656399728e-14
-6.328346456889108462e-14
-6.493212949742685480e-14
-6.628119548438698994e-14
-6.733117752580342064e-14
-6.808399330426873064e-14
-6.854283443992817415e-14
-6.871232234454197063e-14
-6.859827782852365163e-14
-6.820785662621162149e-14
-6.754933933169823823e-14
-6.663222626651990610e-14
-6.546695287658679807e-14
-6.406507269129946280e-14
-6.243911502201368591e-14
-6.060230035897021250e-14
-5.856873688293851021e-14
-5.635309520456502352e-14
-5.397067951514074313e-14
-5.143734288330648052e-14
-4.876932462472699514e-14
-4.598303346165649730e-14
-4.309509834491548341e-14
-4.012226003367348748e-14
-3.708129316841793366e-14
-3.398887074568257560e-14
-3.086143198090772477e-14
-2.771508913481605246e-14
-2.456565123033511294e-14
-2.142848683325988823e-14
-1.831843426676037917e-14
-1.524968641490077881e-14
-1.223581613362789006e-14
-9.289681383081033195e-15
-6.423301137265273117e-15
-3.647899853281150184e-15
-9.738496613260301180e-16
1.589338846789197391e-15
4.033110532418145502e-15
6.349828228871014224e-15
8.532827798556161941e-15
1.057638118116778145e-14
1.247573906297061788e-14
1.422706523174655652e-14
1.582747638734314372e-14
1.727499979002622421e-14
1.856852921476668389e-14
1.970789525497507189e-14
2.069369760997804425e-14
2.152726442743689572e-14
2.221082001587111610e-14
2.274718838312685121e-14
2.313983389395837115e-14
2.339286974035754280e-14
2.351092749847995267e-14
2.349913171765648928e-14
2.336312533138176079e-14
2.310872576193750971e-14
2.274233996653676759e-14
2.227034102107467578e-14
2.169953568231536983e-14
2.103677136460445352e-14
2.028891242294647568e-14
1.946307901629605597e-14
1.856634725789455681e-14
1.760553406890148082e-14
1.658757834322073521e-14
1.551908354970911452e-14
1.440676496557245084e-14
1.325697787901399319e-14
1.207577179934303177e-14
1.086907172202561042e-14
9.642435030228664605e-15
8.401205654816421703e-15
7.150386172375365612e-15
5.894618323456449899e-15
4.638133461147683420e-15
3.384923016454765253e-15
2.138647230501018043e-15
9.025814738143557621e-16
-3.203417726022679980e-16
-1.527513488452632382e-15
-2.716626514807094286e-15
-3.885758139814945653e-15
-5.033234096976819949e-15
-6.157685157533480599e-15
-7.257994085027499181e-15
-8.333232954865158609e-15
-9.382738963765232393e-15
-1.040597593987210856e-14
-1.140264996275308987e-14
-1.237259586098346173e-14
-1.331577975324533397e-14
-1.423227787250395948e-14
-1.512220118007542857e-14
-1.598575296386708228e-14
-1.682317208717004631e-14
-1.763467877855060678e-14
-1.842058644019924779e-14
-1.918109497189152135e-14
-1.991641951999603005e-14
-2.062666850473002245e-14
-2.131199100389221529e-14
-2.197233450143987882e-14
-2.260771254990016910e-14
-2.321788459191606591e-14
-2.380273543100674266e-14
-2.436185171509393926e-14
-2.489487599627391440e-14
-2.540117808203391087e-14
-2.588025144667147059e-14
-2.633133206646817021e-14
