-3.691263705015834090e-15
-2.287953092838823123e-15
-8.043072289662541417e-16
0.000000000000000000e+00
0.000000000000000000e+00
0.000000000000000000e+00
0.000000000000000000e+00
0.000000000000000000e+00
0.000000000000000000e+00
0.000000000000000000e+00
0.000000000000000000e+00
0.000000000000000000e+00
0.000000000000000000e+00
0.000000000000000000e+00
0.000000000000000000e+00
0.000000000000000000e+00
0.000000000000000000e+00
0.000000000000000000e+00
0.000000000000000000e+00
0.000000000000000000e+00
0.000000000000000000e+00
0.000000000000000000e+00
0.000000000000000000e+00
0.000000000000000000e+00
0.000000000000000000e+00
0.000000000000000000e+00
0.000000000000000000e+00
0.000000000000000000e+00
0.000000000000000000e+00
0.000000000000000000e+00
0.000000000000000000e+00
0.000000000000000000e+00
0.000000000000000000e+00
0.000000000000000000e+00
0.000000000000000000e+00
0.000000000000000000e+00
0.000000000000000000e+00
0.000000000000000000e+00
0.000000000000000000e+00
0.000000000000000000e+00
0.000000000000000000e+00
0.000000000000000000e+00
0.000000000000000000e+00
0.000000000000000000e+00
0.000000000000000000e+00
0.000000000000000000e+00
0.000000000000000000e+00
0.000000000000000000e+00
0.000000000000000000e+00
0.000000000000000000e+00
0.000000000000000000e+00
0.000000000000000000e+00
0.000000000000000000e+00
0.000000000000000000e+00
0.000000000000000000e+00
0.000000000000000000e+00
0.000000000000000000e+00
0.000000000000000000e+00
0.000000000000000000e+00
0.000000000000000000e+00
0.000000000000000000e+00
0.000000000000000000e+00
0.000000000000000000e+00
0.000000000000000000e+00
0.000000000000000000e+00
0.000000000000000000e+00
0.000000000000000000e+00
0.000000000000000000e+00
0.000000000000000000e+00
0.000000000000000000e+00
0.000000000000000000e+00
0.000000000000000000e+00
0.000000000000000000e+00
0.000000000000000000e+00
0.000000000000000000e+00
0.000000000000000000e+00
0.000000000000000000e+00
0.000000000000000000e+00
0.000000000000000000e+00
0.000000000000000000e+00
0.000000000000000000e+00
0.000000000000000000e+00
0.000000000000000000e+00
0.000000000000000000e+00
0.000000000000000000e+00
0.000000000000000000e+00
0.000000000000000000e+00
0.000000000000000000e+00
0.000000000000000000e+00
0.000000000000000000e+00
0.000000000000000000e+00
0.000000000000000000e+00
0.000000000000000000e+00
0.000000000000000000e+00
0.000000000000000000e+00
0.000000000000000000e+00
0.000000000000000000e+00
0.000000000000000000e+00
0.000000000000000000e+00
0.000000000000000000e+00
0.000000000000000000e+00
0.000000000000000000e+00
0.000000000000000000e+00
0.000000000000000000e+00
0.000000000000000000e+00
0.000000000000000000e+00
0.000000000000000000e+00
0.000000000000000000e+00
0.000000000000000000e+00
0.000000000000000000e+00
0.000000000000000000e+00
0.000000000000000000e+00
0.000000000000000000e+00
0.000000000000000000e+00
0.000000000000000000e+00
0.000000000000000000e+00
0.000000000000000000e+00
0.000000000000000000e+00
0.000000000000000000e+00
0.000000000000000000e+00
0.000000000000000000e+00
0.000000000000000000e+00
0.000000000000000000e+00
0.000000000000000000e+00
0.000000000000000000e+00
0.000000000000000000e+00
0.000000000000000000e+00
0.000000000000000000e+00
0.000000000000000000e+00
0.000000000000000000e+00
0.000000000000000000e+00
0.000000000000000000e+00
0.000000000000000000e+00
0.000000000000000000e+00
0.000000000000000000e+00
0.000000000000000000e+00
0.000000000000000000e+00
0.000000000000000000e+00
0.000000000000000000e+00
0.000000000000000000e+00
0.000000000000000000e+00
0.000000000000000000e+00
0.000000000000000000e+00
0.000000000000000000e+00
0.000000000000000000e+00
0.000000000000000000e+00
0.000000000000000000e+00
0.000000000000000000e+00
0.000000000000000000e+00
0.000000000000000000e+00
0.000000000000000000e+00
0.000000000000000000e+00
0.000000000000000000e+00
0.000000000000000000e+00
0.000000000000000000e+00
0.000000000000000000e+00
0.000000000000000000e+00
0.000000000000000000e+00
0.000000000000000000e+00
0.000000000000000000e+00
0.000000000000000000e+00
0.000000000000000000e+00
0.000000000000000000e+00
0.000000000000000000e+00
0.000000000000000000e+00
0.000000000000000000e+00
0.000000000000000000e+00
0.000000000000000000e+00
0.000000000000000000e+00
0.000000000000000000e+00
0.000000000000000000e+00
0.000000000000000000e+00
0.000000000000000000e+00
0.000000000000000000e+00
0.000000000000000000e+00
0.000000000000000000e+00
0.000000000000000000e+00
0.000000000000000000e+00
0.000000000000000000e+00
0.000000000000000000e+00
0.000000000000000000e+00
0.000000000000000000e+00
0.000000000000000000e+00
0.000000000000000000e+00
0.000000000000000000e+00
0.000000000000000000e+00
0.000000000000000000e+00
0.000000000000000000e+00
0.000000000000000000e+00
0.000000000000000000e+00
0.000000000000000000e+00
0.000000000000000000e+00
0.000000000000000000e+00
0.000000000000000000e+00
0.000000000000000000e+00
0.000000000000000000e+00
0.000000000000000000e+00
0.000000000000000000e+00
0.000000000000000000e+00
0.000000000000000000e+00
0.000000000000000000e+00
0.000000000000000000e+00
0.000000000000000000e+00
0.000000000000000000e+00
0.000000000000000000e+00
0.000000000000000000e+00
0.000000000000000000e+00
0.000000000000000000e+00
0.000000000000000000e+00
0.000000000000000000e+00
0.000000000000000000e+00
0.000000000000000000e+00
0.000000000000000000e+00
0.000000000000000000e+00
0.000000000000000000e+00
0.000000000000000000e+00
0.000000000000000000e+00
0.000000000000000000e+00
0.000000000000000000e+00
0.000000000000000000e+00
0.000000000000000000e+00
0.000000000000000000e+00
0.000000000000000000e+00
0.000000000000000000e+00
0.000000000000000000e+00
0.000000000000000000e+00
0.000000000000000000e+00
0.000000000000000000e+00
0.000000000000000000e+00
0.000000000000000000e+00
0.000000000000000000e+00
0.000000000000000000e+00
0.000000000000000000e+00
0.000000000000000000e+00
0.000000000000000000e+00
0.000000000000000000e+00
0.000000000000000000e+00
0.000000000000000000e+00
0.000000000000000000e+00
0.000000000000000000e+00
0.000000000000000000e+00
0.000000000000000000e+00
0.000000000000000000e+00
0.000000000000000000e+00
0.000000000000000000e+00
0.000000000000000000e+00
0.000000000000000000e+00
0.000000000000000000e+00
0.000000000000000000e+00
0.000000000000000000e+00
0.000000000000000000e+00
0.000000000000000000e+00
0.000000000000000000e+00
0.000000000000000000e+00
0.000000000000000000e+00
0.000000000000000000e+00
0.000000000000000000e+00
0.000000000000000000e+00
0.000000000000000000e+00
0.000000000000000000e+00
0.000000000000000000e+00
0.000000000000000000e+00
0.000000000000000000e+00
0.000000000000000000e+00
0.000000000000000000e+00
0.000000000000000000e+00
0.000000000000000000e+00
0.000000000000000000e+00
0.000000000000000000e+00
0.000000000000000000e+00
0.000000000000000000e+00
0.000000000000000000e+00
0.000000000000000000e+00
0.000000000000000000e+00
0.000000000000000000e+00
0.000000000000000000e+00
0.000000000000000000e+00
0.000000000000000000e+00
0.000000000000000000e+00
0.000000000000000000e+00
0.000000000000000000e+00
0.000000000000000000e+00
0.000000000000000000e+00
0.000000000000000000e+00
0.000000000000000000e+00
0.000000000000000000e+00
0.000000000000000000e+00
0.000000000000000000e+00
0.000000000000000000e+00
0.000000000000000000e+00
0.000000000000000000e+00
0.000000000000000000e+00
0.000000000000000000e+00
0.000000000000000000e+00
0.000000000000000000e+00
0.000000000000000000e+00
0.000000000000000000e+00
0.000000000000000000e+00
0.000000000000000000e+00
0.000000000000000000e+00
0.000000000000000000e+00
0.000000000000000000e+00
0.000000000000000000e+00
0.000000000000000000e+00
0.000000000000000000e+00
0.000000000000000000e+00
0.000000000000000000e+00
0.000000000000000000e+00
0.000000000000000000e+00
0.000000000000000000e+00
0.000000000000000000e+00
0.000000000000000000e+00
0.000000000000000000e+00
0.000000000000000000e+00
0.000000000000000000e+00
0.000000000000000000e+00
0.000000000000000000e+00
0.000000000000000000e+00
0.000000000000000000e+00
0.000000000000000000e+00
0.000000000000000000e+00
0.000000000000000000e+00
0.000000000000000000e+00
0.000000000000000000e+00
0.000000000000000000e+00
0.000000000000000000e+00
0.000000000000000000e+00
0.000000000000000000e+00
0.000000000000000000e+00
0.000000000000000000e+00
0.000000000000000000e+00
0.000000000000000000e+00
0.000000000000000000e+00
0.000000000000000000e+00
0.000000000000000000e+00
0.000000000000000000e+00
0.000000000000000000e+00
0.000000000000000000e+00
0.000000000000000000e+00
0.000000000000000000e+00
0.000000000000000000e+00
0.000000000000000000e+00
0.000000000000000000e+00
0.000000000000000000e+00
0.000000000000000000e+00
0.000000000000000000e+00
0.000000000000000000e+00
0.000000000000000000e+00
0.000000000000000000e+00
0.000000000000000000e+00
0.000000000000000000e+00
0.000000000000000000e+00
0.000000000000000000e+00
0.000000000000000000e+00
0.000000000000000000e+00
0.000000000000000000e+00
0.000000000000000000e+00
0.000000000000000000e+00
0.000000000000000000e+00
0.000000000000000000e+00
0.000000000000000000e+00
0.000000000000000000e+00
0.000000000000000000e+00
0.000000000000000000e+00
0.000000000000000000e+00
0.000000000000000000e+00
0.000000000000000000e+00
0.000000000000000000e+00
0.000000000000000000e+00
0.000000000000000000e+00
0.000000000000000000e+00
0.000000000000000000e+00
0.000000000000000000e+00
0.000000000000000000e+00
0.000000000000000000e+00
0.000000000000000000e+00
0.000000000000000000e+00
0.000000000000000000e+00
0.000000000000000000e+00
0.000000000000000000e+00
0.000000000000000000e+00
0.000000000000000000e+00
0.000000000000000000e+00
0.000000000000000000e+00
0.000000000000000000e+00
0.000000000000000000e+00
0.000000000000000000e+00
0.000000000000000000e+00
0.000000000000000000e+00
0.000000000000000000e+00
0.000000000000000000e+00
0.000000000000000000e+00
0.000000000000000000e+00
0.000000000000000000e+00
0.000000000000000000e+00
0.000000000000000000e+00
0.000000000000000000e+00
0.000000000000000000e+00
0.000000000000000000e+00
0.000000000000000000e+00
0.000000000000000000e+00
0.000000000000000000e+00
0.000000000000000000e+00
0.000000000000000000e+00
0.000000000000000000e+00
0.000000000000000000e+00
0.000000000000000000e+00
0.000000000000000000e+00
0.000000000000000000e+00
0.000000000000000000e+00
0.000000000000000000e+00
0.000000000000000000e+00
0.000000000000000000e+00
0.000000000000000000e+00
0.000000000000000000e+00
0.000000000000000000e+00
0.000000000000000000e+00
0.000000000000000000e+00
0.000000000000000000e+00
0.000000000000000000e+00
0.000000000000000000e+00
0.000000000000000000e+00
0.000000000000000000e+00
0.000000000000000000e+00
0.000000000000000000e+00
0.000000000000000000e+00
0.000000000000000000e+00
0.000000000000000000e+00
0.000000000000000000e+00
0.000000000000000000e+00
0.000000000000000000e+00
0.000000000000000000e+00
0.000000000000000000e+00
0.000000000000000000e+00
0.000000000000000000e+00
0.000000000000000000e+00
0.000000000000000000e+00
0.000000000000000000e+00
0.000000000000000000e+00
0.000000000000000000e+00
0.000000000000000000e+00
0.000000000000000000e+00
0.000000000000000000e+00
0.000000000000000000e+00
0.000000000000000000e+00
0.000000000000000000e+00
0.000000000000000000e+00
0.000000000000000000e+00
0.000000000000000000e+00
0.000000000000000000e+00
0.000000000000000000e+00
0.000000000000000000e+00
0.000000000000000000e+00
0.000000000000000000e+00
0.000000000000000000e+00
0.000000000000000000e+00
0.000000000000000000e+00
0.000000000000000000e+00
0.000000000000000000e+00
0.000000000000000000e+00
0.000000000000000000e+00
0.000000000000000000e+00
0.000000000000000000e+00
0.000000000000000000e+00
0.000000000000000000e+00
0.000000000000000000e+00
0.000000000000000000e+00
0.000000000000000000e+00
0.000000000000000000e+00
0.000000000000000000e+00
0.000000000000000000e+00
0.000000000000000000e+00
0.000000000000000000e+00
0.000000000000000000e+00
0.000000000000000000e+00
0.000000000000000000e+00
0.000000000000000000e+00
0.000000000000000000e+00
0.000000000000000000e+00
0.000000000000000000e+00
0.000000000000000000e+00
0.000000000000000000e+00
0.000000000000000000e+00
0.000000000000000000e+00
0.000000000000000000e+00
0.000000000000000000e+00
0.000000000000000000e+00
0.000000000000000000e+00
0.000000000000000000e+00
0.000000000000000000e+00
0.000000000000000000e+00
0.000000000000000000e+00
0.000000000000000000e+00
0.000000000000000000e+00
0.000000000000000000e+00
0.000000000000000000e+00
0.000000000000000000e+00
0.000000000000000000e+00
0.000000000000000000e+00
0.000000000000000000e+00
0.000000000000000000e+00
0.000000000000000000e+00
0.000000000000000000e+00
0.000000000000000000e+00
0.000000000000000000e+00
0.000000000000000000e+00
0.000000000000000000e+00
0.000000000000000000e+00
0.000000000000000000e+00
0.000000000000000000e+00
0.000000000000000000e+00
0.000000000000000000e+00
0.000000000000000000e+00
0.000000000000000000e+00
0.000000000000000000e+00
0.000000000000000000e+00
0.000000000000000000e+00
0.000000000000000000e+00
0.000000000000000000e+00
0.000000000000000000e+00
0.000000000000000000e+00
0.000000000000000000e+00
0.000000000000000000e+00
0.000000000000000000e+00
0.000000000000000000e+00
0.000000000000000000e+00
0.000000000000000000e+00
0.000000000000000000e+00
0.000000000000000000e+00
0.000000000000000000e+00
0.000000000000000000e+00
0.000000000000000000e+00
0.000000000000000000e+00
0.000000000000000000e+00
0.000000000000000000e+00
0.000000000000000000e+00
0.000000000000000000e+00
0.000000000000000000e+00
0.000000000000000000e+00
0.000000000000000000e+00
0.000000000000000000e+00
0.000000000000000000e+00
0.000000000000000000e+00
0.000000000000000000e+00
0.000000000000000000e+00
0.000000000000000000e+00
0.000000000000000000e+00
0.000000000000000000e+00
0.000000000000000000e+00
0.000000000000000000e+00
0.000000000000000000e+00
0.000000000000000000e+00
0.000000000000000000e+00
0.000000000000000000e+00
0.000000000000000000e+00
0.000000000000000000e+00
0.000000000000000000e+00
0.000000000000000000e+00
0.000000000000000000e+00
0.000000000000000000e+00
0.000000000000000000e+00
0.000000000000000000e+00
0.000000000000000000e+00
0.000000000000000000e+00
0.000000000000000000e+00
0.000000000000000000e+00
0.000000000000000000e+00
0.000000000000000000e+00
0.000000000000000000e+00
0.000000000000000000e+00
0.000000000000000000e+00
0.000000000000000000e+00
0.000000000000000000e+00
0.000000000000000000e+00
0.000000000000000000e+00
0.000000000000000000e+00
0.000000000000000000e+00
0.000000000000000000e+00
0.000000000000000000e+00
0.000000000000000000e+00
0.000000000000000000e+00
0.000000000000000000e+00
0.000000000000000000e+00
0.000000000000000000e+00
0.000000000000000000e+00
0.000000000000000000e+00
0.000000000000000000e+00
0.000000000000000000e+00
0.000000000000000000e+00
0.000000000000000000e+00
0.000000000000000000e+00
0.000000000000000000e+00
0.000000000000000000e+00
0.000000000000000000e+00
0.000000000000000000e+00
0.000000000000000000e+00
0.000000000000000000e+00
0.000000000000000000e+00
0.000000000000000000e+00
0.000000000000000000e+00
0.000000000000000000e+00
0.000000000000000000e+00
0.000000000000000000e+00
0.000000000000000000e+00
0.000000000000000000e+00
0.000000000000000000e+00
0.000000000000000000e+00
0.000000000000000000e+00
0.000000000000000000e+00
0.000000000000000000e+00
0.000000000000000000e+00
0.000000000000000000e+00
0.000000000000000000e+00
0.000000000000000000e+00
0.000000000000000000e+00
0.000000000000000000e+00
0.000000000000000000e+00
0.000000000000000000e+00
0.000000000000000000e+00
0.000000000000000000e+00
0.000000000000000000e+00
0.000000000000000000e+00
0.000000000000000000e+00
0.000000000000000000e+00
0.000000000000000000e+00
0.000000000000000000e+00
0.000000000000000000e+00
0.000000000000000000e+00
0.000000000000000000e+00
0.000000000000000000e+00
0.000000000000000000e+00
0.000000000000000000e+00
0.000000000000000000e+00
0.000000000000000000e+00
0.000000000000000000e+00
0.000000000000000000e+00
0.000000000000000000e+00
0.000000000000000000e+00
0.000000000000000000e+00
0.000000000000000000e+00
0.000000000000000000e+00
0.000000000000000000e+00
0.000000000000000000e+00
0.000000000000000000e+00
0.000000000000000000e+00
0.000000000000000000e+00
0.000000000000000000e+00
0.000000000000000000e+00
0.000000000000000000e+00
0.000000000000000000e+00
0.000000000000000000e+00
0.000000000000000000e+00
0.000000000000000000e+00
0.000000000000000000e+00
0.000000000000000000e+00
0.000000000000000000e+00
0.000000000000000000e+00
0.000000000000000000e+00
0.000000000000000000e+00
0.000000000000000000e+00
0.000000000000000000e+00
0.000000000000000000e+00
0.000000000000000000e+00
0.000000000000000000e+00
0.000000000000000000e+00
0.000000000000000000e+00
0.000000000000000000e+00
0.000000000000000000e+00
0.000000000000000000e+00
0.000000000000000000e+00
0.000000000000000000e+00
0.000000000000000000e+00
0.000000000000000000e+00
0.000000000000000000e+00
0.000000000000000000e+00
0.000000000000000000e+00
0.000000000000000000e+00
0.000000000000000000e+00
0.000000000000000000e+00
0.000000000000000000e+00
0.000000000000000000e+00
0.000000000000000000e+00
0.000000000000000000e+00
0.000000000000000000e+00
0.000000000000000000e+00
0.000000000000000000e+00
0.000000000000000000e+00
0.000000000000000000e+00
0.000000000000000000e+00
0.000000000000000000e+00
0.000000000000000000e+00
0.000000000000000000e+00
0.000000000000000000e+00
0.000000000000000000e+00
0.000000000000000000e+00
0.000000000000000000e+00
0.000000000000000000e+00
0.000000000000000000e+00
0.000000000000000000e+00
0.000000000000000000e+00
0.000000000000000000e+00
0.000000000000000000e+00
0.000000000000000000e+00
0.000000000000000000e+00
0.000000000000000000e+00
0.000000000000000000e+00
0.000000000000000000e+00
0.000000000000000000e+00
0.000000000000000000e+00
0.000000000000000000e+00
0.000000000000000000e+00
0.000000000000000000e+00
0.000000000000000000e+00
0.000000000000000000e+00
0.000000000000000000e+00
0.000000000000000000e+00
0.000000000000000000e+00
0.000000000000000000e+00
0.000000000000000000e+00
0.000000000000000000e+00
0.000000000000000000e+00
0.000000000000000000e+00
0.000000000000000000e+00
0.000000000000000000e+00
0.000000000000000000e+00
0.000000000000000000e+00
0.000000000000000000e+00
0.000000000000000000e+00
0.000000000000000000e+00
0.000000000000000000e+00
0.000000000000000000e+00
0.000000000000000000e+00
0.000000000000000000e+00
0.000000000000000000e+00
0.000000000000000000e+00
0.000000000000000000e+00
0.000000000000000000e+00
0.000000000000000000e+00
0.000000000000000000e+00
0.000000000000000000e+00
0.000000000000000000e+00
0.000000000000000000e+00
0.000000000000000000e+00
0.000000000000000000e+00
0.000000000000000000e+00
0.000000000000000000e+00
0.000000000000000000e+00
0.000000000000000000e+00
-1.401298464324817071e-45
-2.802596928649634142e-45
-2.802596928649634142e-45
-2.802596928649634142e-45
0.000000000000000000e+00
8.407790785948902426e-45
1.401298464324817071e-45
1.681558157189780485e-44
1.359259510395072559e-43
2.143986650416970119e-43
1.334036138037225852e-42
5.446847130830563955e-42
5.891058744021530966e-42
5.546339321797625967e-42
9.490994498871986021e-42
2.865655359544250910e-42
2.111756785737499326e-42
1.497988058363229449e-42
1.100019294494981401e-42
1.156071233067974084e-42
-1.000527103527919389e-42
-1.966021745447718351e-42
-3.508851354669341946e-42
-6.653365108614231453e-42
-7.855679191004924500e-42
-5.984945741131293710e-42
-3.405155268309305482e-42
3.500443563883393043e-42
5.065693948534213711e-42
1.448942612111860851e-41
1.528956754424807906e-41
1.480752087252034199e-41
1.229639402445026980e-41
1.314417959536678413e-42
-1.584167913919205699e-41
-3.869265319693684896e-41
-6.772055088542543459e-41
-9.134223909854887595e-41
-9.439566845231265235e-41
-7.142418272663592610e-41
3.281841003448721580e-42
1.236085375380921138e-40
2.740925783234698943e-40
4.273525913666751373e-40
5.277556263355482804e-40
5.190185304104830460e-40
3.631058593743109242e-40
-9.062197168788591998e-42
-5.902759586198643189e-40
-1.315031728264052682e-39
-2.050138889664208470e-39
-2.584769286265734303e-39
-2.636784083963007187e-39
-1.900659579877751583e-39
-1.685159494243095265e-40
2.595322465000564500e-39
6.136566234971238917e-39
9.847219982786462094e-39
1.268811860236148646e-38
1.331953388129699876e-38
1.030626013632691432e-38
2.508271001799778214e-39
-1.040710598161051410e-38
-2.744163623466367865e-38
-4.587189198804904047e-38
-6.100183482162895096e-38
-6.657136283041422400e-38
-5.563950280377874538e-38
-2.232654511396355081e-38
3.595244768111281298e-38
1.159179537269600820e-37
2.062062930660718349e-37
2.863114861480368590e-37
3.275105578302036487e-37
2.967321693104682162e-37
1.636867834461656273e-37
-8.897175216955229970e-38
-4.537686032423148391e-37
-8.872893629269286686e-37
-1.303290169958761038e-36
-1.574315462889251912e-36
-1.545779734852597346e-36
-1.065099833595024127e-36
-2.548276391398094551e-38
1.579900926464173487e-36
3.603369810498292596e-36
5.702597239144244580e-36
7.333509196400113513e-36
7.795151886290060647e-36
6.341160653650154916e-36
2.361633906452154353e-36
-4.378156116793494474e-36
-1.347905163365598234e-35
-2.368756143784854125e-35
-3.279615176483832955e-35
-3.774893477799420852e-35
-3.503353134815770462e-35
-2.139300708352267930e-35
5.164008241643327426e-36
4.418182187315066703e-35
9.162843007302898088e-35
1.391468593706213537e-34
1.740800030420413542e-34
1.806502129025465590e-34
1.425526246633885368e-34
4.699833618425711925e-35
-1.101445668354546232e-34
-3.189073240686412148e-34
-5.507375163772213747e-34
-7.566181887550447084e-34
-8.696211698467278673e-34
-8.133085619576092363e-34
-5.167885507592525266e-34
6.421064996941670107e-35
9.227009846000928917e-34
1.976893685638128444e-33
3.054014220317960398e-33
3.889826152254123801e-33
4.150490922523012160e-33
3.483259757845142380e-33
1.596545039685307302e-33
-1.636591744494922530e-33
-6.066201045555802119e-33
-1.116805811710767792e-32
-1.599308700372487427e-32
-1.919733766727257723e-32
-1.918617340967564255e-32
-1.438778489846792555e-32
-3.653164609287041921e-33
1.325664048013422443e-32
3.517614829210671481e-32
5.914843070512779704e-32
8.028750430770235431e-32
9.205734132935014777e-32
8.706669190085781448e-32
5.845859772281949173e-32
1.817898156455828995e-33
-8.261197385679237852e-32
-1.877902301497949323e-31
-2.983588744802304465e-31
-3.904169152287193336e-31
-4.331789781932714592e-31
-3.930832890646895283e-31
-2.404155605835656587e-31
4.187759162763466595e-32
4.483083428047388257e-31
9.416817535962737863e-31
1.447136048969627626e-30
1.852183002319472035e-30
2.015487191434011373e-30
1.786409861611302088e-30
1.035434010842715820e-30
-3.063653780926641948e-31
-2.203811542706932936e-30
-4.478385588384214001e-30
-6.783612012832633167e-30
-8.607920564630830331e-30
-9.315616312074457092e-30
-8.234791950448185594e-30
-4.791849870901042056e-30
1.315237965603973639e-30
9.928252370434883238e-30
2.025748335529118898e-29
3.077607463108190895e-29
3.923052491021853500e-29
4.281520113966127310e-29
3.854614269521499264e-29
2.383635471151092242e-29
-2.762528897709265609e-30
-4.074467297690255120e-29
-8.690280400826843083e-29
-1.348373887462127920e-28
-1.749492011433896975e-28
-1.951049487540013998e-28
-1.821422846703086701e-28
-1.242392971888036436e-28
-1.400870434496404479e-29
1.480194884729441423e-28
3.500918138014444831e-28
5.669132236076782390e-28
7.591342246776434297e-28
8.756218343962207353e-28
8.590880147131479736e-28
6.554011341640192032e-28
2.261542977978641670e-28
-4.367466001625933714e-28
-1.296588616448968948e-27
-2.260576257443056497e-27
-3.175205780636399087e-27
-3.832087521593414588e-27
-3.987530868148863903e-27
-3.396864717202820398e-27
-1.863617251408564592e-27
7.010489479269021513e-28
4.216014337473221384e-27
8.376222928877878221e-27
1.262130378625778065e-26
1.614116185638306982e-26
1.793506545122267188e-26
1.692917843391646226e-26
1.215819081997053714e-26
2.997675484292728074e-27
-1.057605477809597798e-26
-2.773839861703160310e-26
-4.663366032355984182e-26
-6.431802978503756047e-26
-7.688750525574792509e-26
-7.983984800841667197e-26
-6.869324341764377516e-26
-3.984230748670557487e-26
8.409236449612586464e-27
7.477435026886296176e-26
1.540503106414663392e-25
2.365438867350464949e-25
3.081185678685264565e-25
3.510647964982438312e-25
3.459903747696998083e-25
2.747169152424978325e-25
1.240971388107080802e-25
-1.096531819177728626e-25
-4.166399932322916928e-25
-7.698291921482957088e-25
-1.123315643714148317e-24
-1.413370135017825401e-24
-1.563056688998738696e-24
-1.490853630850443622e-24
-1.123418688669892812e-24
-4.116609743694728360e-25
6.515266311168885708e-25
2.014172319675710844e-24
3.552146781762494859e-24
5.063787686326417364e-24
6.275917432270099600e-24
6.864139060426746653e-24
6.489727136577581756e-24
4.852201386480300630e-24
1.754466096256791306e-24
-2.825773915426755062e-24
-8.668099867598914681e-24
-1.525837482072551399e-23
-2.176730874819296433e-23
-2.707383879581720229e-23
-2.984660914702215757e-23
-2.868627364153257131e-23
-2.233217575482009072e-23
-9.917435449276440719e-24
8.749329663870427488e-24
3.291205636039497088e-23
6.065386154998625448e-23
8.879452427958814429e-23
1.129531812427026525e-22
1.278200538624978410e-22
1.276753957051420327e-22
1.071477077165787977e-22
6.217281637843293359e-23
-8.917702557758989806e-24
-1.043096891021812020e-22
-2.177889206618086758e-22
-3.381857555408533451e-22
-4.493942920055692079e-22
-5.311356298642380109e-22
-5.606191862900157336e-22
-5.151070869863016022e-22
-3.753505957511746203e-22
-1.296359990445421266e-22
2.219649357238824922e-22
6.636891015935515934e-22
1.161189116097907817e-21
1.660363737153641688e-21
2.088736867653664846e-21
2.359853593301980867e-21
2.381184392179157026e-21
2.065276724934018198e-21
1.343813167203409461e-21
1.834481141397572381e-22
-1.398253707828385356e-21
-3.319001623351502572e-21
-5.422410445561613357e-21
-7.476121384152485938e-21
-9.179502754075111533e-21
-1.018328077285324199e-20
-1.012137632064387801e-20
-8.654835985582077556e-21
-5.525430378638194414e-21
-6.155393543453660035e-22
5.993348841259682740e-21
1.396999164029239379e-20
2.270072144707621164e-20
3.128216777151408249e-20
3.855036470712172056e-20
4.315068121622136719e-20
4.365214653788456908e-20
3.870543199140700318e-20
2.723596533759693084e-20
8.658258606925229097e-21
-1.690718721084601923e-20
-4.844238823927036577e-20
-8.389371108793936478e-20
-1.201214237208460749e-19
-1.529617477348171743e-19
-1.774242572578804980e-19
-1.880520288643266512e-19
-1.794213685246161430e-19
-1.467830058270786938e-19
-8.680077272727162484e-20
1.673937597330019979e-21
1.168686393595578627e-19
2.534758243873740637e-19
4.022848928026277585e-19
5.501403512185785238e-19
6.802909650504149962e-19
7.732622918898305337e-19
8.082141365890110188e-19
7.647876197190716269e-19
6.253874205788789145e-19
3.777587549958832074e-19
1.763060350855052482e-20
-4.487757777999522683e-19
-1.002676905673503132e-18
-1.611477700609468736e-18
-2.228368942321662365e-18
-2.793422429406382856e-18
-3.236158030975896347e-18
-3.479584050360451543e-18
-3.446032570739535049e-18
-3.064094123807209677e-18
-2.276772036250662194e-18
-1.050016452129912906e-18
6.187228780823274551e-19
2.693089557006763364e-18
5.091940216780451594e-18
7.686158943120282943e-18
1.029920926328549652e-17
1.271109008565842632e-17
1.466715303148401022e-17
1.589158878757685454e-17
1.610502785539513738e-17
1.504648813423347807e-17
1.249801249576782915e-17
8.310587661369212898e-18
2.430614808886030770e-18
-5.075400326842147529e-18
-1.400002855873754319e-17
-2.397910569007521715e-17
-3.448414726826595886e-17
-4.482229357734555150e-17
-5.414664071023525299e-17
-6.147456096494862050e-17
-6.571829529236617156e-17
-6.572017464671789204e-17
-6.030063285705826405e-17
-4.830354605100152250e-17
-2.864777593305105937e-17
-3.764225998126686449e-19
3.730120348854390055e-17
8.497210195473016620e-17
1.429977300469164876e-16
2.114919508307820141e-16
2.903386744704386036e-16
3.792021715163081336e-16
4.775598755794939042e-16
5.847581948620708160e-16
7.000507609886098218e-16
8.227000200202892397e-16
9.520076462316571023e-16
1.087426297520109521e-15
1.228601490597220573e-15
1.375440581234384316e-15
1.528189526623659721e-15
1.687397309993985978e-15
1.853962845060636716e-15
2.029187915584423386e-15
2.214663355319407972e-15
2.412268518617310953e-15
2.624166727625419811e-15
2.852697275585814110e-15
3.100278865079378506e-15
3.369341845390022398e-15
3.662311695362208477e-15
3.981412299998952908e-15
4.328757218261891984e-15
4.706270909007187475e-15
5.115566969999358823e-15
5.557921879889918260e-15
6.034408405906563355e-15
6.545681304517521684e-15
7.092283523841983253e-15
7.674244710033101963e-15
8.291757139569904539e-15
8.944324027628826335e-15
9.631638748282961293e-15
1.035304993319587086e-14
1.110782828699996908e-14
1.189512931784684341e-14
1.271398910224251846e-14
1.356290923890330138e-14
1.444064458939672835e-14
1.534542146673124885e-14
1.627522308545945040e-14
1.722766928299954842e-14
1.820001059040475544e-14
1.918889445126983895e-14
2.019050752326626008e-14
2.120052485616533838e-14
2.221396928436900758e-14
2.322541640888305114e-14
2.422862020875441585e-14
2.521613526437673641e-14
2.618027390472073279e-14
2.711274875943046891e-14
2.800475068585450006e-14
2.884645240773878183e-14
2.962723043785885080e-14
3.033686447667313657e-14
3.096424822817724076e-14
3.149711326716313209e-14
3.192301837370153939e-14
3.222926482984722618e-14
3.240296418227477104e-14
3.243175313808605020e-14
3.230235699693169427e-14
3.200194829185848411e-14
3.151684574670236827e-14
3.083407620484319989e-14
2.994112390745234942e-14
2.882571365305820754e-14
2.747556176985969240e-14
2.587965174734481455e-14
2.402747360070404264e-14
2.191006402728953167e-14
1.951939484882720538e-14
1.684811720746668545e-14
1.389010451390048154e-14
1.064167386887393194e-14
7.100127048933558074e-15
3.264917506070144117e-15
-8.626777516692056731e-16
-5.278879580911197827e-15
-9.977751657124118989e-15
-1.495079220473725934e-14
-2.018725830488059259e-14
-2.567402264093757158e-14
-3.139534734074821143e-14
-3.733336339725723541e-14
-4.346643758899176868e-14
-4.977042270069148566e-14
-5.621837969650191058e-14
-6.278256994146635961e-14
-6.943113483237270400e-14
-7.613075886933953762e-14
-8.284343398995766550e-14
-8.953082009490256898e-14
-9.615443478331459071e-14
-1.026724617326536804e-13
-1.090393644516754468e-13
-1.152109142680060594e-13
-1.211430315870704044e-13
-1.267908575439818941e-13
-1.321059825117390507e-13
-1.370442930144488702e-13
-1.415577453433430888e-13
-1.456013586607907140e-13
-1.491283903006304645e-13
-1.520994024088381802e-13
-1.544740220070159320e-13
-1.562171480498295018e-13
-1.572901829399384055e-13
-1.576617390244491879e-13
-1.573038438873117228e-13
-1.561883082720413873e-13
-1.542932990573897545e-13
-1.516079471165776571e-13
-1.481202991206534425e-13
-1.438208683006078625e-13
-1.387069034934282352e-13
-1.327860754294848955e-13
-1.260706491458540857e-13
-1.185767385973243715e-13
-1.103251536893438967e-13
-1.013422744160219491e-13
-9.166110795724713434e-14
-8.132099052308994214e-14
-7.036489717716226666e-14
-5.884024821198319266e-14
-4.680113176343259074e-14
-3.430459380644214351e-14
-2.141335374262424290e-14
-8.193702064496904969e-15
5.285503378558726456e-15
1.895348536050302929e-14
3.273788778588269943e-14
4.656421325995377392e-14
6.035594252032719376e-14
7.403527389673175696e-14
8.752371115187951300e-14
1.007468712404743783e-13
1.136275725203625409e-13
1.260921299013964547e-13
1.380712493122271400e-13
1.494934005145248657e-13
1.602925827010395765e-13
1.704075655540801537e-13
1.797818079303514782e-13
1.883617095849512979e-13
1.961007989022614528e-13
2.029529024222612166e-13
2.088846673756195038e-13
2.138696663343819804e-13
2.178812008200511907e-13
2.209035499011260950e-13
2.229278366723194682e-13
2.239476507882864897e-13
2.239638460582379920e-13
2.229856110955857895e-13
2.210237337119461132e-13
2.181023238531296093e-13
2.142533925882789125e-13
2.095099809786005185e-13
2.039105782012176626e-13
1.975006800897932679e-13
1.903228415795973905e-13
1.824241577024973693e-13
1.738643408931428436e-13
1.647017347809406895e-13
1.549986945433359797e-13
1.448177650931539717e-13
1.342201903006129404e-13
1.232693959928032879e-13
1.120296821348169825e-13
1.005686487321084954e-13
8.895610485205873719e-14
7.725658085272132936e-14
6.553237770143272023e-14
5.384324849042401717e-14
4.224669659241842012e-14
3.080089623023335443e-14
1.956121625356493920e-14
8.577241971145441179e-15
-2.103651852526969811e-15
-1.243790548934855730e-14
-2.238514278454784012e-14
-3.190990630367804282e-14
-4.098150380789540581e-14
-4.957293866310504005e-14
-5.766169334543713720e-14
-6.522894339467191771e-14
-7.226071954344326365e-14
-7.874439083644171888e-14
-8.467303870855411030e-14
-9.004375614270546113e-14
-9.485580452616576563e-14
-9.911246357050679245e-14
-1.028201368448097841e-13
-1.059915027382292430e-13
-1.086387314201513188e-13
-1.107769068533007162e-13
-1.124201778760283710e-13
-1.135862982989087333e-13
-1.142968911790193109e-13
-1.145732407602587100e-13
-1.144389352161420681e-13
-1.139172306832691994e-13
-1.130318440841632244e-13
-1.118061738569590957e-13
-1.102665525619210551e-13
-1.084338443146058706e-13
-1.063308512419536278e-13
-1.039829843323819558e-13
-1.014143128741200328e-13
-9.864690715764151685e-14
-9.570178715256547064e-14
-9.259800771207332692e-14
-8.935555881372028719e-14
-8.599188933621979003e-14
-8.252404158247059196e-14
-7.896772970771015476e-14
-7.533771241401143737e-14
-7.164641059251297683e-14
-6.790738354663442000e-14
-6.413351295343761027e-14
-6.033371637579124092e-14
-5.651785327720135199e-14
-5.269545447239044889e-14
-4.887337415196771340e-14
-4.505919495487696602e-14
-4.125950340931605620e-14
-3.747994414284548659e-14
-3.372550448545869051e-14
-3.000191037987910703e-14
-2.631407461720081109e-14
-2.266780106717838916e-14
-1.906741976223820523e-14
-1.551812132028103364e-14
-1.202378007000761556e-14
-8.588704868020633626e-15
-5.217916078598464069e-15
-1.916728833485127625e-15
1.309350517887512312e-15
4.454880000591583677e-15
7.514466344093681527e-15
1.048241981632886191e-14
1.335249778447586064e-14
1.611890146097777476e-14
1.877576768377371003e-14
2.131697325168796509e-14
2.373570463169282635e-14
2.602564295800177674e-14
2.818043717757630351e-14
3.019393274902165691e-14
3.205988873358246727e-14
3.377252836655846024e-14
3.532699984322776321e-14
3.671796685602267407e-14
3.794132298921490398e-14
3.899268400026946468e-14
3.986824162905550084e-14
4.056606125232148363e-14
4.108434038395565591e-14
4.142193722354511887e-14
4.157920413679593030e-14
4.155740150873360461e-14
4.135703417099470536e-14
4.098045348704081048e-14
4.043102725987020307e-14
3.971224526522557086e-14
3.883036199438943958e-14
3.779049352636322523e-14
3.660066295722332053e-14
3.526804973823065292e-14
3.380082265512854289e-14
3.220835666857720103e-14
3.049921358760747381e-14
2.868478769942582607e-14
2.677606163322635707e-14
2.478418911885851145e-14
2.272094899648680749e-14
2.059914501614194121e-14
1.843038152920129652e-14
1.622735894767600440e-14
1.400207295216508024e-14
1.176704523072778438e-14
9.534433247256057786e-15
7.316299597951748945e-15
5.124142755073834987e-15
2.969108189900524809e-15
8.620252716020238449e-16
-1.186667748114857146e-15
-3.167109552859505989e-15
-5.070035984469124790e-15
-6.886941561603859494e-15
-8.610229669276259906e-15
-1.023321255885127970e-14
-1.174977338190032194e-14
-1.315495445458310722e-14
-1.444449858930673541e-14
-1.561476608549685480e-14
-1.666360971463217572e-14
-1.758886615456541069e-14
-1.838978832223708143e-14
-1.906655578863200584e-14
-1.962013755944184284e-14
-2.005168559947485829e-14
-2.036372237284797548e-14
-2.055928533971004835e-14
-2.064195236723027904e-14
-2.061590779816810381e-14
-2.048572561043869589e-14
-2.025709955951349867e-14
-1.993510167868067090e-14
-1.952559682406700137e-14
-1.903486998014111697e-14
-1.846907230016597845e-14
-1.783516639496801615e-14
-1.713974726307455204e-14
-1.638944717246258731e-14
-1.559135409483474594e-14
-1.475258988321154208e-14
-1.387991894270974857e-14
-1.298011245470971631e-14
-1.205965360938972969e-14
-1.112476386374737156e-14
-1.018132755566721753e-14
-9.234887668756099760e-15
-8.290999045082111940e-15
-7.354713389142678720e-15
-6.430952809394294839e-15
-5.524068514087005638e-15
-4.638180471476256034e-15
-3.777011391365228676e-15
-2.943860890599952693e-15
-2.141674738012741726e-15
-1.373045807334259596e-15
-6.401918425786548746e-16
5.506923826080749752e-17
7.113124875388293720e-16
1.327467387958979322e-15
1.902805094139924623e-15
2.436965881776878215e-15
2.929752921588721880e-15
3.381153296323009989e-15
3.791471090807806837e-15
4.161219183492674903e-15
4.491062283482971998e-15
4.781894010538051409e-15
5.034706240239147923e-15
5.250825849698135400e-15
5.431557269653785464e-15
5.578707221382591536e-15
5.693908360890386280e-15
5.778718381767170356e-15
5.834952052102436101e-15
5.864608793168177292e-15
5.869416128660319074e-15
5.851129534362045984e-15
5.811675586711887928e-15
5.752720399517094116e-15
5.676031730538584272e-15
5.583352773581807746e-15
5.476298396960704862e-15
5.356530055801314930e-15
5.225707934680256378e-15
5.085379986308636441e-15
4.936953132411844511e-15
4.781847847242426050e-15
4.621421077581882447e-15
4.456870528017631283e-15
4.289390938521774749e-15
4.120070746431534620e-15
3.949794677660318012e-15
3.779397906694117668e-15
3.609598717472205232e-15
3.441115605692089165e-15
3.274625562436862466e-15
3.110801767141355492e-15
2.950151380782736754e-15
2.793090084779871300e-15
2.640044148463464857e-15
2.491296904354373988e-15
2.347087427501961220e-15
2.207642087461380263e-15
2.073274709939588838e-15
1.944118702625779495e-15
1.820275074198912310e-15
1.701790729108441490e-15
1.588703254441401445e-15
1.480964157561561866e-15
1.378458347867214575e-15
1.281016736406263932e-15
1.188447893732630465e-15
1.100505545016899987e-15
1.016965014769813293e-15
9.376568964019195256e-16
8.624713932674308442e-16
7.913548246533150081e-16
7.243085669881113055e-16
6.614008593636329109e-16
6.027250342227554077e-16
5.483745828270319891e-16
4.984245734714130675e-16
4.529462098630272077e-16
4.119722086494621068e-16
3.755014580999744937e-16
3.434575929004134729e-16
3.156926734525851604e-16
2.919941209565083285e-16
2.720780470259547782e-16
2.555879037296896524e-16
2.421134888932254545e-16
2.312053191891457696e-16
2.223969971008686987e-16
2.152373055304139158e-16
2.093259949404241622e-16
2.043352768152018246e-16
2.000405550748265049e-16
1.963310669265549025e-16
1.932120004471889500e-16
1.907966198236443083e-16
1.892950156966196457e-16
1.889895412051262628e-16
1.902207035939603883e-16
1.933600326896114398e-16
1.987912476520754161e-16
2.068809549288358192e-16
2.179591532621870040e-16
2.323027827212117242e-16
2.501090828686120243e-16
2.714837475343374797e-16
2.964297413337034807e-16
3.248513760134498930e-16
3.565633101768056349e-16
3.913117251071700350e-16
4.287937535863404776e-16
4.686892700998140406e-16
5.106847401082086242e-16
5.544878313656030882e-16
5.998451222020907865e-16
6.465665596001315355e-16
6.944983541402394763e-16
7.435410323906714320e-16
7.936445135284209921e-16
8.447825395321232732e-16
8.969492341107066988e-16
9.501643966593133379e-16
1.004442162040250497e-15
1.059764742561625835e-15
1.116099845092325283e-15
1.173370813150622326e-15
1.231438309816693631e-15
1.290159715918045256e-15
1.349312579426904541e-15
1.408621191118940210e-15
1.467727467815700508e-15
1.526188093648416216e-15
1.583492519508129803e-15
1.638999329695532952e-15
1.692050379610609070e-15
1.741821612074798131e-15
1.787441536064493866e-15
1.827987309183662715e-15
1.862459432554544603e-15
1.889873230375956406e-15
1.909198498825800082e-15
1.919430445070395216e-15
1.919545429792984988e-15
1.908596046642065461e-15
1.885624089596055208e-15
1.849731703730864672e-15
1.800057668297373042e-15
1.735750503425352934e-15
1.655978634518837436e-15
1.559985237639454833e-15
1.447043558518460935e-15
1.316528380961663660e-15
1.167840535037998999e-15
1.000465765869365184e-15
8.139434992906926895e-16
6.078948468767628264e-16
3.819915039511757480e-16
1.360080538708434037e-16
-1.302657925282798873e-16
-4.169286484101002470e-16
-7.239864827099178578e-16
-1.051293248418780357e-15
-1.398557380914375054e-15
-1.765263354769179300e-15
-2.150718508790575891e-15
-2.553957225418694924e-15
-2.973826375174968076e-15
-3.408906966114507581e-15
-3.857532884430064229e-15
-4.317768659837161946e-15
-4.787595389306020105e-15
-5.264766741460520302e-15
-5.746763640315528249e-15
-6.230939531427347883e-15
-6.714370033545583732e-15
-7.194327700580076951e-15
-7.667614136121995300e-15
-8.131192727055432112e-15
-8.581534734122125974e-15
-9.015272354323793785e-15
-9.428899718291749998e-15
-9.818778819517537393e-15
-1.018156896005718501e-14
-1.051349914922951670e-14
-1.081089411107639606e-14
-1.107021240084535285e-14
-1.128790918565212784e-14
-1.146062428579496320e-14
-1.158513474090955633e-14
-1.165828027106970144e-14
-1.167711235458600630e-14
-1.163912123283575642e-14
-1.154181917005286592e-14
-1.138295221156469111e-14
-1.116083814993798495e-14
-1.087384559971633566e-14
-1.052112837498543618e-14
-1.010206729466084363e-14
-9.616525139405102812e-15
-9.064375701309072830e-15
-8.446174633986152508e-15
-7.763054420486820845e-15
-7.016362266713685805e-15
-6.208093782290478521e-15
-5.340862487375952136e-15
-4.417469096410202994e-15
-3.441391103158183626e-15
-2.416272443358982031e-15
-1.346357599111289507e-15
-2.362576854310604593e-16
9.089515850941817278e-16
2.083824293539404335e-15
3.282700115764800898e-15
4.499482638011626998e-15
5.727852782735128739e-15
6.961236938989902312e-15
8.192982933524686068e-15
9.416128155513049658e-15
1.062368034797540883e-14
1.180858796162587154e-14
1.296395021904315700e-14
1.408302643203301549e-14
1.515880655592397042e-14
1.618486499877815066e-14
1.715484816645820171e-14
1.806210176813049378e-14
1.890090663733516585e-14
1.966604674518302592e-14
2.035235688476171728e-14
2.095536980430742074e-14
2.147046748019170587e-14
2.189359431866311906e-14
2.222175690528606362e-14
2.245232943792405123e-14
2.258303000981717878e-14
2.261275409000222669e-14
2.254090706135022243e-14
2.236715349881405329e-14
2.209202703315048949e-14
2.171587155973611627e-14
2.124058951457046679e-14
2.066829000969220426e-14
2.000154124899740371e-14
1.924373136427508235e-14
1.839863812246999436e-14
1.747110655204043433e-14
1.646629677770107547e-14
1.538890813824328463e-14
1.424446328848315985e-14
1.303913286344144870e-14
1.177973463131060106e-14
1.047300419808718311e-14
9.126184542503166380e-15
7.746193382638776742e-15
6.340220757666782322e-15
4.915513034450943661e-15
3.479462269521949036e-15
2.039416473697229504e-15
6.026602891418496571e-16
-8.234443502226889561e-16
-2.231869770851695016e-15
-3.615770623042373691e-15
-4.968476310576860552e-15
-6.283570770637941089e-15
-7.554970612598434915e-15
-8.777112947577249413e-15
-9.944580152843746079e-15
-1.105258141004825459e-14
-1.209650547182592253e-14
-1.307222898178951598e-14
-1.397640192463264416e-14
-1.480591060724120028e-14
-1.555820969560868516e-14
-1.623141115329566897e-14
-1.682400387352425003e-14
-1.733447336138473766e-14
-1.776204204063155240e-14
-1.810697587961013211e-14
-1.836945444930529470e-14
-1.855032139453250545e-14
-1.865065244713477732e-14
-1.867219757718113771e-14
-1.861628323826698683e-14
-1.848537090813704570e-14
-1.828240656738186476e-14
-1.801010410956444679e-14
-1.767199057987715871e-14
-1.727162012856667955e-14
-1.681264177356978085e-14
-1.629882311743584972e-14
-1.573442473588957530e-14
-1.512376141476427099e-14
-1.447139019131616494e-14
-1.378177238807844554e-14
-1.305937440978198472e-14
-1.230856440533577290e-14
-1.153372661727479834e-14
-1.073914279714743153e-14
-9.929309842870645553e-15
-9.108333323139782001e-15
-8.280373016758806742e-15
-7.449374403196030309e-15
-6.619418487191323919e-15
-5.794259742283392259e-15
-4.977495517399224342e-15
-4.172469475098106520e-15
-3.382299331900645058e-15
-2.609960926308781126e-15
-1.858149728918914723e-15
-1.129402179891598849e-15
-4.261146413137343290e-16
2.496328915335774973e-16
8.960515909448539540e-16
1.511549034979256956e-15
2.094759065371983725e-15
2.644469048579921322e-15
3.159707120175213844e-15
3.639694645121097777e-15
4.083879569694200129e-15
4.491956750275272539e-15
4.863910093238317175e-15
5.199840395504057300e-15
5.499924686958469061e-15
5.764657634842748971e-15
5.994332312556647016e-15
6.189591194590655585e-15
6.351314771693445521e-15
6.480636797464916707e-15
6.578661379351815122e-15
6.646567163700245126e-15
6.685584889382567217e-15
6.696945295271141893e-15
6.681970176280159490e-15
6.642083394793954487e-15
6.578688907922600887e-15
6.493447323759190745e-15
6.387846879192049868e-15
6.263391057702554637e-15
6.121707009582380565e-15
5.964375298311104176e-15
5.793008251103824030e-15
5.609176267044749600e-15
5.414341325000841809e-15
5.209984885596848428e-15
4.997537587480681970e-15
4.778328425346584432e-15
4.553757968172840800e-15
4.325174692411479921e-15
4.093800019572442495e-15
3.860741868750737146e-15
3.627134417062737384e-15
3.394102312504160106e-15
3.162705193292020441e-15
2.933876277975955814e-15
2.708439729613644660e-15
2.487260792360707247e-15
2.271054573782863018e-15
2.060551428038881992e-15
1.856298750170927263e-15
1.658827735716045682e-15
1.468574606642073215e-15
1.285908351676657516e-15
1.111147349328847796e-15
9.445303570106513592e-16
7.862155581249679476e-16
6.363281017897543836e-16
4.949599969589061656e-16
3.621647655267779247e-16
2.379121260655053197e-16
1.221493640090115713e-16
1.474963617344534792e-17
-8.447110843620884925e-17
-1.757149864395446772e-16
-2.592173075597763209e-16
-3.352262061283349873e-16
-4.039992463356349879e-16
-4.658137520625633011e-16
-5.209918605268725779e-16
-5.698300861996610268e-16
-6.126537956117927061e-16
-6.498712057042849849e-16
-6.818333057546563641e-16
-7.089390482810636190e-16
-7.315697039888895917e-16
-7.501133198470951585e-16
-7.649146912047720230e-16
-7.763166017077621599e-16
-7.846576527767304757e-16
-7.902556405855749432e-16
-7.934047502647888217e-16
-7.943835497749003691e-16
-7.934788127081143696e-16
-7.909741362830834035e-16
-7.871101307963868955e-16
-7.820967016002663020e-16
-7.761487303655281982e-16
-7.694700873346648536e-16
-7.622345201409818066e-16
-7.546326111976112746e-16
-7.468321259676688126e-16
-7.389798658488254315e-16
-7.311974330085713267e-16
-7.236070648891071346e-16
-7.162865297029026405e-16
-7.092710322568281014e-16
-7.025951420830433333e-16
-6.962618237968637262e-16
-6.902285139926897517e-16
-6.844385144026145749e-16
-6.788131039021027494e-16
-6.732403153234390973e-16
-6.675958465816140500e-16
-6.617462370478758519e-16
-6.555618906812945949e-16
-6.489147996277164730e-16
-6.416977612797546138e-16
-6.338245900350258921e-16
-6.252269938621579301e-16
-6.158552095754995376e-16
-6.056839850053106957e-16
-5.947137436680650317e-16
-5.829496207010052746e-16
-5.704102508289710192e-16
-5.570951575959294348e-16
-5.429506602888482802e-16
-5.279223899804256701e-16
-5.118957854645454601e-16
-4.946897405091728404e-16
-4.760653388836228947e-16
-4.557385069132102121e-16
-4.333762018309862424e-16
-4.086304254445274767e-16
-3.811262333257758785e-16
-3.505138273372950235e-16
-3.164820287500873632e-16
-2.787722013476647172e-16
-2.371988184447987921e-16
-1.916604213762762837e-16
-1.421781594959989478e-16
-8.887991492666748252e-17
-3.202292429517362841e-17
2.803325022109561426e-17
9.084738055723710990e-17
1.559054930765573594e-16
2.226563215316265231e-16
2.905541120066168145e-16
3.590763775219703389e-16
4.277706436651756896e-16
4.962830624225173827e-16
5.643948345958077917e-16
6.320324271373134028e-16
6.992802786439636289e-16
7.663769877090881658e-16
8.337169011091930936e-16
9.018496373479280466e-16
9.714157121520948859e-16
1.043140979817931344e-15
1.117803334228372088e-15
1.196208303716255958e-15
1.279135899746885758e-15
1.367330346643542797e-15
1.461477105818792619e-15
1.562206475664510829e-15
1.670056957376914349e-15
1.785487854571651822e-15
1.908921095535574299e-15
2.040697187513478006e-15
2.181108356872165678e-15
2.330411889869365809e-15
2.488897260014802555e-15
2.656850552686411057e-15
2.834619686667276019e-15
3.022596838211976181e-15
3.221197688739376591e-15
3.430897635491123726e-15
3.652216333180358099e-15
3.885706047288689513e-15
4.131946148352039910e-15
4.391490595917913603e-15
4.664892926017341276e-15
4.952643570726783170e-15
5.255136823883186162e-15
5.572713192731346479e-15
5.905613658144757971e-15
6.254000003416346209e-15
6.617900604149844213e-15
6.997227792435211161e-15
7.391834608056098432e-15
7.801402143107864784e-15
8.225560667709033713e-15
8.663788409564096571e-15
9.115467881654504972e-15
9.579822354767626724e-15
1.005592941002390189e-14
1.054268112832832185e-14
1.103878409037042929e-14
1.154273820080063684e-14
1.205287226361401176e-14
1.256722370347176584e-14
1.308356228262377852e-14
1.359941720596290898e-14
1.411218045904456125e-14
1.461901278742953891e-14
1.511688689536435509e-14
1.560259591611070501e-14
1.607277035260441106e-14
1.652401360272698350e-14
1.695283419666984009e-14
1.735573727649260961e-14
1.772918732667345260e-14
1.806963866729516255e-14
1.837360999294452429e-14
1.863767420831694693e-14
1.885848892140256500e-14
1.903280491381571099e-14
1.915753051529890671e-14
1.922965875888939941e-14
1.924635886047746519e-14
1.920495758408156950e-14
1.910282573943343498e-14
1.893778645185861809e-14
1.870768148140751486e-14
1.841073883515446930e-14
1.804534915049969823e-14
1.761031641692167860e-14
1.710475124982579337e-14
1.652801159823802379e-14
1.587998226567754328e-14
1.516079538928412351e-14
1.437103711585726445e-14
1.351146638691770596e-14
1.258369171803228395e-14
1.158953592410348968e-14
1.053082520816560341e-14
9.410413224217924893e-15
8.231061299668503140e-15
6.995731932250360066e-15
5.708275733741713723e-15
4.371991473955645982e-15
2.990439867644177109e-15
1.568478331122455296e-15
1.094260622559700246e-16
-1.382668525131542075e-15
-2.904143303944961736e-15
-4.450742668160720047e-15
-6.018612935506165162e-15
-7.604525428144600502e-15
-9.204806140667310538e-15
-1.081663530039288570e-14
-1.243664933948777918e-14
-1.406240287383326779e-14
-1.569153945777009007e-14
-1.732191016871106187e-14
-1.895185058691482849e-14
-2.057963107110309664e-14
-2.220432666129746463e-14
-2.382525803707423451e-14
-2.544123088197777771e-14
-2.705231126457798008e-14
-2.865836704773506993e-14
-3.025984207671340853e-14
-3.185765792335960855e-14
-3.345223810414729715e-14
-3.504463293993106965e-14
-3.663586225837942023e-14
-3.822705769550988064e-14
-3.981924246712273407e-14
-4.141338896704142847e-14
-4.301060172622918343e-14
-4.461175488268756539e-14
-4.621766158804593849e-14
-4.782909433635219865e-14
-4.944595148365267534e-14
-5.106820931302484545e-14
-5.269563404337526680e-14
-5.432715841319039896e-14
-5.596165078645271018e-14
-5.759751535308957338e-14
-5.923212631096450020e-14
-6.086325426936031735e-14
-6.248771438439534864e-14
-6.410161030451222430e-14
-6.570015798762485204e-14
-6.727908161141549215e-14
-6.883286529733162462e-14
-7.035535619804439422e-14
-7.184070639808595726e-14
-7.328157720400130248e-14
-7.467071801376193307e-14
-7.600056651721476264e-14
-7.726286922532174528e-14
-7.844771924073179470e-14
-7.954778464625347767e-14
-8.055328729354369055e-14
-8.145626507289824292e-14
-8.224657391774081727e-14
-8.291377160589766260e-14
-8.344883893054641510e-14
-8.384134722204047985e-14
-8.408246023267409996e-14
-8.416327395210573825e-14
-8.407392891682935465e-14
-8.380565664177497265e-14
-8.335017653285023420e-14
-8.269933674497076392e-14
-8.184534457502182225e-14
-8.078132889173528230e-14
-7.950070994317687267e-14
-7.799745007849856471e-14
-7.626673137429637594e-14
-7.430465070274935857e-14
-7.210812486392950693e-14
-6.967460598273148009e-14
-6.700296242313774631e-14
-6.409308576493105702e-14
-6.094563330567848158e-14
-5.756343074729206033e-14
-5.394942237629644921e-14
-5.010796871830411336e-14
-4.604497867515509879e-14
-4.176656104846500350e-14
-3.728076265123274335e-14
-3.259748699267761562e-14
-2.772645462290231066e-14
-2.267885315307416327e-14
-1.746773705497625673e-14
-1.210620484610493153e-14
-6.607314386375059967e-15
-9.868187945396775240e-16
4.739791390861829157e-15
1.055569324846404242e-14
1.644534626478368761e-14
2.238987261652530814e-14
2.837324389922801088e-14
3.437790620209289771e-14
4.038582958180471361e-14
4.638005813282532197e-14
5.234240097557948945e-14
5.825628336935534390e-14
6.410461218927729354e-14
6.987069749815263964e-14
7.554150176485724399e-14
8.110207655193796272e-14
8.653880834586652471e-14
9.183962184494687264e-14
9.699224523583918622e-14
1.019865276757035699e-13
1.068138768623230761e-13
1.114676994912362773e-13
1.159406229876702721e-13
1.202282631090900722e-13
1.243262220604335333e-13
1.282316944685793492e-13
1.319430404777416355e-13
1.354612358698756291e-13
1.387871480067193186e-13
1.419229452926176749e-13
1.448714059956376921e-13
1.476375581033542717e-13
1.502261178952177256e-13
1.526428316427422271e-13
1.548931881194259841e-13
1.569858744951760365e-13
1.589283040023467541e-13
1.607286623673404025e-13
1.623954470246838366e-13
1.639369656735237268e-13
1.653613769352080265e-13
1.666760127269281688e-13
1.678893569306838529e-13
1.690118720974395639e-13
1.700485184521344229e-13
1.710073461958991348e-13
1.718926108222607052e-13
1.727106955715096426e-13
1.734645006844573456e-13
1.741585256001196291e-13
1.747911304627106088e-13
1.753661099798339840e-13
1.758838029646686563e-13
1.763378803870327416e-13
1.767283693519805521e-13
1.770477075493590013e-13
1.772914497502608988e-13
1.774495264270092854e-13
1.775104992466844389e-13
1.774685270700820938e-13
1.773091900083081929e-13
1.770156287175805865e-13
1.765700351772162002e-13
1.759596158015797052e-13
1.751636352241223160e-13
1.741659117274196866e-13
1.729466044117153323e-13
1.714804920239718089e-13
1.697439254043017764e-13
1.677181614076483918e-13
1.653827763755874591e-13
1.627083748767174654e-13
1.596770946802467117e-13
1.562589847011602862e-13
1.524318594525037041e-13
1.481804858937535441e-13
1.434795885617637379e-13
1.383051659309408876e-13
1.326373635490013525e-13
1.264563405161886478e-13
1.197492625892859763e-13
1.125044610424119629e-13
1.047081597317124635e-13
9.635138688421016062e-14
8.742079326065632650e-14
7.791448828351268951e-14
6.783092018841987980e-14
5.716831359432045234e-14
4.592825075875987817e-14
3.412912923735252069e-14
2.177337832059110523e-14
8.882512645335891022e-15
-4.534360490164243696e-15
-1.845455415545003974e-14
-3.285344340867892010e-14
-4.769569681155501339e-14
-6.295094653885335845e-14
-7.857596680520967380e-14
-9.454322903983819470e-14
-1.108025888922614666e-13
-1.273061381789827862e-13
-1.440071342338408722e-13
-1.608543891617672528e-13
-1.777919581306616759e-13
-1.947652515611394963e-13
-2.117137438669217109e-13
-2.285783324770807035e-13
-2.452940736814845923e-13
-2.617907518369377851e-13
-2.780106331777554285e-13
-2.938843287648984504e-13
-3.093407420409061137e-13
-3.243158779725474616e-13
-3.387476388803933869e-13
-3.525735476142544123e-13
-3.657250012816665174e-13
-3.781383030049961791e-13
-3.897475603972105906e-13
-4.004966117857750030e-13
-4.103298104941865976e-13
-4.192134378348810753e-13
-4.270844745565827161e-13
-4.338933726200089325e-13
-4.396022933693399803e-13
-4.441488951796579432e-13
-4.475196797339153765e-13
-4.496882467092122582e-13
-4.506201455815178614e-13
-4.503076785154075390e-13
-4.487258275457511880e-13
-4.458799865783569238e-13
-4.417493660365673369e-13
-4.363381943088551207e-13
-4.296563376349898933e-13
-4.217166438107156079e-13
-4.125355927090540442e-13
-4.021351394239980337e-13
-3.905486231723515056e-13
-3.778090850153209557e-13
-3.639506773213396773e-13
-3.490156839751346052e-13
-3.330606461200008583e-13
-3.161321302392466892e-13
-2.982823406674772748e-13
-2.795828618531309706e-13
-2.600869281228768148e-13
-2.398662323453704115e-13
-2.190052880799570056e-13
-1.975670468152765369e-13
-1.756241500968855340e-13
-1.532590379474743636e-13
-1.305434438932800978e-13
-1.075528826156163520e-13
-8.438033800330091427e-14
-6.110060645370812837e-14
-3.779689031918088971e-14
-1.455100281802859663e-14
8.549652413987474109e-15
3.142762268417038929e-14
5.400527572883839778e-14
7.621419500277587522e-14
9.798129511516193157e-14
1.192253354419595124e-13
1.398870575581787068e-13
1.598973910091686101e-13
1.791880717156441039e-13
1.976987773792335257e-13
2.153808408749194325e-13
2.321765284370169713e-13
2.480428514493870917e-13
2.629305735808717959e-13
2.768101232172165416e-13
2.896355572913622556e-13
3.013848936042617943e-13
3.120319486734496328e-13
3.215589686883513210e-13
3.299482269434467208e-13
3.371929742802121099e-13
3.432857568087116507e-13
3.482186056429775745e-13
3.520040704231564010e-13
3.546420156239765697e-13
3.561496258498719758e-13
3.565473925219025952e-13
3.558465371325536530e-13
3.540830009838430437e-13
3.512802028426964540e-13
3.474723492876558018e-13
3.426958153016079756e-13
3.369848887782578295e-13
3.303925600987855926e-13
3.229553668764040264e-13
3.147254050255010593e-13
3.057550144059534292e-13
2.960906801859064519e-13
2.857841459140419982e-13
2.748925219397957420e-13
2.634719157255938082e-13
2.515806302432616048e-13
2.392713577183819273e-13
2.266100718531505187e-13
2.136506574955399085e-13
2.004459966065130772e-13
1.870557745156653517e-13
1.735397307627006835e-13
1.599503542852945270e-13
1.463457989774735735e-13
1.327783233839516241e-13
1.192962016064585962e-13
1.059509264719239729e-13
9.278922031771830170e-14
7.985597589004606034e-14
6.719693974432255912e-14
5.485485316306625003e-14
4.287085823059116896e-14
3.127840258391849371e-14
2.011012917876951051e-14
9.396748041679871266e-15
-8.341758341479273142e-16
-1.055951929628679009e-14
-1.975415680642231275e-14
-2.839979329992674967e-14
-3.647851741809746140e-14
-4.397920423020520997e-14
-5.089411693730977460e-14
-5.721357903502172215e-14
-6.293496810933635333e-14
-6.805654943677769131e-14
-7.257926491798308288e-14
-7.650432072786941817e-14
-7.983824240826234431e-14
-8.259093008024936955e-14
-8.477336129082690963e-14
-8.639796370739707965e-14
-8.748552013035371111e-14
-8.804930526004617342e-14
-8.810848236987314785e-14
-8.768596878325554678e-14
-8.680445820691620740e-14
-8.548772854975045243e-14
-8.376247151399215940e-14
-8.165701188139751210e-14
-7.920158534005170003e-14
-7.642335793063906313e-14
-7.335158955928955393e-14
-7.001423908952614239e-14
-6.644398844058568843e-14
-6.267186612339201157e-14
-5.872919880446636487e-14
-5.464913935336428163e-14
-5.046052077161029825e-14
-4.619435124133750015e-14
-4.188025319877726471e-14
-3.754749332632312253e-14
-3.322439979386304643e-14
-2.893949050666519418e-14
-2.471836449446148526e-14
-2.058680713423223507e-14
-1.656960261001410445e-14
-1.268827657009566692e-14
-8.965620977021641208e-15
-5.420899477594958230e-15
-2.072369019960737177e-15
1.063503651869924724e-15
3.971637116271164655e-15
6.638760908058349494e-15
9.055146430315789974e-15
1.121123576326666857e-14
1.309897065896728149e-14
1.471230499624012755e-14
1.604585672773835292e-14
1.709807493613553497e-14
1.786881054363295696e-14
1.835859548692149457e-14
1.857122786173663609e-14
1.851142902972637699e-14
1.818601421798432538e-14
1.760159028349906479e-14
1.676749491748112664e-14
1.569419744715857407e-14
1.439321413248227655e-14
1.287802634984073352e-14
1.116224253056453258e-14
9.261762330106584201e-15
7.190881123517699203e-15
4.966052525798292372e-15
2.604233289519447547e-15
1.229186684484654887e-16
-2.459961132228937961e-15
-5.125945241185592138e-15
-7.856633773466528692e-15
-1.063335854643073647e-14
-1.343817008489294959e-14
-1.625246331016672735e-14
-1.905944918220454226e-14
-2.184129172823606052e-14
-2.458073858119160654e-14
-2.726133866716960730e-14
-2.986701868896296519e-14
-3.238225592078029791e-14
-3.479278632778984304e-14
-3.708502688964943061e-14
-3.924642457808075191e-14
-4.126552073137335075e-14
-4.313169694450044722e-14
-4.483544611966205906e-14
-4.636837246628500164e-14
-4.772315084344141978e-14
-4.889382152731443221e-14
-4.987533620153840330e-14
-5.066398824993614824e-14
-5.125737887520104286e-14
-5.165456278856395134e-14
-5.185544512233478120e-14
-5.186109652615886190e-14
-5.167396661931965285e-14
-5.129757228261415392e-14
-5.073635535681776665e-14
-4.999569619521145036e-14
-4.908198481434929150e-14
-4.800242099428295162e-14
-4.676512608691070494e-14
-4.537924465993110890e-14
-4.385458535487336829e-14
-4.220162088709733528e-14
-4.043114245635102966e-14
-3.855462905313564170e-14
-3.658406111145713624e-14
-3.453160880070166305e-14
-3.240962524937197886e-14
-3.023079223475437505e-14
-2.800768141985199994e-14
-2.575278315250506544e-14
-2.347869111857334851e-14
-2.119780249227286306e-14
-1.892232640650533260e-14
-1.666422635461777685e-14
-1.443514565150315343e-14
-1.224633967096457748e-14
-1.010852422681776316e-14
-8.031735812454726675e-15
-6.025301531174158745e-15
-4.098099135296231696e-15
-2.258060876613745237e-15
-5.124436040231821789e-16
1.132398029546918903e-15
2.670848619172735625e-15
4.098085582769075627e-15
5.410229403558395808e-15
6.604143518537013494e-15
7.677536280066132174e-15
8.629030412573516357e-15
9.458176565080647635e-15
1.016533980878779261e-14
1.075180339861004156e-14
1.121966374109184886e-14
1.157185495836250341e-14
1.181205825561077241e-14
1.194470022701900683e-14
1.197499012521282061e-14
1.190883769906520701e-14
1.175277780776423295e-14
1.151393908059399063e-14
1.120008626858196021e-14
1.081948048406271290e-14
1.038079788551497448e-14
9.893050903497530718e-15
9.365604334275225151e-15
8.808041508613292936e-15
8.230133798591259681e-15
7.641796571889684225e-15
7.052970183661069412e-15
6.473596683123812590e-15
5.913525792905060391e-15
5.382487803986396591e-15
4.889963132629964945e-15
4.445083641040114067e-15
4.056644072308185356e-15
3.733023276348418351e-15
3.482131482096984150e-15
3.311315641580129740e-15
3.227371711891913186e-15
3.236408918164406130e-15
3.343786649613123343e-15
3.554066813933739674e-15
3.870908805216630513e-15
4.297058280760320675e-15
4.834265634150311172e-15
5.483278795479027551e-15
6.243791985852511009e-15
7.114456728818732700e-15
8.092887356081750888e-15
9.175632631897977926e-15
1.035818464692212643e-14
1.163495044260347624e-14
1.299922998832924587e-14
1.444336187109152014e-14
1.595849544362443889e-14
1.753485255758489847e-14
1.916169452926760886e-14
2.082729503455078152e-14
2.251917050185778257e-14
2.422401912578493050e-14
2.592779371193495996e-14
2.761583381405679355e-14
2.927287928657269778e-14
3.088314651754353601e-14
3.243047581240159072e-14
3.389843473197012846e-14
3.527038754916507479e-14
3.652961383360762981e-14
3.765950157513624219e-14
3.864358784138807734e-14
3.946574173691562437e-14
4.011026943527215560e-14
4.056207680933759940e-14
4.080679818032652284e-14
4.083098944130010566e-14
4.062217210287939750e-14
4.016906368620697110e-14
3.946166581437343668e-14
3.849143361900689286e-14
3.725132317411797289e-14
3.573602527719328681e-14
3.394197900172257754e-14
3.186749028181133647e-14
2.951281661547552893e-14
2.688020094595948428e-14
2.397403429206176884e-14
2.080075579824740978e-14
1.736898317772177236e-14
1.368953134715539949e-14
9.775315017895077480e-15
5.641428740577351594e-15
1.305053096229617619e-15
-3.214502740324278601e-15
-7.895997088591330537e-15
-1.271634131273704366e-14
-1.765056572850930844e-14
-2.267213109960475315e-14
-2.775293287283348009e-14
-3.286357731085987055e-14
-3.797345941923373214e-14
-4.305090016572775402e-14
-4.806349545791177569e-14
-5.297817712952498925e-14
-5.776152803673231806e-14
-6.237993791218671147e-14
-6.679981681733185295e-14
-7.098794073184463982e-14
-7.491167517033325840e-14
-7.853912426013590076e-14
-8.183946955449966643e-14
-8.478320720180579362e-14
-8.734237833853131239e-14
-8.949076560089280763e-14
-9.120424549055247687e-14
-9.246081547967244241e-14
-9.324095992914796516e-14
-9.352777883761542732e-14
-9.330710303793315896e-14
-9.256781268156960563e-14
-9.130178302849470406e-14
-8.950418260277731575e-14
-8.717345286379449276e-14
-8.431135564007652405e-14
-8.092308154952418398e-14
-7.701740585347102708e-14
-7.260648516877604708e-14
-6.770587779661441097e-14
-6.233449628863241276e-14
-5.651464132826536368e-14
-5.027169679887658060e-14
-4.363410945496665194e-14
-3.663325000877008797e-14
-2.930322000674334681e-14
-2.168064007132802090e-14
-1.380440002623139692e-14
-5.715541158846787484e-15
2.543153743692939950e-15
1.092719088770146424e-14
1.939099990061650403e-14
2.788788216199003522e-14
3.637041229710528956e-14
4.479087524597753778e-14
5.310153223169952752e-14
6.125492230417070583e-14
6.920419098888075382e-14
7.690327324602619363e-14
8.430726955313896931e-14
9.137282537584681674e-14
9.805843609973427522e-14
1.043244470303426874e-13
1.101335819417292861e-13
1.154510650492115986e-13
1.202447971922204761e-13
1.244857624101147753e-13
1.281480211659177804e-13
1.312089542918060125e-13
1.336493849618536345e-13
1.354536193496139185e-13
1.366095957059179633e-13
1.371089927790919427e-13
1.369471484997941690e-13
1.361231006385965614e-13
1.346396410160932700e-13
1.325031528725748031e-13
1.297236515256094957e-13
1.263145675296090120e-13
1.222927873334098137e-13
1.176784635448929750e-13
1.124947099991231714e-13
1.067675068906585867e-13
1.005257956412410059e-13
9.380063864311213861e-14
8.662568004493692575e-14
7.903652911181793805e-14
7.107046206969794278e-14
6.276644921041421576e-14
5.416457890929440855e-14
4.530628462998641248e-14
3.623338947129385590e-14
2.698836874738975294e-14
1.761384854431172903e-14
8.152548121721607532e-15
-1.353062182526162515e-15
-1.086109351869542217e-14
-2.033031539340826588e-14
-2.972050909414228337e-14
-3.899255525126148203e-14
-4.810877445114020157e-14
-5.703298483440352729e-14
-6.573069860757105309e-14
-7.416926095646023120e-14
-8.231795507827183167e-14
-9.014820546949728342e-14
-9.763368634613592278e-14
-1.047503623012764618e-13
-1.114764273187247856e-13
-1.177925487184927622e-13
-1.236816638688909009e-13
-1.291290886067456012e-13
-1.341225985525620890e-13
-1.386521648362448733e-13
-1.427101167274236193e-13
-1.462911551879803040e-13
-1.493920411639246271e-13
-1.520115142702310740e-13
-1.541506451565449742e-13
-1.558123476162048826e-13
-1.570010126680093654e-13
-1.577229828946674628e-13
-1.579859561316038219e-13
-1.577991480972845695e-13
-1.571729129224569421e-13
-1.561190684108010318e-13
-1.546498389418116126e-13
-1.527794411164754007e-13
-1.505214139094213088e-13
-1.478910581238085387e-13
-1.449036068001605115e-13
-1.415748215275597355e-13
-1.379202606071813775e-13
-1.339560515463411594e-13
-1.296982811947733349e-13
-1.251628602193591289e-13
-1.203661329678487601e-13
-1.153239694495419854e-13
-1.100511080377210293e-13
-1.045633442027862903e-13
-9.887582289383467504e-14
-9.300307241997748942e-14
-8.695859787452575596e-14
-8.075677848879206366e-14
-7.441029942819449294e-14
-6.793244894560956926e-14
-6.133530911899692795e-14
-5.463107722279703093e-14
-4.783159138948070432e-14
-4.094856439064258058e-14
-3.399325498821756386e-14
-2.697699478897402220e-14
-1.991060040364839301e-14
-1.280488844297711371e-14
-5.670392185175765140e-15
1.482127027919023614e-15
8.641662214915919737e-15
1.579721020607185306e-14
2.293770472768918295e-14
3.005168203585976971e-14
3.712775461964072654e-14
4.415398778480524034e-14
5.111789287757899369e-14
5.800665937166771258e-14
6.480760887791689462e-14
7.150699574565849703e-14
7.809157237959746256e-14
8.454689856204899989e-14
9.085845953642895934e-14
9.701113068243116810e-14
1.029892046210817425e-13
1.087775092982294634e-13
1.143598291151320945e-13
1.197215883288332838e-13
1.248454600333639974e-13
1.297159672427120047e-13
1.343167249515456185e-13
1.386323103839612325e-13
1.426468941882405583e-13
1.463454330592403596e-13
1.497123958008397815e-13
1.527348804071862465e-13
1.553994563238680904e-13
1.576934925955758571e-13
1.596060523328945990e-13
1.611263206191537734e-13
1.622452037086316579e-13
1.629545700850346113e-13
1.632487276869570847e-13
1.631224452389168356e-13
1.625728360526296212e-13
1.615980840894565285e-13
1.601991922364071064e-13
1.583786270534237595e-13
1.561401290380015627e-13
1.534895935394534061e-13
1.504355993074690812e-13
1.469886495505945412e-13
1.431604943098740979e-13
1.389652417660772188e-13
1.344190058739924698e-13
1.295398521523188906e-13
1.243473911078513128e-13
1.188633880992023828e-13
1.131107468972658570e-13
1.071142347454194510e-13
1.008998521670120829e-13
9.449528697502360131e-14
8.792901980527248473e-14
8.123021569619859328e-14
7.442879862776252686e-14
6.755541764012773509e-14
6.064070822093051150e-14
5.371643410569289234e-14
4.681392534906791969e-14
3.996443407867748820e-14
3.319801979975375850e-14
2.654483010895540562e-14
2.003429940119951652e-14
1.369499894482992600e-14
7.553866928668162561e-15
1.636875076942937574e-15
-4.031659988495972513e-15
-9.428470272587492068e-15
-1.453298812130639217e-14
-1.932547004368512233e-14
-2.378959964406072297e-14
-2.790998294564979443e-14
-3.167418719885253808e-14
-3.507159908083985755e-14
-3.809387362301540347e-14
-4.073485120178674257e-14
-4.299089635174425938e-14
-4.486053184742794242e-14
-4.634478429276986389e-14
-4.744750599361413634e-14
-4.817393161357479137e-14
-4.853194872345666100e-14
-4.853122705138560034e-14
-4.818392321422060309e-14
-4.750350164769122363e-14
-4.650559180374019830e-14
-4.520668710791646283e-14
-4.362599149120016673e-14
-4.178341022785178605e-14
-3.969980404529629969e-14
-3.739771418432603911e-14
-3.490064411516141663e-14
-3.223213457747252375e-14
-2.941642087794620053e-14
-2.647822790831279999e-14
-2.344219416294205521e-14
-2.033340028740216604e-14
-1.717718781340908663e-14
-1.399749982128285428e-14
-1.081920773945369701e-14
-7.666172486045768480e-15
-4.561244892393621561e-15
-1.527025491595895498e-15
1.415204013547645412e-15
4.244920861757976727e-15
6.942964744251732545e-15
9.491148169585468530e-15
1.187258892408745922e-14
1.407189472504019948e-14
1.607410019433160031e-14
1.786677088829596860e-14
1.943776967183209747e-14
2.077689488012325614e-14
2.187557623380912558e-14
2.272597867812760353e-14
2.332247283211123789e-14
2.366036782729813437e-14
2.373601803388331044e-14
2.354711782818433990e-14
2.309283542384701904e-14
2.237342323668962962e-14
2.139046183019174818e-14
2.014625682803580092e-14
1.864439795585225157e-14
1.688931180782345109e-14
1.488643294733898309e-14
1.264198876062706117e-14
1.016304265543483895e-14
7.457603328278605836e-15
4.533988219183925431e-15
1.401613158150713349e-15
-1.929750270983267985e-15
-5.449597800880881179e-15
-9.146814029933544865e-15
-1.301017873620545495e-14
-1.702829127974304219e-14
-2.118864776017893858e-14
-2.547861722220368802e-14
-2.988529765996471299e-14
-3.439556175684546635e-14
-3.899505908065356574e-14
-4.366975598951890192e-14
-4.840654380154976733e-14
-5.319085016192159898e-14
-5.800773002131304201e-14
-6.284276349083003921e-14
-6.768108344818238309e-14
-7.250769402207188352e-14
-7.730785683921631568e-14
-8.206663701468969174e-14
-8.676899801961235337e-14
-9.139974069477876939e-14
-9.594432317855047798e-14
-1.003883188057698439e-13
-1.047169620981003302e-13
-1.089157518514849432e-13
-1.129706815291078859e-13
-1.168679546583242801e-13
-1.205936121361633750e-13
-1.241348874820441539e-13
-1.274795021063632183e-13
-1.306146488709580833e-13
-1.335289301004904949e-13
-1.362110836448937601e-13
-1.386505385329861451e-13
-1.408373065522536272e-13
-1.427619144862141143e-13
-1.444157700326506588e-13
-1.457913921965731108e-13
-1.468813812981542566e-13
-1.476798148830268942e-13
-1.481812041776928157e-13
-1.483807109299573046e-13
-1.482747437201240026e-13
-1.478604971750716035e-13
-1.471360603884711016e-13
-1.461004440258401038e-13
-1.447535125619070495e-13
-1.430962959887357999e-13
-1.411306374500195804e-13
-1.388589764006464833e-13
-1.362850397855844276e-13
-1.334130695458332627e-13
-1.302486493225812891e-13
-1.267980403833746106e-13
-1.230685475403503482e-13
-1.190681125744219582e-13
-1.148055039706594171e-13
-1.102902627081805975e-13
-1.055326751550969555e-13
-1.005437595159863751e-13
-9.533525905562958980e-14
-8.991962177021944891e-14
-8.430966157418201545e-14
-7.851877514061106345e-14
-7.256085380984156341e-14
-6.645045977230271128e-14
-6.020226363864095154e-14
-5.383167802036452343e-14
-4.735428493557111707e-14
-4.078564607356768845e-14
-3.414165516057651728e-14
-2.743827029732387457e-14
-2.069167150716821196e-14
-1.391815824511354396e-14
-7.134053683086408193e-15
-3.555802490321782142e-16
6.401110991629578584e-15
1.312031250110630085e-14
1.978624410853020016e-14
2.638325179800306980e-14
3.289594752197214089e-14
3.930940994803858168e-14
4.560913278994771503e-14
5.178081474341809931e-14
5.781059496130086517e-14
6.368515469753338598e-14
6.939168342582138771e-14
7.491781446513495757e-14
8.025175711684831570e-14
8.538233732232128337e-14
9.029872661235616160e-14
9.499088256433030342e-14
9.944942682945170920e-14
1.036656383564954487e-13
1.076312636564234759e-13
1.113389166019357335e-13
1.147820852037337302e-13
1.179547047059151255e-13
1.208513405450903355e-13
1.234674932822435456e-13
1.257993682097710564e-13
1.278438753514812842e-13
1.295987378828120096e-13
1.310626412086290937e-13
1.322347857298303286e-13
1.331153882868502114e-13
1.337050180858292969e-13
1.340053962977164059e-13
1.340190030349810990e-13
1.337489689313964281e-13
1.331993461925820577e-13
1.323745664949180223e-13
1.312802134795926223e-13
1.299223451262446205e-13
1.283078325661421437e-13
1.264441567942753419e-13
1.243395984047365732e-13
1.220029258825958141e-13
1.194435853392808444e-13
1.166715378822513749e-13
1.136974764554335438e-13
1.105325615649403737e-13
1.071884687129168179e-13
1.036772732010589337e-13
1.000115111169860849e-13
9.620405736149653664e-14
9.226816630614892434e-14
8.821733626799069250e-14
8.406541115351176541e-14
7.982631618436500376e-14
7.551426118527354570e-14
7.114344242843337329e-14
6.672809684362193683e-14
6.228252912325246693e-14
5.782095586831167977e-14
5.335746493077830888e-14
4.890604590680920627e-14
4.448049526904925000e-14
4.009427745322799441e-14
3.576059262079545054e-14
3.149223435738694732e-14
2.730164896512943945e-14
2.320083381868783684e-14
1.920133397713321560e-14
1.531412868152788598e-14
1.154954580459771965e-14
7.917357565455189483e-15
4.426697096854064969e-15
1.085942825192112021e-15
-2.097137745646110614e-15
-5.115610592196142420e-15
-7.963316726140260565e-15
-1.063479596134222702e-14
-1.312552090669896754e-14
-1.543157657592827275e-14
-1.755013303195336605e-14
-1.947906083394485011e-14
-2.121709451467952701e-14
-2.276375295944335631e-14
-2.411936481701987267e-14
-2.528517522584153993e-14
-2.626312897355525394e-14
-2.705599585789853628e-14
-2.766738423922669027e-14
-2.810150895348525329e-14
-2.836338104759018180e-14
-2.845871121767186429e-14
-2.839376073127640454e-14
-2.817542613066034707e-14
-2.781124431498836064e-14
-2.730929089637956775e-14
-2.667802095771346083e-14
-2.592640796603325193e-14
-2.506374048463853171e-14
-2.409969501791873331e-14
-2.304418185135673203e-14
-2.190735521592421242e-14
-2.069956416017072753e-14
-1.943125768253360641e-14
-1.811301353045816076e-14
-1.675537895820360113e-14
-1.536887919717250944e-14
-1.396396917503284554e-14
-1.255096067088448328e-14
-1.113994184712922136e-14
-9.740767932108363586e-15
-8.363054443839140761e-15
-7.016036582545466527e-15
-5.708557372196675778e-15
-4.449129070396200605e-15
-3.245724798276545739e-15
-2.105898183903088215e-15
-1.036709776286784662e-15
-4.462163941307488826e-17
8.644548797321043986e-16
1.685131496860080725e-15
2.412616860916869284e-15
3.042781633345046158e-15
3.572179342961352005e-15
3.997898102251363356e-15
4.317739013684008045e-15
4.530174453338912943e-15
4.634342988708720426e-15
4.629937146833577183e-15
4.517393573197792805e-15
4.297727013272177946e-15
3.972491348998470617e-15
3.544055731530141098e-15
3.015110337507669047e-15
2.389272844648777580e-15
1.670357971710544846e-15
8.629353555642893872e-16
-2.797728648957272662e-17
-9.969518496876807190e-16
-2.037857933074281591e-15
-3.144323519545418055e-15
-4.309769704199765961e-15
-5.526968331381930735e-15
-6.788512521484647150e-15
-8.086654887655853746e-15
-9.413461695795093120e-15
-1.076092594345197037e-14
-1.212048158643090276e-14
-1.348379043239911895e-14
-1.484231100111650659e-14
-1.618742642641064766e-14
-1.751068162540204975e-14
-1.880351648312576091e-14
-2.005747591670228869e-14
-2.126423359226012333e-14
-2.241565799350562355e-14
-2.350383613864553967e-14
-2.452110576763900929e-14
-2.546006550659292433e-14
-2.631368328797917960e-14
-2.707528957437109474e-14
-2.773865020327687808e-14
-2.829796638713962670e-14
-2.874790859465521653e-14
-2.908372327692365644e-14
-2.930117357514278043e-14
-2.939661724763939499e-14
-2.936699481140801760e-14
-2.920991085727381309e-14
-2.892361710923364859e-14
-2.850707002269650681e-14
-2.795986810404538919e-14
-2.728234169612972493e-14
-2.647548182749780155e-14
-2.554110453678853226e-14
-2.448173059405294588e-14
-2.330054145504092955e-14
-2.200158254910856981e-14
-2.058950408713629276e-14
-1.906956953185833664e-14
-1.744789107302208847e-14
-1.573108742607739335e-14
-1.392655572975262310e-14
-1.204225131748839009e-14
-1.008662757809829225e-14
-8.068732517524900005e-15
-5.998293462134481752e-15
-3.885243143783015038e-15
-1.739943740030735347e-15
4.267708536198399965e-16
2.603933863372593152e-15
4.780532405075340122e-15
6.944789253220118308e-15
9.085152572472273563e-15
1.119001335277321207e-14
1.324796798955404920e-14
1.524754003341243641e-14
1.717729284549454616e-14
1.902624379660627918e-14
2.078334927118133391e-14
2.243827716132910238e-14
2.398102400794251132e-14
2.540200139805864205e-14
2.669229515694059029e-14
2.784369075906588387e-14
2.884816680242402454e-14
2.969893347090982183e-14
3.038971255631822688e-14
3.091525923063984105e-14
3.127106389046348245e-14
3.145351478730205874e-14
3.145990819198793420e-14
3.128850938104513202e-14
3.093853908416217824e-14
3.041013960287421158e-14
2.970458826286569154e-14
2.882394504826434056e-14
2.777144731899456459e-14
2.655131838133137356e-14
2.516860993977219213e-14
2.362922411989348825e-14
2.194004899362233391e-14
2.010888234627115218e-14
1.814429615126615658e-14
1.605564673454271812e-14
1.385305868091936746e-14
1.154708093872120964e-14
9.148998527904513706e-15
6.670615276105741967e-15
4.124241536663814794e-15
1.522387033297612543e-15
-1.122068250996915897e-15
-3.795999328943828327e-15
-6.486135311842017998e-15
-9.179197793572971276e-15
-1.186197644829131009e-14
-1.452133464201806751e-14
-1.714434326384635388e-14
-1.971829851363324920e-14
-2.223080152309684504e-14
-2.466997519625074159e-14
-2.702427447402386274e-14
-2.928279296018736211e-14
-3.143519854685063175e-14
-3.347197058368653333e-14
-3.538396450299650942e-14
-3.716317076123132335e-14
-3.880224388867238583e-14
-4.029453298261785610e-14
-4.163428838342177196e-14
-4.281672604899804113e-14
-4.383799028537076203e-14
-4.469512664161991167e-14
-4.538599381845483116e-14
-4.590960925765670553e-14
-4.626556977154264172e-14
-4.645427177153195475e-14
-4.647742626417809830e-14
-4.633759467711356939e-14
-4.603766031049082164e-14
-4.558148563454933466e-14
-4.497361413401818053e-14
-4.421926691998423475e-14
-4.332438338747364448e-14
-4.229538065809480829e-14
-4.113916035630195422e-14
-3.986326446345743457e-14
-3.847542130817199757e-14
-3.698371836102602728e-14
-3.539656496511986439e-14
-3.372258391585655768e-14
-3.197056063896502875e-14
-3.014938559225965875e-14
-2.826793398696177823e-14
-2.633505223517251109e-14
-2.435937837888795671e-14
-2.234945220428233292e-14
-2.031384907291364228e-14
-1.826058361052880497e-14
-1.619778902748735677e-14
-1.413292006075808280e-14
-1.207325949962147552e-14
-1.002560647754514520e-14
-7.996356940313809059e-15
-5.991519739655289112e-15
-4.016553579398165694e-15
-2.076446424810582565e-15
-1.758950338803954194e-16
1.681119842942765952e-15
3.490810181674551711e-15
5.250107989275337381e-15
6.956404192509342901e-15
8.607497140988417533e-15
1.020159197189732941e-14
1.173736011405831017e-14
1.321383425584559540e-14
1.463045281441515549e-14
1.598697607944291749e-14
1.728349891861897386e-14
1.852041096709906159e-14
1.969836444025256650e-14
2.081820975915853189e-14
2.188095828115597941e-14
2.288775858292138587e-14
2.383998116376340876e-14
2.473896602980460435e-14
2.558612603200099284e-14
2.638283675185891519e-14
2.713042125484198264e-14
2.783020260641380639e-14
2.848341069841379969e-14
2.909117716685949429e-14
2.965446424117897106e-14
3.017419010508705368e-14
3.065080876824347045e-14
3.108494025876561151e-14
3.147675059511113871e-14
3.182626010607078615e-14
3.213324178681468968e-14
3.239735004790036954e-14
3.261799535439653674e-14
3.279427307511552370e-14
3.292509223162126686e-14
3.300930763536907842e-14
3.304531670002275323e-14
3.303156766122292143e-14
3.296624448033066979e-14
3.284728039695469781e-14
3.267277128102957784e-14
3.244050468249708163e-14
3.214834269019833934e-14
3.179405930154796667e-14
3.137530992934796370e-14
3.088986179474936811e-14
3.033560747977941119e-14
2.971050055283752656e-14
2.901273175154837902e-14
2.824049858980021144e-14
2.739224252697007589e-14
2.646659306374931492e-14
2.546255408939195747e-14
2.437946491819914518e-14
2.321684951765452115e-14
2.197457744468420821e-14
2.065316200125424245e-14
1.925319780449359641e-14
1.777578430316780617e-14
1.622249867262465922e-14
1.459537718006935492e-14
1.289691857269629344e-14
1.113015184032485616e-14
9.298419374964908557e-15
7.405555694768670844e-15
5.456013651939858877e-15
3.454651403947449698e-15
1.406829822314615772e-15
-6.817462201797667813e-16
-2.804862148680811566e-15
-4.955958434165862875e-15
-7.128000785645328963e-15
-9.313607522742125416e-15
-1.150514518453559648e-14
-1.369457373429040434e-14
-1.587361257791419095e-14
-1.803377190417662645e-14
-2.016638571899435212e-14
-2.226268045509970789e-14
-2.431371144456968836e-14
-2.631053571354718262e-14
-2.824418318312076764e-14
-3.010571257349922702e-14
-3.188630118950395997e-14
-3.357730760100707812e-14
-3.517027841919498354e-14
-3.665700420074288757e-14
-3.802956349352806797e-14
-3.928038721113386034e-14
-4.040229251416754819e-14
-4.138856073729151042e-14
-4.223294755361858832e-14
-4.292976090174323300e-14
-4.347383388068719323e-14
-4.386061284132602989e-14
-4.408619804397058417e-14
-4.414736737528950072e-14
-4.404160345336353977e-14
-4.376711056834452218e-14
-4.332283839937785264e-14
-4.270850573152504270e-14
-4.192456996257760971e-14
-4.097224065558423278e-14
-3.985353374895937717e-14
-3.857122751077003697e-14
-3.712885915060394615e-14
-3.553070110264705539e-14
-3.378181862392394541e-14
-3.188794104528984430e-14
-2.985552614593461884e-14
-2.769165003909963146e-14
-2.540410712196551624e-14
-2.300119831741536530e-14
-2.049185135271323899e-14
-1.788547168170544904e-14
-1.519194079075466414e-14
-1.242153996577465697e-14
-9.585038383656818706e-15
-6.693409356232828816e-15
-3.757955267634375054e-15
-7.902328765751174839e-16
2.198116566694795215e-15
5.195304957587984149e-15
8.189477911188947773e-15
1.116885785788258867e-14
1.412164097003244453e-14
1.703621442593165891e-14
1.990110516430967230e-14
2.270508406938473445e-14
2.543714648910611748e-14
2.808662997273378426e-14
3.064324645809038405e-14
3.309717205705366150e-14
3.543895727006404761e-14
3.765975229688862946e-14
3.975125621464431491e-14
4.170562211010774012e-14
4.351575862344449208e-14
4.517517748227860286e-14
4.667796300850644842e-14
4.801906010949881509e-14
4.919405743766640249e-14
5.019918739045982348e-14
5.103143114245506373e-14
5.168859318425284011e-14
5.216912852775736076e-14
5.247222740947105057e-14
5.259789660565748759e-14
5.254684423586057640e-14
5.232045604598202504e-14
5.192091399289396059e-14
5.135100312092695518e-14
5.061428774472305492e-14
4.971491493759201685e-14
4.865762130777488703e-14
4.744781092547514789e-14
4.609137236374211133e-14
4.459471257978880887e-14
4.296471286927873445e-14
4.120882373401593690e-14
3.933483110085157775e-14
3.735092069618792254e-14
3.526557301389288135e-14
3.308749894079601739e-14
3.082574140064221757e-14
2.848943818486646129e-14
2.608805912181905162e-14
2.363106895765260812e-14
2.112795615544227346e-14
1.858822273079034637e-14
1.602138763995807069e-14
1.343689868843912089e-14
1.084419690546359338e-14
8.252396365543944456e-15
5.670399384955816802e-15
3.107058305030965112e-15
5.708984594439447165e-16
-1.929786269883526292e-15
-4.387174539535179316e-15
-6.793624365321326852e-15
-9.142026599715663560e-15
-1.142554018111969008e-14
-1.363769886001406709e-14
-1.577247853807792199e-14
-1.782429726818884896e-14
-1.978830070452613360e-14
-2.165995383269017638e-14
-2.343512990816195435e-14
-2.511027139256299945e-14
-2.668217988948447944e-14
-2.814824653744885108e-14
-2.950661972243341646e-14
-3.075546815920621180e-14
-3.189390076910672556e-14
-3.292125009017252135e-14
-3.383735010394593734e-14
-3.464244814404757178e-14
-3.533739801968825700e-14
-3.592336524820341492e-14
-3.640207777680544432e-14
-3.677547361687766303e-14
-3.704586008616839177e-14
-3.721580538857370557e-14
-3.728831479699046270e-14
-3.726653249771887111e-14
-3.715396181902877459e-14
-3.695420773314368745e-14
-3.667108866458983207e-14
-3.630845691921132101e-14
