-3.587028338746488243e-14
-3.536060672244302483e-14
-3.478346896537004573e-14
-3.414282406604372822e-14
0.000000000000000000e+00
0.000000000000000000e+00
0.000000000000000000e+00
0.000000000000000000e+00
0.000000000000000000e+00
0.000000000000000000e+00
0.000000000000000000e+00
0.000000000000000000e+00
0.000000000000000000e+00
0.000000000000000000e+00
0.000000000000000000e+00
0.000000000000000000e+00
0.000000000000000000e+00
0.000000000000000000e+00
0.000000000000000000e+00
0.000000000000000000e+00
0.000000000000000000e+00
0.000000000000000000e+00
0.000000000000000000e+00
0.000000000000000000e+00
0.000000000000000000e+00
0.000000000000000000e+00
0.000000000000000000e+00
0.000000000000000000e+00
0.000000000000000000e+00
0.000000000000000000e+00
0.000000000000000000e+00
0.000000000000000000e+00
0.000000000000000000e+00
0.000000000000000000e+00
0.000000000000000000e+00
0.000000000000000000e+00
0.000000000000000000e+00
0.000000000000000000e+00
0.000000000000000000e+00
0.000000000000000000e+00
0.000000000000000000e+00
0.000000000000000000e+00
0.000000000000000000e+00
0.000000000000000000e+00
0.000000000000000000e+00
0.000000000000000000e+00
0.000000000000000000e+00
0.000000000000000000e+00
0.000000000000000000e+00
0.000000000000000000e+00
0.000000000000000000e+00
0.000000000000000000e+00
0.000000000000000000e+00
0.000000000000000000e+00
0.000000000000000000e+00
0.000000000000000000e+00
0.000000000000000000e+00
0.000000000000000000e+00
0.000000000000000000e+00
0.000000000000000000e+00
0.000000000000000000e+00
0.000000000000000000e+00
0.000000000000000000e+00
0.000000000000000000e+00
0.000000000000000000e+00
0.000000000000000000e+00
0.000000000000000000e+00
0.000000000000000000e+00
0.000000000000000000e+00
0.000000000000000000e+00
0.000000000000000000e+00
0.000000000000000000e+00
0.000000000000000000e+00
0.000000000000000000e+00
0.000000000000000000e+00
0.000000000000000000e+00
0.000000000000000000e+00
0.000000000000000000e+00
0.000000000000000000e+00
0.000000000000000000e+00
0.000000000000000000e+00
0.000000000000000000e+00
0.000000000000000000e+00
0.000000000000000000e+00
0.000000000000000000e+00
0.000000000000000000e+00
0.000000000000000000e+00
0.000000000000000000e+00
0.000000000000000000e+00
0.000000000000000000e+00
0.000000000000000000e+00
0.000000000000000000e+00
0.000000000000000000e+00
0.000000000000000000e+00
0.000000000000000000e+00
0.000000000000000000e+00
0.000000000000000000e+00
0.000000000000000000e+00
0.000000000000000000e+00
0.000000000000000000e+00
0.000000000000000000e+00
0.000000000000000000e+00
0.000000000000000000e+00
0.000000000000000000e+00
0.000000000000000000e+00
0.000000000000000000e+00
0.000000000000000000e+00
0.000000000000000000e+00
0.000000000000000000e+00
0.000000000000000000e+00
0.000000000000000000e+00
0.000000000000000000e+00
0.000000000000000000e+00
0.000000000000000000e+00
0.000000000000000000e+00
0.000000000000000000e+00
0.000000000000000000e+00
0.000000000000000000e+00
0.000000000000000000e+00
0.000000000000000000e+00
0.000000000000000000e+00
0.000000000000000000e+00
0.000000000000000000e+00
0.000000000000000000e+00
0.000000000000000000e+00
0.000000000000000000e+00
0.000000000000000000e+00
0.000000000000000000e+00
0.000000000000000000e+00
0.000000000000000000e+00
0.000000000000000000e+00
0.000000000000000000e+00
0.000000000000000000e+00
0.000000000000000000e+00
0.000000000000000000e+00
0.000000000000000000e+00
0.000000000000000000e+00
0.000000000000000000e+00
0.000000000000000000e+00
0.000000000000000000e+00
0.000000000000000000e+00
0.000000000000000000e+00
0.000000000000000000e+00
0.000000000000000000e+00
0.000000000000000000e+00
0.000000000000000000e+00
0.000000000000000000e+00
0.000000000000000000e+00
0.000000000000000000e+00
0.000000000000000000e+00
0.000000000000000000e+00
0.000000000000000000e+00
0.000000000000000000e+00
0.000000000000000000e+00
0.000000000000000000e+00
0.000000000000000000e+00
0.000000000000000000e+00
0.000000000000000000e+00
0.000000000000000000e+00
0.000000000000000000e+00
0.000000000000000000e+00
0.000000000000000000e+00
0.000000000000000000e+00
0.000000000000000000e+00
0.000000000000000000e+00
0.000000000000000000e+00
0.000000000000000000e+00
0.000000000000000000e+00
0.000000000000000000e+00
0.000000000000000000e+00
0.000000000000000000e+00
0.000000000000000000e+00
0.000000000000000000e+00
0.000000000000000000e+00
0.000000000000000000e+00
0.000000000000000000e+00
0.000000000000000000e+00
0.000000000000000000e+00
0.000000000000000000e+00
0.000000000000000000e+00
0.000000000000000000e+00
0.000000000000000000e+00
0.000000000000000000e+00
0.000000000000000000e+00
0.000000000000000000e+00
0.000000000000000000e+00
0.000000000000000000e+00
0.000000000000000000e+00
0.000000000000000000e+00
0.000000000000000000e+00
0.000000000000000000e+00
0.000000000000000000e+00
0.000000000000000000e+00
0.000000000000000000e+00
0.000000000000000000e+00
0.000000000000000000e+00
0.000000000000000000e+00
0.000000000000000000e+00
0.000000000000000000e+00
0.000000000000000000e+00
0.000000000000000000e+00
0.000000000000000000e+00
0.000000000000000000e+00
0.000000000000000000e+00
0.000000000000000000e+00
0.000000000000000000e+00
0.000000000000000000e+00
0.000000000000000000e+00
0.000000000000000000e+00
0.000000000000000000e+00
0.000000000000000000e+00
0.000000000000000000e+00
0.000000000000000000e+00
0.000000000000000000e+00
0.000000000000000000e+00
0.000000000000000000e+00
0.000000000000000000e+00
0.000000000000000000e+00
0.000000000000000000e+00
0.000000000000000000e+00
0.000000000000000000e+00
0.000000000000000000e+00
0.000000000000000000e+00
0.000000000000000000e+00
0.000000000000000000e+00
0.000000000000000000e+00
0.000000000000000000e+00
0.000000000000000000e+00
0.000000000000000000e+00
0.000000000000000000e+00
0.000000000000000000e+00
0.000000000000000000e+00
0.000000000000000000e+00
0.000000000000000000e+00
0.000000000000000000e+00
0.000000000000000000e+00
0.000000000000000000e+00
0.000000000000000000e+00
0.000000000000000000e+00
0.000000000000000000e+00
0.000000000000000000e+00
0.000000000000000000e+00
0.000000000000000000e+00
0.000000000000000000e+00
0.000000000000000000e+00
0.000000000000000000e+00
0.000000000000000000e+00
0.000000000000000000e+00
0.000000000000000000e+00
0.000000000000000000e+00
0.000000000000000000e+00
0.000000000000000000e+00
0.000000000000000000e+00
0.000000000000000000e+00
0.000000000000000000e+00
0.000000000000000000e+00
0.000000000000000000e+00
0.000000000000000000e+00
0.000000000000000000e+00
0.000000000000000000e+00
0.000000000000000000e+00
0.000000000000000000e+00
0.000000000000000000e+00
0.000000000000000000e+00
0.000000000000000000e+00
0.000000000000000000e+00
0.000000000000000000e+00
0.000000000000000000e+00
0.000000000000000000e+00
0.000000000000000000e+00
0.000000000000000000e+00
0.000000000000000000e+00
0.000000000000000000e+00
0.000000000000000000e+00
0.000000000000000000e+00
0.000000000000000000e+00
0.000000000000000000e+00
0.000000000000000000e+00
0.000000000000000000e+00
0.000000000000000000e+00
0.000000000000000000e+00
0.000000000000000000e+00
0.000000000000000000e+00
0.000000000000000000e+00
0.000000000000000000e+00
0.000000000000000000e+00
0.000000000000000000e+00
0.000000000000000000e+00
0.000000000000000000e+00
0.000000000000000000e+00
0.000000000000000000e+00
0.000000000000000000e+00
0.000000000000000000e+00
0.000000000000000000e+00
0.000000000000000000e+00
0.000000000000000000e+00
0.000000000000000000e+00
0.000000000000000000e+00
0.000000000000000000e+00
0.000000000000000000e+00
0.000000000000000000e+00
0.000000000000000000e+00
0.000000000000000000e+00
0.000000000000000000e+00
0.000000000000000000e+00
0.000000000000000000e+00
0.000000000000000000e+00
0.000000000000000000e+00
0.000000000000000000e+00
0.000000000000000000e+00
0.000000000000000000e+00
0.000000000000000000e+00
0.000000000000000000e+00
0.000000000000000000e+00
0.000000000000000000e+00
0.000000000000000000e+00
0.000000000000000000e+00
0.000000000000000000e+00
0.000000000000000000e+00
0.000000000000000000e+00
0.000000000000000000e+00
0.000000000000000000e+00
0.000000000000000000e+00
0.000000000000000000e+00
0.000000000000000000e+00
0.000000000000000000e+00
0.000000000000000000e+00
0.000000000000000000e+00
0.000000000000000000e+00
0.000000000000000000e+00
0.000000000000000000e+00
0.000000000000000000e+00
0.000000000000000000e+00
0.000000000000000000e+00
0.000000000000000000e+00
0.000000000000000000e+00
0.000000000000000000e+00
0.000000000000000000e+00
0.000000000000000000e+00
0.000000000000000000e+00
0.000000000000000000e+00
0.000000000000000000e+00
0.000000000000000000e+00
0.000000000000000000e+00
0.000000000000000000e+00
0.000000000000000000e+00
0.000000000000000000e+00
0.000000000000000000e+00
0.000000000000000000e+00
0.000000000000000000e+00
0.000000000000000000e+00
0.000000000000000000e+00
0.000000000000000000e+00
0.000000000000000000e+00
0.000000000000000000e+00
0.000000000000000000e+00
0.000000000000000000e+00
0.000000000000000000e+00
0.000000000000000000e+00
0.000000000000000000e+00
0.000000000000000000e+00
0.000000000000000000e+00
0.000000000000000000e+00
0.000000000000000000e+00
0.000000000000000000e+00
0.000000000000000000e+00
0.000000000000000000e+00
0.000000000000000000e+00
0.000000000000000000e+00
0.000000000000000000e+00
0.000000000000000000e+00
0.000000000000000000e+00
0.000000000000000000e+00
0.000000000000000000e+00
0.000000000000000000e+00
0.000000000000000000e+00
0.000000000000000000e+00
0.000000000000000000e+00
0.000000000000000000e+00
0.000000000000000000e+00
0.000000000000000000e+00
0.000000000000000000e+00
0.000000000000000000e+00
0.000000000000000000e+00
0.000000000000000000e+00
0.000000000000000000e+00
0.000000000000000000e+00
0.000000000000000000e+00
0.000000000000000000e+00
0.000000000000000000e+00
0.000000000000000000e+00
0.000000000000000000e+00
0.000000000000000000e+00
0.000000000000000000e+00
0.000000000000000000e+00
0.000000000000000000e+00
0.000000000000000000e+00
0.000000000000000000e+00
0.000000000000000000e+00
0.000000000000000000e+00
0.000000000000000000e+00
0.000000000000000000e+00
0.000000000000000000e+00
0.000000000000000000e+00
0.000000000000000000e+00
0.000000000000000000e+00
0.000000000000000000e+00
0.000000000000000000e+00
0.000000000000000000e+00
0.000000000000000000e+00
0.000000000000000000e+00
0.000000000000000000e+00
0.000000000000000000e+00
0.000000000000000000e+00
0.000000000000000000e+00
0.000000000000000000e+00
0.000000000000000000e+00
0.000000000000000000e+00
0.000000000000000000e+00
0.000000000000000000e+00
0.000000000000000000e+00
0.000000000000000000e+00
0.000000000000000000e+00
0.000000000000000000e+00
0.000000000000000000e+00
0.000000000000000000e+00
0.000000000000000000e+00
0.000000000000000000e+00
0.000000000000000000e+00
0.000000000000000000e+00
0.000000000000000000e+00
0.000000000000000000e+00
0.000000000000000000e+00
0.000000000000000000e+00
0.000000000000000000e+00
0.000000000000000000e+00
0.000000000000000000e+00
0.000000000000000000e+00
0.000000000000000000e+00
0.000000000000000000e+00
0.000000000000000000e+00
0.000000000000000000e+00
0.000000000000000000e+00
0.000000000000000000e+00
0.000000000000000000e+00
0.000000000000000000e+00
0.000000000000000000e+00
0.000000000000000000e+00
0.000000000000000000e+00
0.000000000000000000e+00
0.000000000000000000e+00
0.000000000000000000e+00
0.000000000000000000e+00
0.000000000000000000e+00
0.000000000000000000e+00
0.000000000000000000e+00
0.000000000000000000e+00
0.000000000000000000e+00
0.000000000000000000e+00
0.000000000000000000e+00
0.000000000000000000e+00
0.000000000000000000e+00
0.000000000000000000e+00
0.000000000000000000e+00
0.000000000000000000e+00
0.000000000000000000e+00
0.000000000000000000e+00
0.000000000000000000e+00
0.000000000000000000e+00
0.000000000000000000e+00
0.000000000000000000e+00
0.000000000000000000e+00
0.000000000000000000e+00
0.000000000000000000e+00
0.000000000000000000e+00
0.000000000000000000e+00
0.000000000000000000e+00
0.000000000000000000e+00
0.000000000000000000e+00
0.000000000000000000e+00
0.000000000000000000e+00
0.000000000000000000e+00
0.000000000000000000e+00
0.000000000000000000e+00
0.000000000000000000e+00
0.000000000000000000e+00
0.000000000000000000e+00
0.000000000000000000e+00
0.000000000000000000e+00
0.000000000000000000e+00
0.000000000000000000e+00
0.000000000000000000e+00
0.000000000000000000e+00
0.000000000000000000e+00
0.000000000000000000e+00
0.000000000000000000e+00
0.000000000000000000e+00
0.000000000000000000e+00
0.000000000000000000e+00
0.000000000000000000e+00
0.000000000000000000e+00
0.000000000000000000e+00
0.000000000000000000e+00
0.000000000000000000e+00
0.000000000000000000e+00
0.000000000000000000e+00
0.000000000000000000e+00
0.000000000000000000e+00
0.000000000000000000e+00
0.000000000000000000e+00
0.000000000000000000e+00
0.000000000000000000e+00
0.000000000000000000e+00
0.000000000000000000e+00
0.000000000000000000e+00
0.000000000000000000e+00
0.000000000000000000e+00
0.000000000000000000e+00
0.000000000000000000e+00
0.000000000000000000e+00
0.000000000000000000e+00
0.000000000000000000e+00
0.000000000000000000e+00
0.000000000000000000e+00
0.000000000000000000e+00
0.000000000000000000e+00
0.000000000000000000e+00
0.000000000000000000e+00
0.000000000000000000e+00
0.000000000000000000e+00
0.000000000000000000e+00
0.000000000000000000e+00
0.000000000000000000e+00
0.000000000000000000e+00
0.000000000000000000e+00
0.000000000000000000e+00
0.000000000000000000e+00
0.000000000000000000e+00
0.000000000000000000e+00
0.000000000000000000e+00
0.000000000000000000e+00
0.000000000000000000e+00
0.000000000000000000e+00
0.000000000000000000e+00
0.000000000000000000e+00
0.000000000000000000e+00
0.000000000000000000e+00
0.000000000000000000e+00
0.000000000000000000e+00
0.000000000000000000e+00
0.000000000000000000e+00
0.000000000000000000e+00
0.000000000000000000e+00
0.000000000000000000e+00
0.000000000000000000e+00
-1.401298464324817071e-45
-2.802596928649634142e-45
-1.401298464324817071e-45
9.809089250273719496e-45
2.942726775082115849e-44
5.044674471569341455e-44
-9.809089250273719496e-45
-2.017869788627736582e-43
-5.058687456212589626e-43
-6.263804135531932307e-43
1.093012802173357315e-42
2.941325476617791032e-42
4.025930488005199445e-42
1.633914009402736705e-42
-1.069611117819132870e-41
-4.331413553228009566e-41
-8.442823247557022852e-41
-1.261014475061259634e-40
-1.540811739432995859e-40
-1.285018717755143750e-40
-2.437558678693019295e-41
1.458485454653912856e-40
3.730060330247657568e-40
5.875868668668249949e-40
6.685805168063350968e-40
4.895856574658045882e-40
-8.526901155416511877e-41
-1.051147609253189081e-39
-2.215615422719397468e-39
-3.193018298989028725e-39
-3.367896143441372921e-39
-2.081265932452255631e-39
1.128500685782383308e-39
6.168227172474193834e-39
1.198324305403067428e-38
1.640399218695631958e-38
1.638508446677718482e-38
8.771877554248240722e-39
-8.347616227293866131e-39
-3.389521541862219228e-38
-6.220736628529373379e-38
-8.233755121873617445e-38
-7.940444856150704144e-38
-3.844708965404856802e-38
4.882331802399768478e-38
1.757837222523977599e-37
3.135102185042975452e-37
4.083507487722886113e-37
3.885078692603897592e-37
1.832370718387134576e-37
-2.455150915925784486e-37
-8.643767653679167285e-37
-1.534538496151008234e-36
-2.000560053165379274e-36
-1.921593185272730014e-36
-9.600491736666572935e-37
1.072133320530264966e-36
4.033675789718766432e-36
7.294246651933317333e-36
9.675270583075251615e-36
9.581452014172098781e-36
5.392614772708303190e-36
-3.877925299361661407e-36
-1.775765592021977313e-35
-3.355394384082301378e-35
-4.601121078535114640e-35
-4.779478526440580790e-35
-3.113371117507531339e-35
9.302790832912135401e-36
7.267014557463218001e-35
1.483097689586589664e-34
2.137235615029600202e-34
2.359870112478014346e-34
1.782030150392394684e-34
1.161041380882016774e-35
-2.678818234465823748e-34
-6.224539216256602666e-34
-9.607195943125550414e-34
-1.139652517875258224e-33
-9.877492603902481207e-34
-3.535949455410828258e-34
8.231984183743594679e-34
2.432095791470397378e-33
4.127747310886508688e-33
5.316094957751068646e-33
5.226132905714700455e-33
3.092240010909754976e-33
-1.554420648610613682e-33
-8.528445144717921800e-33
-1.665987148054943158e-32
-2.362950972968924172e-32
-2.612965544014171827e-32
-2.048500944399383563e-32
-3.780116529807910444e-33
2.461715567514631210e-32
6.145480351868691214e-32
9.845104906004045520e-32
1.222833154021992177e-31
1.163799004877651323e-31
6.492761349909522901e-32
-4.103853845369710240e-32
-1.964100949595442420e-31
-3.755323825806412331e-31
-5.291898302853834360e-31
-5.880913131372904869e-31
-4.753717022239463181e-31
-1.289319937350546334e-31
4.684804371219117069e-31
1.257388032978538174e-30
2.077783878129285453e-30
2.666098112015265879e-30
2.685655328747410638e-30
1.799143004498505238e-30
-2.177589414064947906e-31
-3.336692060402307009e-30
-7.142975494127600852e-30
-1.075577631928946880e-29
-1.285826965291032713e-29
-1.188855038421643241e-29
-6.417094002720820712e-30
4.310292529323972730e-30
1.975015880138590285e-29
3.751809332796323856e-29
5.314260023412125739e-29
6.035623102613441138e-29
5.212108097308719128e-29
2.245743701957827123e-29
-3.107299886172673483e-29
-1.046633387508875662e-28
-1.860692678639763965e-28
-2.538872075145542664e-28
-2.793070272197866860e-28
-2.311043951633011551e-28
-8.403614154548309720e-29
1.701550198440130085e-28
5.111330924073740432e-28
8.809831418789087031e-28
1.181942051312480011e-27
1.285016955267609899e-27
1.052528225734407504e-27
3.749990231778539350e-28
-7.812399522828229035e-28
-2.324390983185355363e-27
-3.999109558974519965e-27
-5.377123219391275787e-27
-5.893857542004159838e-27
-4.943664181643751427e-27
-2.035525180465585948e-27
3.005422537494025730e-27
9.825612323405602758e-27
1.737554582452324763e-26
2.385716752623324829e-26
2.685807606912361922e-26
2.372703012877506950e-26
1.220400484148762070e-26
-8.746851968863668909e-27
-3.803433073657634640e-26
-7.168413558407937695e-26
-1.025102189843196178e-25
-1.205114455217358355e-25
-1.142351079224260926e-25
-7.320189163977295959e-26
8.757194983037006120e-27
1.297166017950016019e-25
2.762299504587117331e-25
4.213491970136216754e-25
5.253018851409928455e-25
5.399026651166956714e-25
4.172905569600661459e-25
1.227265915954997248e-25
-3.499995138014527193e-25
-9.633475697326501173e-25
-1.625022600572367547e-24
-2.185969855969063879e-24
-2.452043172969248509e-24
-2.212638482161418015e-24
-1.286788725305156625e-24
4.169772312692736753e-25
2.835821242346102479e-24
5.696815430608260055e-24
8.488179627779727193e-24
1.047683643869129072e-23
1.078867630996877757e-23
8.559862629376255315e-24
3.153794507161682696e-24
-5.579943320917051493e-24
-1.704872619956080912e-23
-2.972491630833914341e-23
-4.109319712436638630e-23
-4.781064749946728581e-23
-4.613417608090969594e-23
-3.263047719344176204e-23
-5.123882715655701433e-24
3.623681793053203519e-23
8.798938759617061257e-23
1.427088505045709318e-22
1.889915343840539146e-22
2.123449978657657151e-22
1.971633760556745847e-22
1.297985548781155892e-22
2.494043705285025620e-24
-1.823382815094199010e-22
-4.083088257180739875e-22
-6.427456397317261928e-22
-8.370228198597995242e-22
-9.305311351468815113e-22
-8.589176101079980145e-22
-5.665460181777987888e-22
-2.220754519812603351e-23
7.639714222717515848e-22
1.725546619554457299e-21
2.730645582762936722e-21
3.582990984410259508e-21
4.036873226012488646e-21
3.828475814334193709e-21
2.723509130495749492e-21
5.777467828028805394e-22
-2.596892537586707860e-21
-6.571997626554254710e-21
-1.086248895201947654e-20
-1.472248689081983287e-20
-1.719185204825076712e-20
-1.720355051468728367e-20
-1.375380023238341733e-20
-6.125303939904280839e-21
5.859867012773556104e-21
2.159572285539187304e-20
3.950631407659452659e-20
5.697559959423873819e-20
7.044946058158404357e-20
7.575392428064225836e-20
6.864919891359041239e-20
4.560195987568837343e-20
4.712051323073228023e-21
-5.332129336256419011e-20
-1.243563687372673672e-19
-2.002862498438361399e-19
-2.690444491901760204e-19
-3.153255922034300531e-19
-3.221434733060335300e-19
-2.732453117804207137e-19
-1.562565115121924526e-19
3.374034175686854248e-20
2.906609016440828698e-19
5.945298097191062090e-19
9.099637108839924242e-19
1.186747546228550137e-18
1.363114343546161087e-18
1.372084393506262688e-18
1.150836016922443286e-18
6.525712121455739167e-19
-1.402386242391976328e-19
-1.202914067517863079e-18
-2.458116496301887557e-18
-3.770348789020803960e-18
-4.947867687950253105e-18
-5.754073481710773657e-18
-5.929616096945552084e-18
-5.225172957273448932e-18
-3.443257586579572780e-18
-4.855101450203962434e-19
3.599917736381296967e-18
8.577908447108587405e-18
1.400093018560522599e-17
1.920683934718323373e-17
2.334720256781125803e-17
2.545120263028888817e-17
2.452654870871383682e-17
1.969395112066468578e-17
1.034638006489694548e-17
-3.681928558212866896e-18
-2.195682610903415083e-17
-4.332039828274527021e-17
-6.582825075683162042e-17
-8.677321825539292951e-17
-1.028163332962996979e-16
-1.102373212960926316e-16
-1.053051344710145463e-16
-8.475375936024066902e-17
-4.633195444353648061e-17
1.062155327619128587e-17
8.464087898512923265e-17
1.717081367872276120e-16
2.650198538253827020e-16
3.550201484958063081e-16
4.297628916268974057e-16
4.756417165308773377e-16
4.784948940741442450e-16
4.250513237973545634e-16
3.046400316914394139e-16
1.110391372423423333e-16
-1.556993729027989458e-16
-4.876470850692269602e-16
-8.678317883345704805e-16
-1.269720599142562176e-15
-1.657543739647126570e-15
-1.987610032819025173e-15
-2.210693523653863880e-15
-2.275489426536449721e-15
-2.133036484258405557e-15
-1.741917220918719460e-15
-1.073921627725560584e-15
-1.198023151215087101e-16
1.105326750673553057e-15
2.557416084458807859e-15
4.160197238241812590e-15
5.803599127559818174e-15
7.344181381476518750e-15
8.607777508893958707e-15
9.394383972724084514e-15
9.485141858956488287e-15
8.651090538651807355e-15
6.663214325729107518e-15
3.303148338144466963e-15
-1.626202567686651796e-15
-8.290880460469496338e-15
-1.681770194839667804e-14
-2.728838781730722612e-14
-3.973651106509851205e-14
-5.414771617738046994e-14
-7.046322753794312388e-14
-8.858666973804787959e-14
-1.083938033731232653e-13
-1.297445495224841538e-13
-1.524967218474726494e-13
-1.765204600328793005e-13
-2.017123989540847706e-13
-2.280087468657654437e-13
-2.553961545286725920e-13
-2.839200771188876704e-13
-3.136898564255058419e-13
-3.448799134730257121e-13
-3.777276885372216064e-13
-4.125280575039552700e-13
-4.496247395669589197e-13
-4.893994281010560776e-13
-5.322592952321236748e-13
-5.786241169362937864e-13
-6.289126663026889386e-13
-6.835307059943618313e-13
-7.428603630670049807e-13
-8.072509132504845919e-13
-8.770124925762401435e-13
-9.524120858292461911e-13
-1.033671195513341523e-12
-1.120966058691663658e-12
-1.214429706970776568e-12
-1.314154297535341520e-12
-1.420193606813113796e-12
-1.532568559906022365e-12
-1.651265712707128408e-12
-1.776242781331704990e-12
-1.907426690553326587e-12
-2.044712923282565598e-12
-2.187962267960474882e-12
-2.336997999632939305e-12
-2.491596772652426850e-12
-2.651486018592774663e-12
-2.816332670546595196e-12
-2.985737958954848281e-12
-3.159226569585116273e-12
-3.336240571999438131e-12
-3.516131396458233027e-12
-3.698155063430741407e-12
-3.881461992094603630e-12
-4.065097650857163458e-12
-4.247993450057219178e-12
-4.428967175645892596e-12
-4.606722989186629036e-12
-4.779848825769983378e-12
-4.946817261375358044e-12
-5.105988982317954950e-12
-5.255616254695727463e-12
-5.393844659112856377e-12
-5.518719162211915830e-12
-5.628196259738205143e-12
-5.720145711263224797e-12
-5.792359213802056317e-12
-5.842566448005515056e-12
-5.868441149692316117e-12
-5.867621059169048081e-12
-5.837717895890159880e-12
-5.776338608820541509e-12
-5.681098386861593852e-12
-5.549647547065106323e-12
-5.379684545059326695e-12
-5.168984164305445717e-12
-4.915421802226260795e-12
-4.616995587930494693e-12
-4.271855005150149154e-12
-3.878326479411775551e-12
-3.434941133612090525e-12
-2.940463410955329593e-12
-2.393917746326690299e-12
-1.794617839750989319e-12
-1.142191809883064124e-12
-4.366102748440403580e-13
3.217882232377233809e-13
1.132274721031556464e-12
1.993707065758854036e-12
2.904511266915710266e-12
3.862662793785442972e-12
4.865674703424804903e-12
5.910582787094220691e-12
6.993942751332138386e-12
8.111823712741994541e-12
9.259809065353952207e-12
1.043300515424228081e-11
1.162604647969578409e-11
1.283311217709082186e-11
1.404794596621128377e-11
1.526387696793030102e-11
1.647385179659455190e-11
1.767047792811116125e-11
1.884604451662941216e-11
1.999258571194761913e-11
2.110191188453569566e-11
2.216567901447419331e-11
2.317543552898815307e-11
2.412268648721571651e-11
2.499896470387064085e-11
2.579587585205267430e-11
2.650519907720916279e-11
2.711893209994542531e-11
2.762939529943331252e-11
2.802926640788072632e-11
2.831167418559932258e-11
2.847026780994355022e-11
2.849928452952621427e-11
2.839362252260446695e-11
2.814889987767799084e-11
2.776151183936370614e-11
2.722870713622871364e-11
2.654861573636591032e-11
2.572029568492784080e-11
2.474379555417183241e-11
2.362013362677828354e-11
2.235139330564184235e-11
2.094067280689060340e-11
1.939212158907910322e-11
1.771093341429441637e-11
1.590333420509182361e-11
1.397656643198352810e-11
1.193884921479870798e-11
9.799328883064450935e-12
7.568046883621448728e-12
5.255873861131910019e-12
2.874433980767920893e-12
4.360379516222395724e-13
-2.046402760788601505e-12
-4.559469989062758799e-12
-7.089331725829151054e-12
-9.621851058960739778e-12
-1.214268356003467275e-11
-1.463739546236908495e-11
-1.709156254026122923e-11
-1.949089327435427066e-11
-2.182133120032236917e-11
-2.406915985964097615e-11
-2.622112596495362880e-11
-2.826452960569270090e-11
-3.018731792314710560e-11
-3.197818052025347413e-11
-3.362665701445166633e-11
-3.512319254883600195e-11
-3.645920371164734775e-11
-3.762717915023472415e-11
-3.862071079607787283e-11
-3.943454243704458406e-11
-4.006460788130716821e-11
-4.050808299904673504e-11
-4.076336490577148197e-11
-4.083011359568011756e-11
-4.070922418608624582e-11
-4.040283038686531825e-11
-3.991424551985645053e-11
-3.924799374388499018e-11
-3.840970597135395792e-11
-3.740606782653976836e-11
-3.624478842056966243e-11
-3.493449973746010073e-11
-3.348470112296553225e-11
-3.190563785393507601e-11
-3.020823521882043394e-11
-2.840400310788471216e-11
-2.650492672562343444e-11
-2.452337291569683941e-11
-2.247199648586217791e-11
-2.036362918567125035e-11
-1.821118950084965604e-11
-1.602758030461171046e-11
-1.382558564161362469e-11
-1.161778225705623058e-11
-9.416459799405085818e-12
-7.233530614769723144e-12
-5.080451684347231378e-12
-2.968158488089733815e-12
-9.069908994858988383e-13
1.093361295598227478e-12
3.023912500607628395e-12
4.876428687933254125e-12
6.643461822330998245e-12
8.318377237026552962e-12
9.895383991376238697e-12
1.136953725611178356e-11
1.273675262480900017e-11
1.399379050137650182e-11
1.513826217158786847e-11
1.616860464959124499e-11
1.708406159595110552e-11
1.788465556207263774e-11
1.857114115266789156e-11
1.914498420907406739e-11
1.960831670644314073e-11
1.996387777314367895e-11
2.021497205739741787e-11
2.036540901195760256e-11
2.041947340380989573e-11
2.038184378216900683e-11
2.025756298817960044e-11
2.005196182708335328e-11
1.977061049596162690e-11
1.941928215454247209e-11
1.900386965847378207e-11
1.853036300791810476e-11
1.800478689750750760e-11
1.743315561353320220e-11
1.682143487002907278e-11
1.617549670596130085e-11
1.550107785186494169e-11
1.480375717843873673e-11
1.408890712428778613e-11
1.336167461396531309e-11
1.262696804754659397e-11
1.188942000407422483e-11
1.115336815959988570e-11
1.042285615454607850e-11
9.701610174939201414e-12
8.993037217686072893e-12
8.300224223212193664e-12
7.625925065035676909e-12
6.972569657065497140e-12
6.342263086239752212e-12
5.736794719823912203e-12
5.157648180070806276e-12
4.606000910539753690e-12
4.082745426459144511e-12
3.588497771503385003e-12
3.123610745059401950e-12
2.688192116823140410e-12
2.282117854066068041e-12
1.905048167827327887e-12
1.556446594871974121e-12
1.235597019665080065e-12
9.416227563299739423e-13
6.735030827313692736e-13
4.300917532274600719e-13
2.101347524804952904e-13
1.228763252714322463e-14
-1.648674550830050989e-13
-3.228046898794828534e-13
-4.630388954207642627e-13
-5.871094626089257140e-13
-6.965660145040464268e-13
-7.929542981434389848e-13
-8.778024422791130821e-13
-9.526089769437695587e-13
-1.018831395117880678e-12
-1.077873901245141042e-12
-1.131079171295956698e-12
-1.179719516519739386e-12
-1.224988101407309404e-12
-1.267992113217208949e-12
-1.309747557805274187e-12
-1.351173621773338329e-12
-1.393088118820107191e-12
-1.436205755017683217e-12
-1.481134876205048023e-12
-1.528375299583717428e-12
-1.578319940021000178e-12
-1.631254484789346204e-12
-1.687358044087650111e-12
-1.746706186807334138e-12
-1.809273434197344876e-12
-1.874938138773929452e-12
-1.943486170608021979e-12
-2.014615904655236989e-12
-2.087945268069990590e-12
-2.163016293854624905e-12
-2.239305529200263933e-12
-2.316227071252896508e-12
-2.393145794379880620e-12
-2.469380819616895373e-12
-2.544217657732272819e-12
-2.616915581801770863e-12
-2.686716083985518644e-12
-2.752854584911479385e-12
-2.814566288367181812e-12
-2.871097023321445008e-12
-2.921711700701323799e-12
-2.965702770169054148e-12
-3.002398893739433028e-12
-3.031172535195025830e-12
-3.051446031618332277e-12
-3.062701351211338796e-12
-3.064480960657256503e-12
-3.056397149259204582e-12
-3.038137449951072711e-12
-3.009466590861431534e-12
-2.970227145834836158e-12
-2.920346907006599046e-12
-2.859837150079314050e-12
-2.788793284844159892e-12
-2.707393987819162184e-12
-2.615902936972669401e-12
-2.514663390712490454e-12
-2.404097754205025694e-12
-2.284703242566576975e-12
-2.157046026171616226e-12
-2.021759929610178474e-12
-1.879537758070481956e-12
-1.731126526849369185e-12
-1.577321931921227272e-12
-1.418959351059956298e-12
-1.256908964929193129e-12
-1.092066432943628040e-12
-9.253460627953180584e-13
-7.576727873576105665e-13
-5.899740873789582896e-13
-4.231725104879291433e-13
-2.581783528285419571e-13
-9.588163596419008172e-14
6.285494043647976703e-14
2.172031678864330684e-13
3.663756039003207565e-13
5.096316706316994516e-13
6.462828319384050779e-13
7.756976484751820777e-13
8.973064804206065670e-13
1.010604252192626173e-12
1.115154192946055112e-12
1.210589896556701905e-12
1.296617110554953989e-12
1.373014224016755325e-12
1.439632592824258150e-12
1.496396214405171232e-12
1.543300101429501137e-12
1.580408221825424508e-12
1.607851330374943100e-12
1.625824475048887052e-12
1.634582551778007709e-12
1.634436835006025657e-12
1.625750098779854547e-12
1.608932713621780142e-12
1.584437333938815140e-12
1.552752934910750504e-12
1.514400042000596525e-12
1.469924767842634150e-12
1.419893933332638802e-12
1.364889104515931706e-12
1.305501496837169206e-12
1.242325361507090609e-12
1.175955274997086963e-12
1.106978441203776420e-12
1.035971764103138515e-12
9.634968604205207399e-13
8.900964275533607140e-13
8.162898525523876181e-13
7.425708268768427267e-13
6.694037685273102056e-13
5.972215452211548925e-13
5.264233059881773258e-13
4.573732885482240107e-13
3.903988135371683210e-13
3.257903116119648113e-13
2.638002121434224190e-13
2.046430651889488694e-13
1.484961378037455426e-13
9.549969186761417261e-14
4.575833933767245454e-14
-6.578934018081712600e-16
-4.371195178281932214e-14
-8.339799662492042298e-14
-1.197392337191904854e-13
-1.527860276446732501e-13
-1.826132832189603095e-13
-2.093181042991248964e-13
-2.330173001167251678e-13
-2.538446612198458352e-13
-2.719485064656829154e-13
-2.874887014645693961e-13
-3.006344630705759524e-13
-3.115616488760797331e-13
-3.204502906518219563e-13
-3.274824259425629380e-13
-3.328399296627371218e-13
-3.367023727971624192e-13
-3.392449353118581756e-13
-3.406372135316554361e-13
-3.410414041015580322e-13
-3.406109487340269748e-13
-3.394893686916450326e-13
-3.378095600557046163e-13
-3.356928450493068539e-13
-3.332484299362753477e-13
-3.305729171301785563e-13
-3.277502509842211698e-13
-3.248516364760811737e-13
-3.219355392079098488e-13
-3.190481732973093898e-13
-3.162235284823872172e-13
-3.134844272188741510e-13
-3.108428228357218437e-13
-3.083005584766235208e-13
-3.058505868274580264e-13
-3.034771598516700086e-13
-3.011574008834200233e-13
-2.988623346196483954e-13
-2.965574021161071494e-13
-2.942040599855644256e-13
-2.917606748645967807e-13
-2.891835805107073609e-13
-2.864281620044983878e-13
-2.834499941619522678e-13
-2.802056275810066444e-13
-2.766537541588898197e-13
-2.727556949830983735e-13
-2.684764032184067117e-13
-2.637851417332248705e-13
-2.586558896754131975e-13
-2.530678574683142834e-13
-2.470059204916219553e-13
-2.404609443420330228e-13
-2.334297035180843416e-13
-2.259152608909131832e-13
-2.179267373112955819e-13
-2.094791896369019302e-13
-2.005933532342810133e-13
-1.912953302707354197e-13
-1.816163593213598881e-13
-1.715918666921403823e-13
-1.612613851047911551e-13
-1.506680115956685051e-13
-1.398577434419401300e-13
-1.288790173756618196e-13
-1.177818964321480921e-13
-1.066178056756926507e-13
-9.543879358683837744e-14
-8.429714581535338591e-14
-7.324482952661762192e-14
-6.233303939196313537e-14
-5.161189265681306870e-14
-4.113005305805307599e-14
-3.093435135327095298e-14
-2.106967351240759956e-14
-1.157872185446589403e-14
-2.501810277295694364e-15
6.123484084705720087e-15
1.426218999400329784e-14
2.188225254749938398e-14
2.895452025928127449e-14
3.545303495764741408e-14
4.135508599521602047e-14
4.664122210738634589e-14
5.129529206992014534e-14
5.530480045277952339e-14
5.866075176606463937e-14
6.135780631407600216e-14
6.339427003091910318e-14
6.477205382292294811e-14
6.549684297522950782e-14
6.557769057597903628e-14
6.502715981784520927e-14
6.386124268287218797e-14
6.209914310204012189e-14
5.976327017900157079e-14
5.687909588854636600e-14
5.347508053770225200e-14
4.958257450991300497e-14
4.523576066679801944e-14
4.047157980925294996e-14
3.532964597415498564e-14
2.985207702777339933e-14
2.408331509478472965e-14
1.806983517893892555e-14
1.185987919471390845e-14
5.502983322931004340e-15
-9.505322207166585179e-16
-7.450077440542251378e-15
-1.394552079744164688e-14
-2.038777302635231409e-14
-2.672947482112737055e-14
-3.292552930062205008e-14
-3.893363225131868388e-14
-4.471459145874781549e-14
-5.023238769386040303e-14
-5.545409848006256637e-14
-6.034969480530824604e-14
-6.489144481090433625e-14
-6.905323616515288143e-14
-7.280986794380717164e-14
-7.613614599888407497e-14
-7.900625276615128034e-14
-8.139300187613371373e-14
-8.326752644598894859e-14
-8.459906223907270872e-14
-8.535504253262896079e-14
-8.550173508656624954e-14
-8.500485878344329893e-14
-8.383072881701369994e-14
-8.194748997219711284e-14
-7.932639056263193766e-14
-7.594315801218165518e-14
-7.177931345006896557e-14
-6.682321525546680574e-14
-6.107085865660055735e-14
-5.452643816062502369e-14
-4.720240515186484298e-14
-3.911940351731049703e-14
-3.030570382860954537e-14
-2.079650538691808770e-14
-1.063304768533909414e-14
1.383968191309985392e-16
1.146747593530530324e-14
2.330067189811480671e-14
3.558204146364603304e-14
4.825374244599688056e-14
6.125641985842145143e-14
7.452927028783404295e-14
8.800996904997568371e-14
1.016344736777703706e-13
1.153367223775958461e-13
1.290483019923682750e-13
1.426980820833090302e-13
1.562120387470916638e-13
1.695130716567253004e-13
1.825211531393533537e-13
1.951532739661449023e-13
2.073239854533809323e-13
2.189456434079431468e-13
2.299288418081829599e-13
2.401831175353336123e-13
2.496172214240532927e-13
2.581399991766902824e-13
2.656605946511902960e-13
2.720891003823999732e-13
2.773371538932617453e-13
2.813183984807371418e-13
2.839491066320559698e-13
2.851491558066715504e-13
2.848423808019667769e-13
2.829579561110240338e-13
2.794314801247976821e-13
2.742057340736347992e-13
2.672326606962399653e-13
2.584740689710873784e-13
2.479035856803313287e-13
2.355076582968157473e-13
2.212869237893169694e-13
2.052572928247162198e-13
1.874506002893031043e-13
1.679157843586381871e-13
1.467189407076616159e-13
1.239435529036547745e-13
9.969036365723230042e-14
7.407713765311685350e-14
4.723811944905287330e-14
1.932344732900707907e-14
-9.501868218565918955e-15
-3.905868819565130878e-14
-6.915486656629624140e-14
-9.958631412999158217e-14
-1.301380878060420798e-13
-1.605857645210068130e-13
-1.906965525159259878e-13
-2.202308973207889320e-13
-2.489436337193423610e-13
-2.765860728382724121e-13
-3.029076013454090610e-13
-3.276576330136365955e-13
-3.505879397555644594e-13
-3.714548471329265356e-13
-3.900220261771752961e-13
-4.060624991635009007e-13
-4.193619464274572772e-13
-4.297211187147959022e-13
-4.369586561071142627e-13
-4.409136358969611980e-13
-4.414481475679965516e-13
-4.384496780397706406e-13
-4.318337679630468440e-13
-4.215452043421913375e-13
-4.075596739434861338e-13
-3.898861485399085502e-13
-3.685667493858596488e-13
-3.436781837850427790e-13
-3.153316908803549534e-13
-2.836737463852989638e-13
-2.488851952222453923e-13
-2.111809669193623340e-13
-1.708086119376825418e-13
-1.280470412860779117e-13
-8.320561850194002629e-14
-3.662138477124494973e-14
1.134338899666433725e-14
6.030372463319486065e-14
1.098547454717567484e-13
1.595754507265761957e-13
2.090316174275727579e-13
2.577800169503707828e-13
3.053726976148807282e-13
3.513606235388405663e-13
3.952985399950648127e-13
4.367483208856520749e-13
4.752845794882276653e-13
5.104987071090361095e-13
5.420024780551646604e-13
5.694329014392651711e-13
5.924565850932983491e-13
6.107723918638563454e-13
6.241163185219389398e-13
6.322637183774071357e-13
6.350328249360437383e-13
6.322874624049845682e-13
6.239384009454340685e-13
6.099454708669016512e-13
5.903192973506776742e-13
5.651213004498334413e-13
5.344643998206333180e-13
4.985129605124261065e-13
4.574811666643863184e-13
4.116324794044279312e-13
3.612776581802396025e-13
3.067728091953741965e-13
2.485158888572425173e-13
1.869439526141006280e-13
1.225294415626090871e-13
5.577620478111264268e-14
-1.278511022365872579e-14
-8.260147394637679108e-14
-1.531018557375182776e-13
-2.237040712177104651e-13
-2.938179484868880254e-13
-3.628521365751230521e-13
-4.302192011928357429e-13
-4.953401512748645263e-13
-5.576507138005393216e-13
-6.166058332326973535e-13
-6.716847672678938341e-13
-7.223968602129704486e-13
-7.682841450702693198e-13
-8.089269813889299332e-13
-8.439466031399944779e-13
-8.730091302644460427e-13
-8.958290923302691944e-13
-9.121704043144052143e-13
-9.218487518475315667e-13
-9.247350064509052281e-13
-9.207533823926694616e-13
-9.098831714113297942e-13
-8.921590679764057619e-13
-8.676699766660411761e-13
-8.365584158558092565e-13
-7.990190540457797752e-13
-7.552965956662827107e-13
-7.056832874129115307e-13
-6.505156114298971115e-13
-5.901721169057627669e-13
-5.250691374747429307e-13
-4.556578638709174456e-13
-3.824186518668060142e-13
-3.058582304527740492e-13
-2.265046467444034595e-13
-1.449022515474449047e-13
-6.160752517945372597e-14
2.281567607911004492e-14
1.078009006388359892e-13
1.927836281454334277e-13
2.772061009556625599e-13
3.605212374295507782e-13
4.421971415338038502e-13
5.217202538043697047e-13
5.986000540733615871e-13
6.723711214531857827e-13
7.425973356199599973e-13
8.088740723229126406e-13
8.708301549482933002e-13
9.281301855540435852e-13
9.804755748618609879e-13
1.027607686443499091e-12
1.069305993577074343e-12
1.105390085021085156e-12
1.135719990275063651e-12
1.160195312217837671e-12
1.178755335527748027e-12
1.191378050900693264e-12
1.198079612949043415e-12
1.198912930738815774e-12
1.193965607805547169e-12
1.183359508473424970e-12
1.167249782073331854e-12
1.145820309293721362e-12
1.119284244281704144e-12
1.087880436775878756e-12
1.051872347904159177e-12
1.011545448098560840e-12
9.672047234302039165e-13
9.191725072049683476e-13
8.677857152479540037e-13
8.133945990709823270e-13
7.563594390559702507e-13
6.970478881596076093e-13
6.358323156180345492e-13
5.730875843323879337e-13
5.091886656240218745e-13
4.445075492583161481e-13
3.794110479352769127e-13
3.142575717880735642e-13
2.493953665545084464e-13
1.851593287331351756e-13
1.218686203384791722e-13
5.982422266988599024e-14
-6.930660214264324544e-16
-5.942486357591453272e-14
-1.161374463395578593e-13
-1.706233759965133934e-13
-2.227029053791101942e-13
-2.722250593348296555e-13
-3.190692339245099207e-13
-3.631456572082691903e-13
-4.043956467435216862e-13
-4.427918806355207737e-13
-4.783379096463813429e-13
-5.110675337788306294e-13
-5.410439349144702259e-13
-5.683580776155716663e-13
-5.931269472965461365e-13
-6.154920865510116190e-13
-6.356170472766875523e-13
-6.536850596407239866e-13
-6.698964299944876188e-13
-6.844657761580219546e-13
-6.976185579730953545e-13
-7.095895594201595546e-13
-7.206195275916149612e-13
-7.309516490347500728e-13
-7.408303571293517464e-13
-7.504977000104273710e-13
-7.601923647862496303e-13
-7.701471838733597863e-13
-7.805882676348296911e-13
-7.917331070264599369e-13
-8.037903025462367346e-13
-8.169596726545491627e-13
-8.314314948326684274e-13
-8.473871561040513534e-13
-8.649998035556438758e-13
-8.844352116996190283e-13
-9.058538966676132898e-13
-9.294114956814869544e-13
-9.552606101970173569e-13
-9.835523237869403523e-13
-1.014437991074534917e-12
-1.048070267725687010e-12
-1.084606037794755284e-12
-1.124205221102181351e-12
-1.167033266899486499e-12
-1.213261479129923437e-12
-1.263067124848693545e-12
-1.316631591079253649e-12
-1.374141794276140249e-12
-1.435788770862145292e-12
-1.501765291983536699e-12
-1.572264670887668636e-12
-1.647476859795160564e-12
-1.727586606756204013e-12
-1.812768468320569148e-12
-1.903187460058908265e-12
-1.998989949264506905e-12
-2.100304088634152855e-12
-2.207233744735970227e-12
-2.319854378041164011e-12
-2.438210657679240612e-12
-2.562310823586710917e-12
-2.692124518102745334e-12
-2.827577148117876860e-12
-2.968550752435739071e-12
-3.114878363921769200e-12
-3.266344226343642632e-12
-3.422679023881713967e-12
-3.583562483214230987e-12
-3.748619470389513708e-12
-3.917418472942912899e-12
-4.089477888269410499e-12
-4.264257783687108727e-12
-4.441168353214175468e-12
-4.619567315483630310e-12
-4.798762082147689512e-12
-4.978011926282110977e-12
-5.156526247662718276e-12
-5.333470644297566565e-12
-5.507966478746073591e-12
-5.679093913885102651e-12
-5.845894514994176561e-12
-6.007368213989394690e-12
-6.162482416721681844e-12
-6.310168099848967316e-12
-6.449320244517053879e-12
-6.578806943657866668e-12
-6.697462896776418262e-12
-6.804094180440367623e-12
-6.897479983003496073e-12
-6.976374773010052266e-12
-7.039506564471276207e-12
-7.085586891525386122e-12
-7.113301701139329580e-12
-7.121327399300936278e-12
-7.108325213167621115e-12
-7.072949431002895082e-12
-7.013845233772020293e-12
-6.929667343419376735e-12
-6.819076553421510312e-12
-6.680744065595822789e-12
-6.513369271016200557e-12
-6.315678448970407644e-12
-6.086438211067024540e-12
-5.824466776938042045e-12
-5.528644382579717131e-12
-5.197924122374297795e-12
-4.831341923750009926e-12
-4.428036062820162044e-12
-3.987246730702276309e-12
-3.508337067040234736e-12
-2.990809423036866477e-12
-2.434313167709589720e-12
-1.838663553008212936e-12
-1.203842689596890114e-12
-5.300343497438575469e-13
1.823997089435078212e-13
9.328811594738750657e-13
1.720604236345180116e-12
2.544553109884439834e-12
3.403464142459622366e-12
4.295838424567266500e-12
5.219927354943587616e-12
6.173739037357295345e-12
7.155032209077427652e-12
8.161303230447281010e-12
9.189812105736550052e-12
1.023757294216220970e-11
1.130135481725025315e-11
1.237770129447479661e-11
1.346293215798155529e-11
1.455315555565217522e-11
1.564427233591292321e-11
1.673199946650161252e-11
1.781189952476669447e-11
1.887935641153859478e-11
1.992963780117484873e-11
2.095790901934790895e-11
2.195923824721557338e-11
2.292861907282617295e-11
2.386101385920547102e-11
2.475136588742099519e-11
2.559462711215765296e-11
2.638579112146377526e-11
2.711991048398587623e-11
2.779212797399122081e-11
2.839771820473124819e-11
2.893210671039980753e-11
2.939088208919748979e-11
2.976986018810023893e-11
3.006508236813587587e-11
3.027286407664142587e-11
3.038980525560397439e-11
3.041283891391799443e-11
3.033923459683229851e-11
3.016660879429089448e-11
2.989299432987202465e-11
2.951683689134121380e-11
2.903699156120431724e-11
2.845276791951789619e-11
2.776394565640050160e-11
2.697077283730919817e-11
2.607399365861517992e-11
2.507482936564553455e-11
2.397501121242928690e-11
2.277674576722787947e-11
2.148276695423945171e-11
2.009627360355370485e-11
1.862095894145099351e-11
1.706101405984927766e-11
1.542106546625898744e-11
1.370621411506123266e-11
1.192197209010092962e-11
1.007427821719808492e-11
8.169421736314852467e-12
6.214070924492887116e-12
4.215227125681231257e-12
2.180192875192443758e-12
1.165311608059688142e-13
-1.967969190386220646e-12
-4.065350920484656072e-12
-6.167488394992481915e-12
-8.266163795123127045e-12
-1.035308817842750528e-11
-1.241997910766956537e-11
-1.445855588033673200e-11
-1.646061412174937288e-11
-1.841808129621202994e-11
-2.032306094246205674e-11
-2.216783354103135650e-11
-2.394494845459060883e-11
-2.564725688769531331e-11
-2.726795005070226097e-11
-2.880057477228081808e-11
-3.023909248001110939e-11
-3.157788613927792198e-11
-3.281184698944450417e-11
-3.393635025772390179e-11
-3.494728464947804980e-11
-3.584106622600558012e-11
-3.661469738514000483e-11
-3.726574604456800444e-11
-3.779236298906418767e-11
-3.819330962606670710e-11
-3.846792329120773957e-11
-3.861613806499519796e-11
-3.863847783391882729e-11
-3.853605629045020464e-11
-3.831055264691407558e-11
-3.796422551327616191e-11
-3.749987820267364214e-11
-3.692082403694563197e-11
-3.623086206050452063e-11
-3.543429091812377862e-11
-3.453584987433977460e-11
-3.354065636340664014e-11
-3.245424762265969321e-11
-3.128246967021297564e-11
-3.003148771330010902e-11
-2.870771675933525557e-11
-2.731780600340183440e-11
-2.586857637820738631e-11
-2.436700667629576600e-11
-2.282015895693767504e-11
-2.123517160723675801e-11
-1.961918821846708738e-11
-1.797934544300883175e-11
-1.632270187068574074e-11
-1.465622762042428917e-11
-1.298675229854939772e-11
-1.132094591682619722e-11
-9.665265116032273340e-12
-8.025953165957666613e-12
-6.408971443827571335e-12
-4.820022419388392265e-12
-3.264483735415657506e-12
-1.747391511000562225e-12
-2.734326437145440103e-13
1.153054865130065387e-12
2.528128097492587933e-12
3.848240302806171798e-12
5.110219539194993388e-12
6.311305211087470113e-12
7.449141130322356474e-12
8.521765758329191698e-12
9.527615675575251686e-12
1.046551994371425209e-11
1.133468492675593353e-11
1.213467867855477778e-11
1.286542834072479380e-11
1.352720192804302002e-11
1.412057883815043269e-11
1.464643337167892412e-11
1.510594080378346860e-11
1.550051753618220118e-11
1.583183410758248755e-11
1.610178310129661838e-11
1.631243924660186195e-11
1.646605247984656017e-11
1.656501498470408507e-11
1.661185598800241081e-11
1.660920359580764227e-11
1.655977438508315913e-11
1.646633523977314439e-11
1.633170161607910842e-11
1.615869243964951352e-11
1.595014571809105774e-11
1.570886649926439560e-11
1.543763901434846986e-11
1.513917984030666020e-11
1.481615524712154297e-11
1.447114737068710966e-11
1.410664206974443502e-11
1.372503326269036705e-11
1.332859864144886330e-11
1.291951094717358473e-11
1.249981541884270797e-11
1.207143239534413937e-11
1.163615731547551491e-11
1.119565204432682037e-11
1.075144834272734329e-11
1.030495480613957682e-11
9.857451660488791845e-12
9.410091629524774959e-12
8.963921618865278163e-12
8.519860164590831175e-12
8.078725188820357062e-12
7.641231397625958266e-12
7.208000255692903480e-12
6.779565190490055571e-12
6.356379398525513480e-12
5.938822784240516128e-12
5.527212802031167271e-12
5.121806624652780471e-12
4.722813719965079926e-12
4.330402789826104382e-12
3.944706106900897069e-12
3.565837946098437961e-12
3.193892199326864301e-12
2.828948880706505520e-12
2.471081499144656135e-12
2.120359009899486225e-12
1.776862836554149450e-12
1.440683726830482847e-12
1.111925438876393279e-12
7.907094033351991236e-13
4.771793854149719571e-13
1.715003464762554497e-13
-1.261371920541903835e-13
-4.155176365743667999e-13
-6.963971500156818095e-13
-9.685059828776210189e-13
-1.231550451896712417e-12
-1.485212452155548757e-12
-1.729152953634793821e-12
-1.963008748606664966e-12
-2.186402751555571733e-12
-2.398943457077029606e-12
-2.600230360888522441e-12
-2.789855586132761189e-12
-2.967408003345939349e-12
-3.132478000947291896e-12
-3.284663990452130200e-12
-3.423575442237924982e-12
-3.548837656033865251e-12
-3.660097832453024225e-12
-3.757029843481918263e-12
-3.839335099842244858e-12
-3.906752525650869501e-12
-3.959060076302867159e-12
-3.996080810003688200e-12
-4.017684622492634361e-12
-4.023793884894155681e-12
-4.014385612122195468e-12
-3.989494932327142251e-12
-3.949218122661912744e-12
-3.893712609281951842e-12
-3.823204339920005523e-12
-3.737983013396561915e-12
-3.638406850109410229e-12
-3.524898905746254307e-12
-3.397951624933837067e-12
-3.258124239152726531e-12
-3.106040164652101865e-12
-2.942389821375401837e-12
-2.767923477225986417e-12
-2.583450597545833283e-12
-2.389835941987716872e-12
-2.187997829791732407e-12
-1.978903152455302461e-12
-1.763561302201011038e-12
-1.543021353050955113e-12
-1.318365338773275219e-12
-1.090703590812813761e-12
-8.611673657163421147e-13
-6.309039120126758160e-13
-4.010695313187706557e-13
-1.728223141851670253e-13
5.268504274340279903e-14
2.743117148359952573e-13
4.909359594199025345e-13
7.014615667835788493e-13
9.048273198405953899e-13
1.100010707522081077e-12
1.286036923654754194e-12
1.461984287971784813e-12
1.626991618687567698e-12
1.780263761928801980e-12
1.921077446426222579e-12
2.048785403482855649e-12
2.162821354304012011e-12
2.262704997327280587e-12
2.348043634525787127e-12
2.418535207174277168e-12
2.473973283179109472e-12
2.514247057078256020e-12
2.539340482679564026e-12
2.549332706741624932e-12
2.544398936335512396e-12
2.524807836759568325e-12
2.490919796815926901e-12
2.443183459363562626e-12
2.382132035030903872e-12
2.308379832768880924e-12
2.222616188318760067e-12
2.125600043201281153e-12
2.018155391067533166e-12
1.901163037762443331e-12
1.775553662430873203e-12
1.642300661783280269e-12
1.502412885941162290e-12
1.356926181660111919e-12
1.206894285031567815e-12
1.053381340487824502e-12
8.974535524453042257e-13
7.401706201073943170e-13
5.825777143683708026e-13
4.256978070830280680e-13
2.705241087565257718e-13
1.180125197867629150e-13
-3.092541007347973658e-14
-1.754289801533109872e-13
-3.146945052635852225e-13
-4.479798151359182246e-13
-5.746098041825575820e-13
-6.939798128519081288e-13
-8.055592868108640836e-13
-9.088937827188281471e-13
-1.003607678733142716e-12
-1.089404391349524381e-12
-1.166067459604236412e-12
-1.233459840342676639e-12
-1.291522227706010106e-12
-1.340272077349213831e-12
-1.379800353834559346e-12
-1.410269470647484980e-12
-1.431907760765516180e-12
-1.445006115631530808e-12
-1.449913865185503692e-12
-1.447032489491906215e-12
-1.436810414569278382e-12
-1.419736615597411156e-12
-1.396335087486266779e-12
-1.367158448083161115e-12
-1.332780999278859735e-12
-1.293793739677584487e-12
-1.250796558341371600e-12
-1.204392163257905768e-12
-1.155181094010526710e-12
-1.103754674464108021e-12
-1.050690675956367226e-12
-9.965476794465688570e-13
-9.418595460844447764e-13
-8.871326524946543390e-13
-8.328411202872254560e-13
-7.794230755600595195e-13
-7.272786431249123051e-13
-6.767677238929403760e-13
-6.282072843692698694e-13
-5.818710856024533751e-13
-5.379886531924060744e-13
-4.967448978196453702e-13
-4.582809826070288750e-13
-4.226944586450259722e-13
-3.900410810303567288e-13
-3.603361099085988783e-13
-3.335566415088586645e-13
-3.096436139177899394e-13
-2.885049783709486837e-13
-2.700182471278983476e-13
-2.540338544989445557e-13
-2.403784636617611881e-13
-2.288582463729621486e-13
-2.192624879403248794e-13
-2.113670160121608466e-13
-2.049377648919575856e-13
-1.997341772226948753e-13
-1.955126463287423788e-13
-1.920296875072141640e-13
-1.890448789263615703e-13
-1.863237483138574513e-13
-1.836406596450804174e-13
-1.807810493100955873e-13
-1.775434996503094665e-13
-1.737423003861024440e-13
-1.692084379513111858e-13
-1.637913979793403918e-13
-1.573599784547921598e-13
-1.498034281257470957e-13
-1.410317040017802781e-13
-1.309760947702104383e-13
-1.195891259284098673e-13
-1.068442141943619361e-13
-9.273550487633522299e-14
-7.727701128740910308e-14
-6.050191001406163283e-14
-4.246142960894275231e-14
-2.322358681771698186e-14
-2.872108729638040911e-15
1.849503216593342825e-14
4.076719769597648979e-14
6.382277383453968667e-14
8.753079912358213699e-14
1.117525600595296875e-13
1.363433563099369916e-13
1.611542523776224312e-13
1.860337242327175789e-13
2.108292788396623485e-13
2.353891007892544573e-13
2.595635024190551254e-13
2.832064552489577114e-13
3.061770129965390996e-13
3.283403280165964055e-13
3.495690065538625824e-13
3.697441116300159702e-13
3.887560846155269090e-13
4.065054499610698535e-13
4.229034386137725532e-13
4.378725572233566066e-13
4.513472657684952649e-13
4.632738962416504958e-13
4.736107881743445436e-13
4.823284783725401148e-13
4.894098364419119385e-13
4.948492245311630899e-13
4.986528768027853609e-13
5.008381404915385193e-13
5.014332590640158127e-13
5.004764506467973550e-13
4.980153659253638843e-13
4.941068713036622650e-13
4.888156394412812578e-13
4.822136071523652756e-13
4.743793790944195177e-13
4.653973604065719805e-13
4.553561304063147297e-13
4.443482799591780275e-13
4.324696254321552802e-13
4.198180431763676168e-13
4.064922497996198425e-13
3.925915311158573173e-13
3.782149289935365921e-13
3.634601300483986108e-13
3.484230048575454042e-13
3.331966321774848527e-13
3.178709465784246291e-13
3.025319252926428337e-13
2.872612358487819373e-13
2.721354229202194164e-13
2.572257727997961929e-13
2.425978255088390156e-13
2.283110495365087145e-13
2.144186114468385473e-13
2.009672810110441077e-13
1.879970517367629546e-13
1.755413306034347976e-13
1.636267347743941558e-13
1.522731729120332944e-13
1.414941568859268139e-13
1.312965984849243095e-13
1.216812566505465210e-13
1.126428594497297375e-13
1.041703886778960753e-13
9.624748643476815912e-14
8.885264485974930793e-14
8.195982277190913545e-14
7.553873027305382792e-14
6.955515400837788964e-14
6.397153992513185394e-14
5.874745405854558955e-14
5.383995861445688147e-14
4.920425232621955525e-14
4.479411768809962724e-14
4.056217506515948090e-14
3.646063485851502861e-14
3.244164648290998043e-14
2.845770494253052618e-14
2.446225053033199148e-14
2.040997206583395479e-14
1.625720669467135143e-14
1.196239389825420191e-14
7.486275393543163903e-15
2.792389165016018367e-15
-2.152759222918748314e-15
-7.379378988566723946e-15
-1.291415315207407669e-14
-1.878011635092491360e-14
-2.499630649764172236e-14
-3.157782195450931084e-14
-3.853566229138072341e-14
-4.587672405051250457e-14
-5.360357543580072937e-14
-6.171472566925823022e-14
-7.020441492684367790e-14
-7.906274647560135316e-14
-8.827581542266912940e-14
-9.782597637768980503e-14
-1.076914775345778896e-13
-1.178472873756761241e-13
-1.282646000045142842e-13
-1.389115331009577181e-13
-1.497532024601067047e-13
-1.607518642938315923e-13
-1.718672675964788565e-13
-1.830569116428870657e-13
-1.942760730934411928e-13
-2.054785513830661992e-13
-2.166165060909011619e-13
-2.276411210141299213e-13
-2.385025228528181440e-13
-2.491504181786896588e-13
-2.595341747502893925e-13
-2.696031332211079601e-13
-2.793069324002334097e-13
-2.885957803028943447e-13
-2.974208336212202930e-13
-3.057342790394046439e-13
-3.134897127044650178e-13
-3.206423299616234512e-13
-3.271491692997952061e-13
-3.329695460324577638e-13
-3.380650251925965133e-13
-3.423996654781935600e-13
-3.459406968785855296e-13
-3.486577075228342038e-13
-3.505240260374964389e-13
-3.515160168152120512e-13
-3.516136763258986830e-13
-3.508008770622406125e-13
-3.490652591194715049e-13
-3.463983115105373489e-13
-3.427958871621283876e-13
-3.382578776540273724e-13
-3.327885384797613089e-13
-3.263963535213298961e-13
-3.190945229401831451e-13
-3.109004481811894482e-13
-3.018361114433959491e-13
-2.919280485749742304e-13
-2.812072135479487534e-13
-2.697091139834684181e-13
-2.574735401012634428e-13
-2.445447544550255481e-13
-2.309711395667018996e-13
-2.168054283194567611e-13
-2.021043244869111244e-13
-1.869284485230340853e-13
-1.713421342742355025e-13
-1.554132663490401245e-13
-1.392130632776530930e-13
-1.228158064614168210e-13
-1.062986368849036523e-13
-8.974127051284558343e-14
-7.322564592442820652e-14
-5.683559227637538513e-14
-4.065647354911140765e-14
-2.477474639556252051e-14
-9.277571353034138463e-15
5.747691141392771708e-15
2.021396017150983715e-14
3.403488157537742920e-14
4.712537597564153691e-14
5.940227828940894406e-14
7.078482223109305860e-14
8.119524339987235773e-14
9.055930105198589652e-14
9.880698283214542355e-14
1.058729858882494212e-13
1.116972521962057707e-13
1.162256461862895551e-13
1.194105036204928805e-13
1.212109297481223091e-13
1.215935717998467558e-13
1.205329374720856550e-13
1.180118015028236433e-13
1.140215309322623050e-13
1.085625323362163219e-13
1.016443670225943008e-13
9.328607629205051821e-14
8.351616110919418690e-14
7.237279216676037463e-14
5.990380310934642627e-14
4.616657533693113713e-14
3.122786521015351313e-14
1.516358382174648467e-14
-1.941344881481758475e-15
-1.999358930368858034e-14
-3.889163296966202665e-14
-5.852645299821157554e-14
-7.878196521798191965e-14
-9.953586484765311604e-14
-1.206601957020811411e-13
-1.420222175540358789e-13
-1.634852734959391096e-13
-1.849096505253389200e-13
-2.061534536829112696e-13
-2.270737444647411007e-13
-2.475274217365874829e-13
-2.673723330411104104e-13
-2.864681148545544787e-13
-3.046775884970459591e-13
-3.218673971013691348e-13
-3.379093337606275949e-13
-3.526811275748192864e-13
-3.660677175883891854e-13
-3.779616864710982904e-13
-3.882644802454676691e-13
-3.968871130181905738e-13
-4.037508988165988688e-13
-4.087878852695320253e-13
-4.119418564943466698e-13
-4.131683873070252089e-13
-4.124353853232620715e-13
-4.097232806938438943e-13
-4.050254055754098914e-13
-3.983478043950716696e-13
-3.897091254301959795e-13
-3.791408647538935250e-13
-3.666868241339327206e-13
-3.524026773518706968e-13
-3.363557533626188034e-13
-3.186243857731391182e-13
-2.992974249514668283e-13
-2.784733435599179296e-13
-2.562596131388400478e-13
-2.327719451650916982e-13
-2.081332204023969568e-13
-1.824725673294988471e-13
-1.559244947784213520e-13
-1.286277806272426161e-13
-1.007246722009927375e-13
-7.235949036135669310e-14
-4.367774859240919350e-14
-1.482506032811272551e-14
1.405397489600808750e-14
4.281665151009868275e-14
7.132323702994936010e-14
9.943792073389620678e-14
1.270296666249989825e-13
1.539731612609090972e-13
1.801494608870413128e-13
2.054467842594123739e-13
2.297610615219908281e-13
2.529964898603104251e-13
2.750661027076106713e-13
2.958919730327441711e-13
3.154057147836814012e-13
3.335484828875107111e-13
3.502712985110900679e-13
3.655349406408298085e-13
3.793099460826926395e-13
3.915764197268134517e-13
4.023240345474993207e-13
4.115516250274148247e-13
4.192671058424191077e-13
4.254867400250994525e-13
4.302348408091738463e-13
4.335434463688392359e-13
4.354517777176852844e-13
4.360054255570650072e-13
4.352559979103887144e-13
4.332606322321463921e-13
4.300812093613326503e-13
4.257837843153061685e-13
4.204375562977258340e-13
4.141151397490938635e-13
4.068909922536056989e-13
3.988412248037698227e-13
3.900429241740499542e-13
3.805734210843986220e-13
3.705100191497140427e-13
3.599289377827219472e-13
3.489052308788126444e-13
3.375118381391400968e-13
3.258196663857848563e-13
3.138967493050703883e-13
3.018080848172371988e-13
2.896152556056824645e-13
2.773762122765255356e-13
2.651449209929018780e-13
2.529714447901260099e-13
2.409016725251483804e-13
2.289772646664467448e-13
2.172356939516076335e-13
2.057102860449078197e-13
1.944302872999500997e-13
1.834210273899891663e-13
1.727040548332031689e-13
1.622973402806010546e-13
1.522155069089842216e-13
1.424701285765439529e-13
1.330699873208773809e-13
1.240213444095306095e-13
1.153282384955961470e-13
1.069928041021010745e-13
9.901548168617796408e-14
9.139538355729809327e-14
8.413053104649667602e-14
7.721809167559809395e-14
7.065458922138681541e-14
6.443613410856904866e-14
5.855858604009861468e-14
5.301758787849483734e-14
4.780866051353263591e-14
4.292733161125050767e-14
3.836904413439222450e-14
3.412911907295715364e-14
3.020275544420025771e-14
2.658473044296876669e-14
2.326944687554722418e-14
2.025065702691668246e-14
1.752125090251788891e-14
1.507313425550688146e-14
1.289699395862859907e-14
1.098204135323386371e-14
9.315874182908977924e-15
7.884241118316388103e-15
6.670955359834064569e-15
5.657782405689990371e-15
4.824279962735130226e-15
4.147815734135322854e-15
3.603559372558282070e-15
3.164518902590328711e-15
2.801659093590769430e-15
2.484064513534243145e-15
2.179126299775590615e-15
1.852821044647737919e-15
1.470028962212508849e-15
9.948749249010131745e-16
3.911069548921713079e-16
-3.774631334662562499e-16
-1.346508159217663959e-15
-2.550701230769449393e-15
-4.023262503856893380e-15
-5.795408742476342717e-15
-7.895870880682189646e-15
-1.035038940270854510e-14
-1.318119807638788721e-14
-1.640660128371038140e-14
-2.004046410698963332e-14
-2.409174646074169895e-14
-2.856416343147323567e-14
-3.345582613571186636e-14
-3.875883514419149745e-14
-4.445899757284793585e-14
-5.053557466700060730e-14
-5.696106834904984817e-14
-6.370113990331396914e-14
-7.071443040504443722e-14
-7.795242858328610414e-14
-8.535956907669908778e-14
-9.287334085377602078e-14
-1.004242194502062702e-13
-1.079358499279925443e-13
-1.153256364103821818e-13
-1.225045862278048570e-13
-1.293780891881840533e-13
-1.358459243532006422e-13
-1.418031545050851827e-13
-1.471406140375955407e-13
-1.517455188197389115e-13
-1.555022386898197162e-13
-1.582933681050849306e-13
-1.600004850832448255e-13
-1.605052354046454521e-13
-1.596904303669682834e-13
-1.574413884854186652e-13
-1.536472907454414227e-13
-1.482023054624748148e-13
-1.410073772155351346e-13
-1.319716227575137846e-13
-1.210139302133816930e-13
-1.080645718309208858e-13
-9.306710811078991452e-14
-7.597969562539441668e-14
-5.677711650982873726e-14
-3.545222180601804995e-14
-1.201767719762264833e-14
1.349265717329097697e-14
4.102221898760402552e-14
7.049046811752682218e-14
1.017917372028893930e-13
1.347942346933625468e-13
1.693393689161659665e-13
2.052411924224548101e-13
2.422861173842494331e-13
2.802329223706989669e-13
3.188131995814774688e-13
3.577317478700714481e-13
3.966675620782622591e-13
4.352755406545477657e-13
4.731877324866406997e-13
5.100156408310851930e-13
5.453523917176017477e-13
5.787754173494641385e-13
6.098498984453970539e-13
6.381322336865280498e-13
6.631731296925791330e-13
6.845224799316429465e-13
7.017328883772433468e-13
7.143646568383288376e-13
7.219902843982883844e-13
7.241996715853793454e-13
7.206049450723950311e-13
7.108449571156805202e-13
6.945909234064295834e-13
6.715513019804608685e-13
6.414767805482113339e-13
6.041651011944038085e-13
5.594650719260851890e-13
5.072811203217508780e-13
4.475771424490571082e-13
3.803801349420987687e-13
3.057829326118949309e-13
2.239468511891842817e-13
1.351037608610800023e-13
3.955715692071509748e-14
-6.231676280684869673e-14
-1.700693215813189885e-13
-2.831798380856231923e-13
-4.010571985190586330e-13
-5.230425467739330259e-13
-6.484112834333199960e-13
-7.763780395485253560e-13
-9.060999563506588750e-13
-1.036682892308071757e-12
-1.167187115187762192e-12
-1.296633482007758520e-12
-1.424011733183738748e-12
-1.548287539843151706e-12
-1.668411719543683169e-12
-1.783328801470418501e-12
-1.891986133734091524e-12
-1.993345375914112871e-12
-2.086388353750301405e-12
-2.170130177989171294e-12
-2.243629327464136125e-12
-2.305995455351150802e-12
-2.356400231190436401e-12
-2.394088182908205020e-12
-2.418382985189260204e-12
-2.428697217296549304e-12
-2.424539301965067395e-12
-2.405521962178802653e-12
-2.371367859022033286e-12
-2.321913277966713984e-12
-2.257115284606814321e-12
-2.177053459381794731e-12
-2.081930548097910005e-12
-1.972076148215595737e-12
-1.847943889923819860e-12
-1.710111761400734398e-12
-1.559278422526289010e-12
-1.396259193334192794e-12
-1.221981934043658846e-12
-1.037479564064414106e-12
-8.438821473208402146e-13
-6.424085981053540007e-13
-4.343580074610275954e-13
-2.210977305102182489e-13
-4.053217824036541711e-15
2.153046892248294819e-13
4.354716457224960813e-13
6.549232727318110570e-13
8.721290833610395588e-13
1.085564038834363476e-12
1.293724459158762663e-12
1.495139840927695030e-12
1.688386843529121606e-12
1.872100564848100390e-12
2.044988527474811413e-12
2.205842062827367833e-12
2.353545960551151062e-12
2.487088660019232123e-12
2.605572008151924024e-12
2.708218848831989156e-12
2.794376709192025743e-12
2.863528424795758198e-12
2.915292139638037128e-12
2.949424125070487790e-12
2.965822032408027553e-12
2.964523808726693410e-12
2.945706829501903989e-12
2.909682694438031625e-12
2.856897661149271350e-12
2.787924405223130009e-12
2.703455515007391341e-12
2.604297853758819059e-12
2.491361934461866490e-12
2.365653246211296690e-12
2.228261629030892088e-12
2.080353250777378094e-12
1.923154560948270309e-12
1.757945568628405120e-12
1.586045531021262889e-12
1.408798967240942890e-12
1.227565249971307448e-12
1.043706462401650104e-12
8.585747130612775280e-13
6.735010769573501754e-13
4.897849703935919230e-13
3.086835528940540252e-13
1.314007632086458544e-13
-4.092116795699658749e-14
-2.072103610657044515e-13
-3.664724773644323363e-13
-5.177975019240999011e-13
-6.603649918557330523e-13
-7.934489111745268719e-13
-9.164212357720691315e-13
-1.028754338661119760e-12
-1.130021640496914337e-12
-1.219900699553355672e-12
-1.298169688065953231e-12
-1.364707175391388638e-12
-1.419490501704256946e-12
-1.462591441188376695e-12
-1.494172082068534468e-12
-1.514480489801794949e-12
-1.523846370268810979e-12
-1.522674672981005894e-12
-1.511437242723845387e-12
-1.490667290125757827e-12
-1.460953645386620092e-12
-1.422930458357118955e-12
-1.377273295410930132e-12
-1.324689706885817664e-12
-1.265909469264081544e-12
-1.201681549406474758e-12
-1.132761961487871449e-12
-1.059909321768359725e-12
-9.838798612632482232e-13
-9.054175052931878742e-13
-8.252499161462423238e-13
-7.440805784020287916e-13
-6.625869015779162208e-13
-5.814137691260989893e-13
-5.011689847844724710e-13
-4.224209144369078794e-13
-3.456948811410287536e-13
-2.714710238289202993e-13
-2.001822373230016661e-13
-1.322128441883646532e-13
-6.789803907916031056e-14
-7.523655804538443431e-15
4.867374203882703088e-14
1.005061919107097523e-13
1.478331617277978127e-13
1.905601463301001552e-13
2.286365270286888629e-13
2.620533456031137742e-13
2.908411630021118244e-13
3.150669829199426175e-13
3.348315277384300570e-13
3.502667177569113166e-13
3.615316596441986441e-13
3.688095293573334654e-13
3.723052140018612288e-13
3.722411376534673355e-13
3.688544153272743653e-13
3.623944135229539842e-13
3.531180610503309447e-13
3.412885208817217908e-13
3.271716664948742803e-13
3.110342387292741595e-13
2.931405660745733943e-13
2.737508299471141937e-13
2.531193028613987206e-13
2.314919902903639359e-13
2.091058717238608589e-13
1.861874912058303355e-13
1.629509109027024727e-13
1.395974129477992043e-13
1.163148895776122682e-13
9.327782280301247231e-14
7.064553613324656145e-14
4.856325844931896896e-14
2.716156496224662875e-14
6.556887126893222451e-15
-1.314870843363005401e-14
-3.186684314863963419e-14
-4.952226576406849878e-14
-6.605237461588392422e-14
-8.140664249471629699e-14
-9.554589243268921117e-14
-1.084416166889298760e-13
-1.200750653421178704e-13
-1.304364873489644028e-13
-1.395245681143353345e-13
-1.473453520653422721e-13
-1.539117954179464176e-13
-1.592427632899490186e-13
-1.633624333897965020e-13
-1.662996726003312942e-13
-1.680872915897982378e-13
-1.687615162632855048e-13
-1.683614998717469780e-13
-1.669287809109160081e-13
-1.645068629929635762e-13
-1.611408489282650791e-13
-1.568770205970584919e-13
-1.517626085564827143e-13
-1.458454532273986692e-13
-1.391739642368078345e-13
-1.317967951572004970e-13
-1.237627892964471288e-13
-1.151208983826354504e-13
-1.059201486827525407e-13
-9.620950547741327630e-14
-8.603796792855042397e-14
-7.545448098798812619e-14
-6.450800316007768154e-14
-5.324747939664323249e-14
-4.172181738005924234e-14
-2.997996545028164261e-14
-1.807096850902235180e-14
-6.043896868981706028e-15
6.052118594284229894e-15
1.816796225181244173e-14
3.025444478277350413e-14
4.226240397139230387e-14
5.414281016254997303e-14
6.584677600266278241e-14
7.732569196495370223e-14
8.853134154593322869e-14
9.941603340253915566e-14
1.099327334892763464e-13
1.200351667021704039e-13
1.296781150343651046e-13
1.388175327726032249e-13
1.474107430088703041e-13
1.554166680333562978e-13
1.627960326223629184e-13
1.695115944312652889e-13
1.755283201773649715e-13
1.808137244530688692e-13
1.853379103834706942e-13
1.890739626496384940e-13
1.919981101189405237e-13
1.940897122925180907e-13
1.953317743013174845e-13
1.957108249333455730e-13
1.952172961044301713e-13
1.938454279905299504e-13
1.915935400782775577e-13
1.884640040599253052e-13
1.844633929111438864e-13
1.796024808910223758e-13
1.738962570945953856e-13
1.673639390053702214e-13
1.600289318377454140e-13
1.519187201167934709e-13
1.430649354408966567e-13
1.335031125362581839e-13
1.232725672841578080e-13
1.124162950769981573e-13
1.009808691743510622e-13
8.901602057461571738e-14
7.657463123875510314e-14
6.371243593469855249e-14
5.048769358855821621e-14
3.696097383232635480e-14
2.319486054234379951e-14
9.253709587877037568e-15
-4.796792049530833671e-15
-1.888985455143939174e-14
-3.295794016931578863e-14
-4.693314693045985697e-14
-6.074738693843950710e-14
-7.433288061681544989e-14
-8.762249552232009853e-14
-1.005499869022145887e-13
-1.130503703887855704e-13
-1.250603217988963123e-13
-1.365184820658477127e-13
-1.473657079611306875e-13
-1.575454718939772736e-13
-1.670041736194852189e-13
-1.756912893164166989e-13
-1.835597646104858427e-13
-1.905662585198475423e-13
-1.966712925328961692e-13
-2.018395216588086960e-13
-2.060400190306149737e-13
-2.092463301153063560e-13
-2.114367302118516645e-13
-2.125942651087786572e-13
-2.127070492397714618e-13
-2.117680759482903907e-13
-2.097755563007508428e-13
-2.067328377713603671e-13
-2.026484313471729748e-13
-1.975359302129262029e-13
-1.914141588288398310e-13
-1.843069560901813841e-13
-1.762431753272661328e-13
-1.672565894377670004e-13
-1.573857147038615345e-13
-1.466737430295961264e-13
-1.351682573378157337e-13
-1.229211367024737878e-13
-1.099883259556705406e-13
-9.642958496590067763e-14
-8.230830567893671068e-14
-6.769104455564209366e-14
-5.264744464494007514e-14
-3.724977479789039203e-14
-2.157264675868488663e-14
-5.692650516963713644e-15
1.031200356360487472e-14
2.636186082795310970e-14
4.237669582103122112e-14
5.827584644230512922e-14
7.397865821453727952e-14
8.940499843278562619e-14
1.044755102742878083e-13
1.191122531553692743e-13
1.332389331244049346e-13
1.467815398305954977e-13
1.596685430356112323e-13
1.718314618197325228e-13
1.832051220798658342e-13
1.937279953427226142e-13
2.033426459982154433e-13
2.119959616924196877e-13
2.196393701680079968e-13
2.262292458400649853e-13
2.317268826910329205e-13
2.360988195313634685e-13
2.393169484197349428e-13
2.413585553206337719e-13
2.422063743144631243e-13
2.418486689127058442e-13
2.402791236377072037e-13
2.374968169176205901e-13
2.335063024015704425e-13
2.283170939636203212e-13
2.219439367533160290e-13
2.144063328572351490e-13
2.057284193262426397e-13
1.959388326502192745e-13
1.850703699448827400e-13
1.731595552709186414e-13
1.602466531865076593e-13
1.463750995411849942e-13
1.315912304252972453e-13
1.159439569093506650e-13
9.948443300709583492e-14
8.226566265224014018e-14
6.434224220043180398e-14
4.576990641960015926e-14
2.660516765392011845e-14
6.905090936564677387e-15
-1.327320110105275480e-14
-3.387266460158286363e-14
-5.483678086810363228e-14
-7.610969146587542866e-14
-9.763649171925722903e-14
-1.193635305613699460e-13
-1.412385291187090441e-13
-1.632107535058657799e-13
-1.852311977846438085e-13
-2.072527398181214786e-13
-2.292301006130703644e-13
-2.511199798452268261e-13
-2.728811100694006342e-13
-2.944742431669478133e-13
-3.158621096881891743e-13
-3.370093646423016898e-13
-3.578825874973184940e-13
-3.784501195498030102e-13
-3.986817657692515171e-13
-4.185491471637992067e-13
-4.380252942044055020e-13
-4.570844570894738723e-13
-4.757018889044173360e-13
-4.938533848357351541e-13
-5.115161224276965068e-13
-5.286672792245705743e-13
-5.452845206616041551e-13
-5.613453495437181751e-13
-5.768274313061594327e-13
-5.917080519134143568e-13
-6.059636841783400119e-13
-6.195703672329244682e-13
-6.325035438979609292e-13
-6.447371391112011185e-13
-6.562442104486587713e-13
-6.669966770740665130e-13
-6.769650486883327378e-13
-6.861184255295416090e-13
-6.944246610032789313e-13
-7.018500364219804055e-13
-7.083598573161264955e-13
-7.139175318623958155e-13
-7.184858719262721127e-13
-7.220260088598717818e-13
-7.244984234940077261e-13
-7.258626750876462363e-13
-7.260776723784501119e-13
-7.251017820029959093e-13
-7.228934248079688096e-13
-7.194101542783160053e-13
-7.146105538910485500e-13
-7.084532071231774975e-13
-7.008976190235605142e-13
-6.919039993724673820e-13
-6.814339674129921143e-13
-6.694507144813788280e-13
-6.559194376878907384e-13
-6.408068520258325407e-13
-6.240824914141573920e-13
-6.057184918570324150e-13
-5.856899709145990673e-13
-5.639756782242766331e-13
-5.405574533996759801e-13
-5.154210391822289239e-13
-4.885562440715141008e-13
-4.599572675859087134e-13
-4.296226189474255941e-13
-3.975558760232339450e-13
-3.637653058548989682e-13
-3.282644067594681081e-13
-2.910717728041994912e-13
-2.522116359076481684e-13
-2.117133779486884970e-13
-1.696121541827633195e-13
-1.259486492963951543e-13
-8.076954496937308048e-14
-3.412709974641089938e-14
1.392097124153137550e-14
6.331118626318882336e-14
1.139744630054492780e-13
1.658359457786320879e-13
2.188155526997720424e-13
2.728277402174600352e-13
3.277819096876577465e-13
3.835825428989692032e-13
4.401292156251679355e-13
4.973169770959573466e-13
5.550364855222422733e-13
6.131742791466721076e-13
6.716128304537494209e-13
7.302316845821110736e-13
7.889062667021384812e-13
8.475096709495422154e-13
9.059117388535153914e-13
9.639804145894492748e-13
1.021581365508172912e-12
1.078578198976387625e-12
1.134833871839491248e-12
1.190209823059840133e-12
1.244567383179573383e-12
1.297766906958874866e-12
1.349669508099449189e-12
1.400135866622131964e-12
1.449028288851017532e-12
1.496210056892155471e-12
1.541546512835723082e-12
1.584904516654939144e-12
1.626153096727367409e-12
1.665164534037089084e-12
1.701814904275789075e-12
1.735982993640583505e-12
1.767551925137278435e-12
1.796409267000587118e-12
1.822448225316519732e-12
1.845566234559559149e-12
1.865666909156571407e-12
1.882661127688978198e-12
1.896464539227760149e-12
1.907000815939974281e-12
1.914201002567450516e-12
1.918004600628964162e-12
1.918358050537194437e-12
1.915217333683938428e-12
1.908547321918807604e-12
1.898322644910965806e-12
1.884526389106522259e-12
1.867153350335049034e-12
1.846207214883932579e-12
1.821702944743153196e-12
1.793666235504198792e-12
1.762133950040933872e-12
1.727153684828730551e-12
1.688784203625337543e-12
1.647095437470880164e-12
1.602168484687860328e-12
1.554095394040722056e-12
1.502979923677372209e-12
1.448936023246139015e-12
1.392088375996858307e-12
1.332570880897832044e-12
1.270528712619956035e-12
1.206115719451505974e-12
1.139494206457702941e-12
1.070835369161582395e-12
1.000316691458780216e-12
9.281240056016604179e-13
8.544479685422545767e-13
7.794852545546515632e-13
7.034369831418474384e-13
6.265069301021608528e-13
5.489018527898847921e-13
4.708296469715933519e-13
3.924994281413046737e-13
3.141186312796695468e-13
2.358940408460352689e-13
1.580289176426885600e-13
8.072335118056161996e-14
4.172443640593215264e-15
-7.143445584405563875e-14
-1.459150047967636143e-13
-2.190945043662254066e-13
-2.908067395831354096e-13
-3.608948534981892831e-13
-4.292120044796510214e-13
-4.956232906722091158e-13
-5.600043540866794789e-13
-6.222433050588616066e-13
-6.822411017202989481e-13
-7.399116584184961543e-13
-7.951816288764845808e-13
-8.479907856635826580e-13
-8.982936464986546188e-13
-9.460566011143534126e-13
-9.912602422917915490e-13
-1.033898119028042739e-12
-1.073975977594621156e-12
-1.111512466268893551e-12
-1.146536966929734280e-12
-1.179090679259697794e-12
-1.209225102861977152e-12
-1.237001495159317788e-12
-1.262489787191845014e-12
-1.285767499414891546e-12
-1.306918874337259506e-12
-1.326034984941437678e-12
-1.343211566279256530e-12
-1.358547822849498488e-12
-1.372146320177680678e-12
-1.384111141672361711e-12
-1.394547238103838183e-12
-1.403559451822189441e-12
-1.411251215714670604e-12
-1.417724444785495308e-12
-1.423076934070621746e-12
-1.427403768100576897e-12
-1.430794827235459810e-12
-1.433334245563855358e-12
-1.435101278264572233e-12
-1.436168241622515218e-12
-1.436600079347816195e-12
-1.436454362575834143e-12
-1.435781181446937893e-12
-1.434622928266071629e-12
-1.433014405922972134e-12
-1.430982068950648056e-12
-1.428544457206248897e-12
-1.425712954812585753e-12
-1.422490922796393331e-12
-1.418874458029850683e-12
-1.414853585852970941e-12
-1.410411392711863332e-12
-1.405525435621557406e-12
-1.400168067426654783e-12
-1.394306653641763649e-12
-1.387904656653671243e-12
-1.380923045184168085e-12
-1.373318559566572006e-12
-1.365046747511811098e-12
-1.356061964108423723e-12
-1.346318022343861998e-12
-1.335768301524709045e-12
-1.324367156739503226e-12
-1.312069593598086392e-12
-1.298833545056166106e-12
-1.284619004053577651e-12
-1.269388999296239273e-12
-1.253109486835934927e-12
-1.235750759533138510e-12
-1.217287555477231109e-12
-1.197698732725849258e-12
-1.176968461927274667e-12
-1.155085358958696240e-12
-1.132043677548599803e-12
-1.107842658755464615e-12
-1.082486747808197869e-12
-1.055986136207220927e-12
-1.028356111203165835e-12
-9.996168389564408230e-13
-9.697936897978820525e-13
-9.389170213883191174e-13
-9.070215281972715538e-13
-8.741461872928402155e-13
-8.403342583417072742e-13
-8.056328499282672251e-13
-7.700919437726716499e-13
-7.337654789330017024e-13
-6.967095628716835076e-13
-6.589829593464657798e-13
-6.206465463093335799e-13
-5.817628822256393217e-13
-5.423952845022561586e-13
-5.026091305301849665e-13
-4.624699061206438699e-13
-4.220435036606656753e-13
-3.813960052726633743e-13
-3.405932762386154611e-13
-2.997006397394141874e-13
-2.587827684346483137e-13
-2.179034676221686118e-13
-1.771252415572188710e-13
-1.365093070049630541e-13
-9.611559324048529751e-14
-5.600227448660302643e-14
-1.622579024265768943e-14
2.315902596647725908e-14
6.209938704752893113e-14
1.005443626034448201e-13
1.384450280111915177e-13
1.757542001474751703e-13
2.124267558731296468e-13
2.484193406537826831e-13
2.836903346785379920e-13
3.182000832529369161e-13
3.519102598301820928e-13
3.847842725869521363e-13
4.167872102132930134e-13
4.478852184963688643e-13
4.780457713710051237e-13
5.072373727640910879e-13
5.354295023844712897e-13
5.625927783532713722e-13
5.886982524724859722e-13
6.137178981159563396e-13
6.376240681282840939e-13
6.603896574551570975e-13
6.819878863029149585e-13
7.023923001385490306e-13
7.215767154795937888e-13
7.395155451547785752e-13
7.561828225220723620e-13
7.715533940910734856e-13
7.856023232118147792e-13
7.983050527050894463e-13
8.096381095938631756e-13
8.195779124808844074e-13
8.281022894317258132e-13
8.351894479827204343e-13
8.408195472341117860e-13
8.449738304883158690e-13
8.476353299813332853e-13
8.487892463535096077e-13
8.484228402293181315e-13
8.465264622094237357e-13
8.430929565594880160e-13
8.381189622527762673e-13
8.316046419196143624e-13
8.235543865788008677e-13
8.139768156376070429e-13
8.028858068838407025e-13
7.903002254353030942e-13
7.762446284712010147e-13
7.607496989130158038e-13
7.438523538447205929e-13
7.255965034543010450e-13
7.060327799832122331e-13
6.852193508780080045e-13
6.632221356307754778e-13
6.401146973589177946e-13
6.159785138556972406e-13
5.909037907418646096e-13
5.649887567342470884e-13
5.383403141670517478e-13
5.110737137312137968e-13
4.833127713148310800e-13
4.551898680031640776e-13
4.268454350826039745e-13
3.984280624608899091e-13
3.700942818266744760e-13
3.420078348130572987e-13
3.143394019470419076e-13
2.872663587040469313e-13
2.609718539360594836e-13
2.356442948756032330e-13
2.114764391164189461e-13
1.886646627769980600e-13
1.674077678781929479e-13
1.479060201137888386e-13
1.303598613604239898e-13
1.149688525804715145e-13
1.019299729798812948e-13
9.143632574183657713e-14
8.367541007954157339e-14
7.882774565471512007e-14
7.706484647478084593e-14
7.854738452543752469e-14
8.342341438960163003e-14
9.182638780217897145e-14
1.038733240588986251e-13
1.196625670730686042e-13
1.392719761132005241e-13
1.627567302936103188e-13
1.901476751661052011e-13
2.214493779323367662e-13
2.566382978526349223e-13
2.956608211295702615e-13
3.384322986785259779e-13
3.848351216688417065e-13
4.347174475862608523e-13
4.878930918127133420e-13
5.441398742180025838e-13
6.031992396890450969e-13
6.647766104955765698e-13
7.285409797143371780e-13
7.941252906998319538e-13
8.611284428583498851e-13
9.291147495468776718e-13
9.976165943684223159e-13
1.066135678004509479e-12
1.134146162401483693e-12
1.201096730754636077e-12
1.266414599056242540e-12
1.329507901340343246e-12
1.389769918071215304e-12
1.446583846632931714e-12
1.499326379196530556e-12
1.547372906890442934e-12
1.590102507130486398e-12
1.626904448832899863e-12
1.657181661861295563e-12
1.680357133819476712e-12
1.695880632104906915e-12
1.703232498616313872e-12
1.701930371807158782e-12
1.691535800318888505e-12
1.671656953486366781e-12
1.641957186535036861e-12
1.602157208985266479e-12
1.552041589865382765e-12
1.491462443999058696e-12
1.420342250930961558e-12
1.338678516996094636e-12
1.246546377405011174e-12
1.144099788866204115e-12
1.031574890612840800e-12
9.092887033601559921e-13
7.776406471884933502e-13
6.371117283916760687e-13
4.882633468546171418e-13
3.317348294933769592e-13
1.682406655396234685e-13
-1.432681691381290645e-15
-1.764315147971540210e-13
-3.558395711335954337e-13
-5.386838978355124041e-13
-7.239407098964811826e-13
-9.105428000130699751e-13
-1.097387697206186896e-12
-1.283343982298734698e-12
-1.467261750466575254e-12
-1.647979279081890347e-12
-1.824333002373168533e-12
-1.995165968202150530e-12
-2.159338246404685080e-12
-2.315736578190064066e-12
-2.463281531875360919e-12
-2.600938344907155475e-12
-2.727725597478913855e-12
-2.842722801946195865e-12
-2.945077992241862397e-12
-3.034017698536062291e-12
-3.108852151406660269e-12
-3.168981787052271848e-12
-3.213903969345732747e-12
-3.243214507717140371e-12
-3.256616981292537183e-12
-3.253919486287393248e-12
-3.235042008581379136e-12
-3.200016640558800418e-12
-3.148986713746859678e-12
-3.082206581975222015e-12
-3.000038585609932085e-12
-2.902953051553414099e-12
-2.791524173276216381e-12
-2.666423722444410949e-12
-2.528417579472641563e-12
-2.378359445151523310e-12
-2.217185202796345678e-12
-2.045902726746651190e-12
-1.865585160312766000e-12
-1.677362892679723494e-12
-1.482414017928146421e-12
-1.281955119315780767e-12
-1.077231186197291635e-12
-8.695060188350367536e-13
-6.600523621592968571e-13
-4.501420395285060660e-13
-2.410361406995908951e-13
-3.397541308621659928e-14
1.698289675122061082e-13
3.692044228936069983e-13
5.630254834403103370e-13
7.502218247676384344e-13
9.297856538512117019e-13
1.100778431080418063e-12
1.262337023105741807e-12
1.413679611740603637e-12
1.554108187626357385e-12
1.683014947025107677e-12
1.799883050761230674e-12
1.904289876827891526e-12
1.995907996168999610e-12
2.074505497939860277e-12
2.139946423188043845e-12
2.192187403826650893e-12
2.231276578432139779e-12
2.257352291201719652e-12
2.270638538304226017e-12
2.271440414230996296e-12
2.260140208668048878e-12
2.237191768644786194e-12
2.203114860682697795e-12
2.158489966624932421e-12
2.103949176338049121e-12
2.040174886669410270e-12
1.967887007861546245e-12
1.887840144626506955e-12
1.800814163586961225e-12
1.707609205946203357e-12
1.609037230711207744e-12
1.505915617899811210e-12
1.399061855950067823e-12
1.289285301783738014e-12
1.177382518736946881e-12
1.064131096607801030e-12
9.502848811668296314e-13
8.365689868269909901e-13
7.236749719440049855e-13
6.122577488401614865e-13
5.029311927855217856e-13
3.962662717491710618e-13
2.927881461584069811e-13
1.929742037823020673e-13
9.725286033305038935e-14
6.002566743353379697e-15
-8.044848560104581048e-14
-1.618223377563079990e-13
-2.378908701972104467e-13
-3.084747355556333170e-13
-3.734424878706898987e-13
-4.327083396454822761e-13
-4.862310098822930637e-13
-5.340108780518826315e-13
-5.760879512144156944e-13
-6.125393703544645962e-13
-6.434756698835142341e-13
-6.690393139670292033e-13
-6.894002512955466067e-13
-7.047540177308742049e-13
-7.153175621277263474e-13
-7.213274574001393713e-13
-7.230355637127816593e-13
-7.207069684968259171e-13
-7.146166254232144688e-13
-7.050468065275539153e-13
-6.922841206541407999e-13
-6.766176703122683822e-13
-6.583361785404695521e-13
-6.377259831324977313e-13
-6.150690308633077752e-13
-5.906409259251454991e-13
-5.647095746748320710e-13
-5.375335593305052839e-13
-5.093607827189039483e-13
-4.804279803843902741e-13
-4.509590942856911422e-13
-4.211648120099747983e-13
-3.912425396677965406e-13
-3.613752905858719222e-13
-3.317318750424569362e-13
-3.024665207965876457e-13
-2.737191712436776170e-13
-2.456155125205722323e-13
-2.182670548207116257e-13
-1.917718913356514232e-13
-1.662145898348454942e-13
