-1.416673310779270611e-13
-1.181900172349259481e-13
-9.583103760405289884e-14
-7.462793268553022386e-14
-5.460808536047676021e-14
0.000000000000000000e+00
0.000000000000000000e+00
0.000000000000000000e+00
0.000000000000000000e+00
0.000000000000000000e+00
0.000000000000000000e+00
0.000000000000000000e+00
0.000000000000000000e+00
0.000000000000000000e+00
0.000000000000000000e+00
0.000000000000000000e+00
0.000000000000000000e+00
0.000000000000000000e+00
0.000000000000000000e+00
0.000000000000000000e+00
0.000000000000000000e+00
0.000000000000000000e+00
0.000000000000000000e+00
0.000000000000000000e+00
0.000000000000000000e+00
0.000000000000000000e+00
0.000000000000000000e+00
0.000000000000000000e+00
0.000000000000000000e+00
0.000000000000000000e+00
0.000000000000000000e+00
0.000000000000000000e+00
0.000000000000000000e+00
0.000000000000000000e+00
0.000000000000000000e+00
0.000000000000000000e+00
0.000000000000000000e+00
0.000000000000000000e+00
0.000000000000000000e+00
0.000000000000000000e+00
0.000000000000000000e+00
0.000000000000000000e+00
0.000000000000000000e+00
0.000000000000000000e+00
0.000000000000000000e+00
0.000000000000000000e+00
0.000000000000000000e+00
0.000000000000000000e+00
0.000000000000000000e+00
0.000000000000000000e+00
0.000000000000000000e+00
0.000000000000000000e+00
0.000000000000000000e+00
0.000000000000000000e+00
0.000000000000000000e+00
0.000000000000000000e+00
0.000000000000000000e+00
0.000000000000000000e+00
0.000000000000000000e+00
0.000000000000000000e+00
0.000000000000000000e+00
0.000000000000000000e+00
0.000000000000000000e+00
0.000000000000000000e+00
0.000000000000000000e+00
0.000000000000000000e+00
0.000000000000000000e+00
0.000000000000000000e+00
0.000000000000000000e+00
0.000000000000000000e+00
0.000000000000000000e+00
0.000000000000000000e+00
0.000000000000000000e+00
0.000000000000000000e+00
0.000000000000000000e+00
0.000000000000000000e+00
0.000000000000000000e+00
0.000000000000000000e+00
0.000000000000000000e+00
0.000000000000000000e+00
0.000000000000000000e+00
0.000000000000000000e+00
0.000000000000000000e+00
0.000000000000000000e+00
0.000000000000000000e+00
0.000000000000000000e+00
0.000000000000000000e+00
0.000000000000000000e+00
0.000000000000000000e+00
0.000000000000000000e+00
0.000000000000000000e+00
0.000000000000000000e+00
0.000000000000000000e+00
0.000000000000000000e+00
0.000000000000000000e+00
0.000000000000000000e+00
0.000000000000000000e+00
0.000000000000000000e+00
0.000000000000000000e+00
0.000000000000000000e+00
0.000000000000000000e+00
0.000000000000000000e+00
0.000000000000000000e+00
0.000000000000000000e+00
0.000000000000000000e+00
0.000000000000000000e+00
0.000000000000000000e+00
0.000000000000000000e+00
0.000000000000000000e+00
0.000000000000000000e+00
0.000000000000000000e+00
0.000000000000000000e+00
0.000000000000000000e+00
0.000000000000000000e+00
0.000000000000000000e+00
0.000000000000000000e+00
0.000000000000000000e+00
0.000000000000000000e+00
0.000000000000000000e+00
0.000000000000000000e+00
0.000000000000000000e+00
0.000000000000000000e+00
0.000000000000000000e+00
0.000000000000000000e+00
0.000000000000000000e+00
0.000000000000000000e+00
0.000000000000000000e+00
0.000000000000000000e+00
0.000000000000000000e+00
0.000000000000000000e+00
0.000000000000000000e+00
0.000000000000000000e+00
0.000000000000000000e+00
0.000000000000000000e+00
0.000000000000000000e+00
0.000000000000000000e+00
0.000000000000000000e+00
0.000000000000000000e+00
0.000000000000000000e+00
0.000000000000000000e+00
0.000000000000000000e+00
0.000000000000000000e+00
0.000000000000000000e+00
0.000000000000000000e+00
0.000000000000000000e+00
0.000000000000000000e+00
0.000000000000000000e+00
0.000000000000000000e+00
0.000000000000000000e+00
0.000000000000000000e+00
0.000000000000000000e+00
0.000000000000000000e+00
0.000000000000000000e+00
0.000000000000000000e+00
0.000000000000000000e+00
0.000000000000000000e+00
0.000000000000000000e+00
0.000000000000000000e+00
0.000000000000000000e+00
0.000000000000000000e+00
0.000000000000000000e+00
0.000000000000000000e+00
0.000000000000000000e+00
0.000000000000000000e+00
0.000000000000000000e+00
0.000000000000000000e+00
0.000000000000000000e+00
0.000000000000000000e+00
0.000000000000000000e+00
0.000000000000000000e+00
0.000000000000000000e+00
0.000000000000000000e+00
0.000000000000000000e+00
0.000000000000000000e+00
0.000000000000000000e+00
0.000000000000000000e+00
0.000000000000000000e+00
0.000000000000000000e+00
0.000000000000000000e+00
0.000000000000000000e+00
0.000000000000000000e+00
0.000000000000000000e+00
0.000000000000000000e+00
0.000000000000000000e+00
0.000000000000000000e+00
0.000000000000000000e+00
0.000000000000000000e+00
0.000000000000000000e+00
0.000000000000000000e+00
0.000000000000000000e+00
0.000000000000000000e+00
0.000000000000000000e+00
0.000000000000000000e+00
0.000000000000000000e+00
0.000000000000000000e+00
0.000000000000000000e+00
0.000000000000000000e+00
0.000000000000000000e+00
0.000000000000000000e+00
0.000000000000000000e+00
0.000000000000000000e+00
0.000000000000000000e+00
0.000000000000000000e+00
0.000000000000000000e+00
0.000000000000000000e+00
0.000000000000000000e+00
0.000000000000000000e+00
0.000000000000000000e+00
0.000000000000000000e+00
0.000000000000000000e+00
0.000000000000000000e+00
0.000000000000000000e+00
0.000000000000000000e+00
0.000000000000000000e+00
0.000000000000000000e+00
0.000000000000000000e+00
0.000000000000000000e+00
0.000000000000000000e+00
0.000000000000000000e+00
0.000000000000000000e+00
0.000000000000000000e+00
0.000000000000000000e+00
0.000000000000000000e+00
0.000000000000000000e+00
0.000000000000000000e+00
0.000000000000000000e+00
0.000000000000000000e+00
0.000000000000000000e+00
0.000000000000000000e+00
0.000000000000000000e+00
0.000000000000000000e+00
0.000000000000000000e+00
0.000000000000000000e+00
0.000000000000000000e+00
0.000000000000000000e+00
0.000000000000000000e+00
0.000000000000000000e+00
0.000000000000000000e+00
0.000000000000000000e+00
0.000000000000000000e+00
0.000000000000000000e+00
0.000000000000000000e+00
0.000000000000000000e+00
0.000000000000000000e+00
0.000000000000000000e+00
0.000000000000000000e+00
0.000000000000000000e+00
0.000000000000000000e+00
0.000000000000000000e+00
0.000000000000000000e+00
0.000000000000000000e+00
0.000000000000000000e+00
0.000000000000000000e+00
0.000000000000000000e+00
0.000000000000000000e+00
0.000000000000000000e+00
0.000000000000000000e+00
0.000000000000000000e+00
0.000000000000000000e+00
0.000000000000000000e+00
0.000000000000000000e+00
0.000000000000000000e+00
0.000000000000000000e+00
0.000000000000000000e+00
0.000000000000000000e+00
0.000000000000000000e+00
0.000000000000000000e+00
0.000000000000000000e+00
0.000000000000000000e+00
0.000000000000000000e+00
0.000000000000000000e+00
0.000000000000000000e+00
0.000000000000000000e+00
0.000000000000000000e+00
0.000000000000000000e+00
0.000000000000000000e+00
0.000000000000000000e+00
0.000000000000000000e+00
0.000000000000000000e+00
0.000000000000000000e+00
0.000000000000000000e+00
0.000000000000000000e+00
0.000000000000000000e+00
0.000000000000000000e+00
0.000000000000000000e+00
0.000000000000000000e+00
0.000000000000000000e+00
0.000000000000000000e+00
0.000000000000000000e+00
0.000000000000000000e+00
0.000000000000000000e+00
0.000000000000000000e+00
0.000000000000000000e+00
0.000000000000000000e+00
0.000000000000000000e+00
0.000000000000000000e+00
0.000000000000000000e+00
0.000000000000000000e+00
0.000000000000000000e+00
0.000000000000000000e+00
0.000000000000000000e+00
0.000000000000000000e+00
0.000000000000000000e+00
0.000000000000000000e+00
0.000000000000000000e+00
0.000000000000000000e+00
0.000000000000000000e+00
0.000000000000000000e+00
0.000000000000000000e+00
0.000000000000000000e+00
0.000000000000000000e+00
0.000000000000000000e+00
0.000000000000000000e+00
0.000000000000000000e+00
0.000000000000000000e+00
0.000000000000000000e+00
0.000000000000000000e+00
0.000000000000000000e+00
0.000000000000000000e+00
0.000000000000000000e+00
0.000000000000000000e+00
0.000000000000000000e+00
0.000000000000000000e+00
0.000000000000000000e+00
0.000000000000000000e+00
0.000000000000000000e+00
0.000000000000000000e+00
0.000000000000000000e+00
0.000000000000000000e+00
0.000000000000000000e+00
0.000000000000000000e+00
0.000000000000000000e+00
0.000000000000000000e+00
0.000000000000000000e+00
0.000000000000000000e+00
0.000000000000000000e+00
0.000000000000000000e+00
0.000000000000000000e+00
0.000000000000000000e+00
0.000000000000000000e+00
0.000000000000000000e+00
0.000000000000000000e+00
0.000000000000000000e+00
0.000000000000000000e+00
0.000000000000000000e+00
0.000000000000000000e+00
0.000000000000000000e+00
0.000000000000000000e+00
0.000000000000000000e+00
0.000000000000000000e+00
0.000000000000000000e+00
0.000000000000000000e+00
0.000000000000000000e+00
0.000000000000000000e+00
0.000000000000000000e+00
0.000000000000000000e+00
0.000000000000000000e+00
0.000000000000000000e+00
0.000000000000000000e+00
0.000000000000000000e+00
0.000000000000000000e+00
0.000000000000000000e+00
0.000000000000000000e+00
0.000000000000000000e+00
0.000000000000000000e+00
0.000000000000000000e+00
0.000000000000000000e+00
0.000000000000000000e+00
0.000000000000000000e+00
0.000000000000000000e+00
0.000000000000000000e+00
0.000000000000000000e+00
0.000000000000000000e+00
0.000000000000000000e+00
0.000000000000000000e+00
0.000000000000000000e+00
0.000000000000000000e+00
0.000000000000000000e+00
0.000000000000000000e+00
0.000000000000000000e+00
0.000000000000000000e+00
0.000000000000000000e+00
0.000000000000000000e+00
0.000000000000000000e+00
0.000000000000000000e+00
0.000000000000000000e+00
0.000000000000000000e+00
0.000000000000000000e+00
0.000000000000000000e+00
0.000000000000000000e+00
0.000000000000000000e+00
0.000000000000000000e+00
0.000000000000000000e+00
0.000000000000000000e+00
0.000000000000000000e+00
0.000000000000000000e+00
0.000000000000000000e+00
0.000000000000000000e+00
0.000000000000000000e+00
0.000000000000000000e+00
0.000000000000000000e+00
0.000000000000000000e+00
0.000000000000000000e+00
0.000000000000000000e+00
0.000000000000000000e+00
0.000000000000000000e+00
0.000000000000000000e+00
0.000000000000000000e+00
0.000000000000000000e+00
0.000000000000000000e+00
0.000000000000000000e+00
0.000000000000000000e+00
0.000000000000000000e+00
0.000000000000000000e+00
0.000000000000000000e+00
0.000000000000000000e+00
0.000000000000000000e+00
0.000000000000000000e+00
0.000000000000000000e+00
0.000000000000000000e+00
0.000000000000000000e+00
0.000000000000000000e+00
0.000000000000000000e+00
0.000000000000000000e+00
0.000000000000000000e+00
0.000000000000000000e+00
0.000000000000000000e+00
0.000000000000000000e+00
0.000000000000000000e+00
0.000000000000000000e+00
0.000000000000000000e+00
0.000000000000000000e+00
0.000000000000000000e+00
0.000000000000000000e+00
0.000000000000000000e+00
0.000000000000000000e+00
0.000000000000000000e+00
0.000000000000000000e+00
0.000000000000000000e+00
0.000000000000000000e+00
0.000000000000000000e+00
0.000000000000000000e+00
0.000000000000000000e+00
0.000000000000000000e+00
0.000000000000000000e+00
0.000000000000000000e+00
0.000000000000000000e+00
0.000000000000000000e+00
0.000000000000000000e+00
0.000000000000000000e+00
0.000000000000000000e+00
0.000000000000000000e+00
0.000000000000000000e+00
0.000000000000000000e+00
0.000000000000000000e+00
0.000000000000000000e+00
0.000000000000000000e+00
0.000000000000000000e+00
0.000000000000000000e+00
0.000000000000000000e+00
0.000000000000000000e+00
0.000000000000000000e+00
0.000000000000000000e+00
0.000000000000000000e+00
0.000000000000000000e+00
0.000000000000000000e+00
0.000000000000000000e+00
0.000000000000000000e+00
0.000000000000000000e+00
0.000000000000000000e+00
0.000000000000000000e+00
0.000000000000000000e+00
0.000000000000000000e+00
0.000000000000000000e+00
0.000000000000000000e+00
0.000000000000000000e+00
0.000000000000000000e+00
0.000000000000000000e+00
0.000000000000000000e+00
0.000000000000000000e+00
0.000000000000000000e+00
0.000000000000000000e+00
0.000000000000000000e+00
0.000000000000000000e+00
0.000000000000000000e+00
0.000000000000000000e+00
0.000000000000000000e+00
0.000000000000000000e+00
0.000000000000000000e+00
0.000000000000000000e+00
0.000000000000000000e+00
0.000000000000000000e+00
0.000000000000000000e+00
0.000000000000000000e+00
0.000000000000000000e+00
0.000000000000000000e+00
0.000000000000000000e+00
0.000000000000000000e+00
0.000000000000000000e+00
0.000000000000000000e+00
0.000000000000000000e+00
0.000000000000000000e+00
0.000000000000000000e+00
0.000000000000000000e+00
0.000000000000000000e+00
0.000000000000000000e+00
0.000000000000000000e+00
0.000000000000000000e+00
0.000000000000000000e+00
0.000000000000000000e+00
0.000000000000000000e+00
0.000000000000000000e+00
0.000000000000000000e+00
0.000000000000000000e+00
0.000000000000000000e+00
0.000000000000000000e+00
0.000000000000000000e+00
0.000000000000000000e+00
0.000000000000000000e+00
0.000000000000000000e+00
0.000000000000000000e+00
0.000000000000000000e+00
0.000000000000000000e+00
0.000000000000000000e+00
0.000000000000000000e+00
0.000000000000000000e+00
0.000000000000000000e+00
0.000000000000000000e+00
0.000000000000000000e+00
0.000000000000000000e+00
0.000000000000000000e+00
0.000000000000000000e+00
0.000000000000000000e+00
0.000000000000000000e+00
0.000000000000000000e+00
0.000000000000000000e+00
0.000000000000000000e+00
0.000000000000000000e+00
0.000000000000000000e+00
0.000000000000000000e+00
0.000000000000000000e+00
0.000000000000000000e+00
0.000000000000000000e+00
-0.000000000000000000e+00
-0.000000000000000000e+00
-0.000000000000000000e+00
0.000000000000000000e+00
0.000000000000000000e+00
0.000000000000000000e+00
-0.000000000000000000e+00
-0.000000000000000000e+00
-0.000000000000000000e+00
-0.000000000000000000e+00
1.401298464324817071e-45
2.802596928649634142e-45
0.000000000000000000e+00
-9.809089250273719496e-45
-2.242077542919707313e-44
-2.101947696487225606e-44
3.923635700109487799e-44
1.737610095762773168e-43
2.998778713655108532e-43
1.569454280043795119e-43
-1.289194587178831705e-42
-9.402712695619522546e-43
1.685762052582754936e-42
7.787015566253008463e-42
1.931830062918192814e-41
3.471857075211166775e-41
4.403440294294305164e-41
4.107065669089606353e-41
1.034018136825282517e-41
-5.524198806061293857e-41
-1.564297501695079793e-40
-2.697107180255261913e-40
-3.539693933869131169e-40
-3.300155974377446939e-40
-1.487408254957577080e-40
2.437250393030867835e-40
7.915738843185886159e-40
1.357765726232102304e-39
1.677916182481000286e-39
1.413579444066159768e-39
2.595386924729923442e-40
-1.877009865695341645e-39
-4.695011268363298501e-39
-7.332093828899206875e-39
-8.406051774554675328e-39
-6.277487815036064146e-39
3.607418688649949578e-40
1.162992386313120788e-38
2.559512843264129530e-38
3.767509190927659710e-38
4.092185000437248256e-38
2.754972118781398044e-38
-8.066371421608482370e-39
-6.535121862636346199e-38
-1.334327383910051121e-37
-1.889461747797393397e-37
-1.979288342476928551e-37
-1.237444859099070503e-37
5.832024281797069343e-38
3.418754141230376383e-37
6.709617937335069741e-37
9.309428817368805203e-37
9.591072320493258661e-37
5.833760658750183510e-37
-3.087832688413353554e-37
-1.681121041752012859e-36
-3.264174329241531454e-36
-4.515011453816092807e-36
-4.667633797585316256e-36
-2.912270035006687678e-36
1.288155160029934129e-36
7.788536860707430343e-36
1.537116562466199717e-35
2.155071015437036224e-35
2.278321856408086014e-35
1.525346982675776662e-35
-3.712768845296499626e-36
-3.379329297254403331e-35
-6.985045145947125735e-35
-1.009181185635127004e-34
-1.109230678158229344e-34
-8.195114413129194959e-35
-3.498809089354604577e-37
1.350006129928952678e-34
3.042056549951968757e-34
4.609266255675292374e-34
5.340857205428620923e-34
4.404932735901242718e-34
1.102166347410646068e-34
-4.773763373925928602e-34
-1.254423653692219267e-33
-2.035597689847201166e-33
-2.516944626751680934e-33
-2.320096710104965300e-33
-1.092619152188935341e-33
1.339770788375656083e-33
4.795786260588584159e-33
8.588333643156440293e-33
1.147503552808904124e-32
1.178920035234171359e-32
7.810678743214232617e-33
-1.618380030922823609e-33
-1.631626860433232283e-32
-3.401591185795810060e-32
-4.994587922314763361e-32
-5.708737180764178513e-32
-4.741326782809338401e-32
-1.423565682768832069e-32
4.454145578316585512e-32
1.229148732520655081e-31
2.041406042533484253e-31
2.604162913342756668e-31
2.563555931191341075e-31
1.572147287092006093e-31
-5.830617724782011982e-32
-3.825850430570437444e-31
-7.648497403936013990e-31
-1.103922449461737184e-30
-1.254469985802056927e-30
-1.052288907121642239e-30
-3.606722767051732198e-31
8.662260189006066249e-31
2.515244006748251683e-30
4.261981780375234160e-30
5.561278067751548199e-30
5.707605109174675601e-30
3.983979059117628349e-30
-1.015156921370127492e-31
-6.522416039605344094e-30
-1.445049461861324806e-29
-2.208227338957548295e-29
-2.669356958513937523e-29
-2.502924111251068810e-29
-1.408343945460288385e-29
7.772323508653893427e-30
3.949221966920876499e-29
7.622033866370189288e-29
1.087709139880280532e-28
1.242244554911697094e-28
1.080484856288262486e-28
4.788215129520841864e-29
-6.133039648466085632e-29
-2.117666381483193215e-28
-3.782378836394542543e-28
-5.167715412090593342e-28
-5.683297450817750510e-28
-4.692069938172735994e-28
-1.683874133781165559e-28
3.498621948038249149e-28
1.042383197159353300e-27
1.789202592438347257e-27
2.389714097260098312e-27
2.581404023147898723e-27
2.087078280623949039e-27
6.909980491778798738e-28
-1.664097457331857874e-27
-4.777387093965135032e-27
-8.116066771246094893e-27
-1.080205187186213154e-26
-1.169382368810350866e-26
-9.587353218869524546e-27
-3.537238432315417347e-27
6.735155741821002914e-27
2.042124995717611016e-26
3.530754673601841055e-26
4.770275173940897399e-26
5.275149851067838178e-26
4.523596828134331497e-26
2.087802815469027517e-26
-2.198027021748615595e-26
-8.060447609270542582e-26
-1.464544182888997929e-25
-2.046964503296746372e-25
-2.352234075354163856e-25
-2.156270672697883498e-25
-1.262448126251722848e-25
4.310593598516969741e-26
2.857306707264508533e-25
5.716844904814661003e-25
8.446244965349536037e-25
1.024251477312625181e-24
1.016320269771533128e-24
7.311046019566751550e-25
1.093857210930480073e-25
-8.473703241308016405e-25
-2.048608464771323672e-24
-3.296274619558175744e-24
-4.285777957287173186e-24
-4.634974336731401051e-24
-3.946534241453666217e-24
-1.902967189512383726e-24
1.615045087843132190e-24
6.406439991065252551e-24
1.185273370855885500e-23
1.688182216467776833e-23
2.002887546097388487e-23
1.962256791857437141e-23
1.410626397903376200e-23
2.474995278221880153e-24
-1.522769286467784796e-23
-3.744768155472283771e-23
-6.082025440300271206e-23
-8.017522176986439096e-23
-8.897859392776879430e-23
-8.029462375647864331e-23
-4.826418887742781257e-23
1.002789569753001290e-23
9.256892709937032268e-23
1.907323168990487422e-22
2.884086576649564672e-22
3.625005943414271301e-22
3.852439464881537583e-22
3.285891427219821429e-22
1.705080563690697171e-22
-9.740236621808084677e-23
-4.621950432512819399e-22
-8.834102139803979232e-22
-1.290494651842921999e-21
-1.585843467938297741e-21
-1.655093288026100449e-21
-1.385356071841737000e-21
-6.906313394577162057e-22
4.582276661214209767e-22
2.003630564717685295e-21
3.777906725353003903e-21
5.494092431105295554e-21
6.758419418140558590e-21
7.110436467570156430e-21
6.093213128766988013e-21
3.350769720958800345e-21
-1.256900536877542079e-21
-7.538110654686379288e-21
-1.487653797079789703e-20
-2.218880812341812610e-20
-2.796055939832204415e-20
-3.038366544934823067e-20
-2.760552443212633488e-20
-1.808312623357958330e-20
-1.011178518567513266e-21
2.323218983740293360e-20
5.270283368301301937e-20
8.366886013299272381e-20
1.106520151647038678e-19
1.268208758241866863e-19
1.247895270349095886e-19
9.781779743540933333e-20
4.133223773062290833e-20
-4.540099376092920113e-20
-1.577082393366171585e-19
-2.843722093383601924e-19
-4.072894130567560028e-19
-5.022631373640092820e-19
-5.411878788464936745e-19
-4.957164681047466291e-19
-3.422719829343223363e-19
-6.797761872907685190e-20
3.232221685235909626e-19
8.052560870197331072e-19
1.326632990195581769e-18
1.810407813688418329e-18
2.158508369712730721e-18
2.261138115878256833e-18
2.011359142594141246e-18
1.324116603374618890e-18
1.580025863877153249e-19
-1.462933846978114856e-18
-3.430884412181851453e-18
-5.543584139956854917e-18
-7.505368694079468108e-18
-8.943542130191726910e-18
-9.442303088239763242e-18
-8.594362723853492231e-18
-6.067756500012826536e-18
-1.682173001854042954e-18
4.513937424001366594e-18
1.217697377386864848e-17
2.062573864784239444e-17
2.883640950866010202e-17
3.548685229808028879e-17
3.905831378061884278e-17
3.799650504167637391e-17
3.092618537332427029e-17
1.690407109223156126e-17
-4.314648107741415848e-18
-3.202961122324550708e-17
-6.440796841018827106e-17
-9.839873883901330124e-17
-1.297882379995958730e-16
-1.534278422964997259e-16
-1.636502329506586478e-16
-1.548699820636491764e-16
-1.223394699661109583e-16
-6.300361425342024279e-17
2.362897502603254649e-17
1.347036098971819804e-16
2.634447695901837288e-16
3.989114635286132278e-16
5.261928016416915922e-16
6.271285828287438344e-16
6.815950777382410921e-16
6.693412109089907393e-16
5.722925168564476847e-16
3.771709600390127197e-16
7.821001956111737260e-17
-3.203124705562489195e-16
-8.020366512720205829e-16
-1.337302816905141037e-15
-1.883055673941743356e-15
-2.384111872901157128e-15
-2.775946984960391516e-15
-2.989023840314604732e-15
-2.954547905295460200e-15
-2.611375471330695808e-15
-1.913647962897726922e-15
-8.385959697040554738e-16
6.061435533187553570e-16
2.376392649894591876e-15
4.387169880853969417e-15
6.510899590604418349e-15
8.578560801444316125e-15
1.038400814038506828e-14
1.169150175029396235e-14
1.224613892415607821e-14
1.178665827862145771e-14
1.005981559718590462e-14
6.835314056435762634e-15
1.920172869448663611e-15
-4.828668440434854756e-15
-1.349459010247661128e-14
-2.409536159736058031e-14
-3.658171652425913634e-14
-5.084083856492747910e-14
-6.670469840548698404e-14
-8.396290661436683900e-14
-1.023792460313685537e-13
-1.217108282648010631e-13
-1.417285342905638679e-13
-1.622372212701367333e-13
-1.830941404349847867e-13
-2.042244953877336844e-13
-2.256325280693832758e-13
-2.474076173965278347e-13
-2.697248891250780822e-13
-2.928404589132294067e-13
-3.170812679260948119e-13
-3.428310966276798544e-13
-3.705130820208513143e-13
-4.005707170042643872e-13
-4.334484431534751936e-13
-4.695729482334654037e-13
-5.093374181620868857e-13
-5.530883368486116947e-13
-6.011168667864608128e-13
-6.536537804080477798e-13
-7.108692974544528198e-13
-7.728759039010713039e-13
-8.397346403302141660e-13
-9.114637213383791625e-13
-9.880472091536307566e-13
-1.069444337774283493e-12
-1.155597102384109398e-12
-1.246437848767545375e-12
-1.341891441714038180e-12
-1.441877541842606636e-12
-1.546307461415541429e-12
-1.655080911731887650e-12
-1.768078088451585650e-12
-1.885151540079177401e-12
-2.006116193303819628e-12
-2.130741113062772918e-12
-2.258737684737721629e-12
-2.389751374218263003e-12
-2.523353704805830766e-12
-2.659036619362398213e-12
-2.796207059299615771e-12
-2.934183928812728048e-12
-3.072196360157097850e-12
-3.209381762084295708e-12
-3.344787988246444854e-12
-3.477374204557959203e-12
-3.606009804993370871e-12
-3.729481567321668578e-12
-3.846489099457173211e-12
-3.955655681481262675e-12
-4.055526314078461425e-12
-4.144574440589909869e-12
-4.221204549098578340e-12
-4.283760412365777981e-12
-4.330534195129409625e-12
-4.359772091955260720e-12
-4.369687337663075155e-12
-4.358469748305671132e-12
-4.324300899999355963e-12
-4.265367139349995895e-12
-4.179876497006906888e-12
-4.066076034897614377e-12
-3.922266157696530087e-12
-3.746822296868401736e-12
-3.538211390541334822e-12
-3.295013133869373334e-12
-3.015937326267259522e-12
-2.699844471251711120e-12
-2.345764641559222596e-12
-1.952918512668211370e-12
-1.520736227916819061e-12
-1.048877673083536965e-12
-5.372518293959849256e-13
1.396313738867864182e-14
6.043015480378111093e-13
1.232991573424380150e-12
1.898938038064068579e-12
2.600707193003981565e-12
3.336510972021256016e-12
4.104196583282204713e-12
4.901236968363198443e-12
5.724723212835458597e-12
6.571360643137236224e-12
7.437471645499460493e-12
8.319000002754428635e-12
9.211516965867971862e-12
1.011023990221682212e-11
1.101004530601468190e-11
1.190549481916436392e-11
1.279085951738645477e-11
1.366015980885926240e-11
1.450719232243269374e-11
1.532557761252384410e-11
1.610880526192737250e-11
1.685026597419980732e-11
1.754332790149248922e-11
1.818136613485066277e-11
1.875783903204641945e-11
1.926632464677169310e-11
1.970059532174772698e-11
2.005466279153544917e-11
2.032284410202755964e-11
2.049981885632323753e-11
2.058068819532632432e-11
2.056101643110874733e-11
2.043690564001998666e-11
2.020502862243311881e-11
1.986268961806647582e-11
1.940785900045316481e-11
1.883921491030449147e-11
1.815619356249076333e-11
1.735901006272300151e-11
1.644868095895812843e-11
1.542705720114501133e-11
1.429682067177751037e-11
1.306150847202314225e-11
1.172549644185005846e-11
1.029400089475052127e-11
8.773056066335715997e-12
7.169489394526218362e-12
5.490888993486819913e-12
3.745565489710056539e-12
1.942496727705411708e-12
9.127545724449404041e-14
-1.797956748761375678e-12
-3.714576389535206857e-12
-5.647554906368368322e-12
-7.585538100429722874e-12
-9.516925442154544612e-12
-1.142996201158874570e-11
-1.331283173977571010e-11
-1.515373243554662963e-11
-1.694098507309949042e-11
-1.866311619136418187e-11
-2.030894376281455749e-11
-2.186767780743004153e-11
-2.332900192469899991e-11
-2.468314962145168323e-11
-2.592099625220445347e-11
-2.703412146920491921e-11
-2.801488555026487859e-11
-2.885648490991155057e-11
-2.955302322305009000e-11
-3.009955479305048698e-11
-3.049211577677013452e-11
-3.072776061374682399e-11
-3.080458804705088482e-11
-3.072176540941384815e-11
-3.047952862322844680e-11
-3.007918566999556731e-11
-2.952308536530168226e-11
-2.881461562409537436e-11
-2.795817050094129286e-11
-2.695911896499758598e-11
-2.582375979720552550e-11
-2.455926607913827553e-11
-2.317363835546704109e-11
-2.167562830612812519e-11
-2.007468670461864946e-11
-1.838088188599318329e-11
-1.660481127596646900e-11
-1.475754241031523861e-11
-1.285052272925746308e-11
-1.089549023919333948e-11
-8.904387643893230120e-12
-6.889279511451684712e-12
-4.862259900262344559e-12
-2.835372128057178642e-12
-8.205210599507295477e-13
1.170607230940867716e-12
3.126625911301084138e-12
5.036520679679856727e-12
6.889720998576320810e-12
8.676172627564149309e-12
1.038638272610192814e-11
1.201149422980218873e-11
1.354331924385832053e-11
1.497439498787667134e-11
1.629800634728173492e-11
1.750823444557347841e-11
1.859996358322124621e-11
1.956890725851589963e-11
2.041162551480457665e-11
2.112551800159678805e-11
2.170883091345832128e-11
2.216064831639386057e-11
2.248087653533570318e-11
2.267024068469680742e-11
2.273024650445432115e-11
2.266315086985049021e-11
2.247195485249875446e-11
2.216034300506208865e-11
2.173265560567738675e-11
2.119384355514508655e-11
2.054942674356574628e-11
1.980543333501838532e-11
1.896837027726139269e-11
1.804516258641086779e-11
1.704309957051286517e-11
1.596977584894521129e-11
1.483304451488365316e-11
1.364095988942715110e-11
1.240171940836143349e-11
1.112361678462514547e-11
9.814979558264713688e-12
8.484118789453543030e-12
7.139278751511213272e-12
5.788587057603544750e-12
4.439998715910498106e-12
3.101260134114047773e-12
1.779857945055640656e-12
4.829818728117885041e-13
-7.825155454166399238e-13
-2.010153111672852155e-12
-3.193852517527351331e-12
-4.327967238065832944e-12
-5.407308281690781371e-12
-6.427164356281878099e-12
-7.383320517473368483e-12
-8.272067059111876119e-12
-9.090214692086817649e-12
-9.835096279053878732e-12
-1.050457464069065594e-11
-1.109703561680275286e-11
-1.161138806632378007e-11
-1.204705085688928534e-11
-1.240394679330458771e-11
-1.268248527031001771e-11
-1.288354579270789557e-11
-1.300845976076603350e-11
-1.305898705145080996e-11
-1.303728999757503004e-11
-1.294590476486057185e-11
-1.278772140261841272e-11
-1.256594134302346788e-11
-1.228405138026245069e-11
-1.194579591495825710e-11
-1.155513532080654215e-11
-1.111621125010620048e-11
-1.063331887818375066e-11
-1.011086700475338773e-11
-9.553339890000511758e-12
-8.965271233729588118e-12
-8.351204276724200071e-12
-7.715663177809695128e-12
-7.063119620426272505e-12
-6.397966358095974471e-12
-5.724487290442725751e-12
-5.046830574978455886e-12
-4.368988677783125496e-12
-3.694775388418669593e-12
-3.027804786406851356e-12
-2.371478881324495802e-12
-1.728971024510250754e-12
-1.103215283883296483e-12
-4.968964692833588437e-13
8.755629142716270241e-14
6.479728320747668580e-13
1.182444658680281702e-12
1.689325003668973313e-12
2.167226467730820616e-12
2.615015842755141762e-12
3.031809395551143815e-12
3.416965278432715358e-12
3.770072361936049887e-12
4.090941994883134925e-12
4.379596078157854677e-12
4.636251452194706246e-12
4.861312307563592228e-12
5.055350669330715974e-12
5.219091651909035789e-12
5.353404785440885050e-12
5.459282765435391482e-12
5.537830177065883319e-12
5.590246147935129528e-12
5.617809602925794010e-12
5.621868422178710745e-12
5.603819925453779049e-12
5.565102198512583698e-12
5.507181950054063080e-12
5.431537598160618430e-12
5.339653632446816900e-12
5.233008470995059724e-12
5.113063618333857363e-12
4.981258894948270566e-12
4.839000294215578535e-12
4.687657380320064959e-12
4.528554180954769137e-12
4.362965717874534022e-12
4.192112802725578291e-12
4.017161169683758359e-12
3.839213235518057488e-12
3.659310267994930754e-12
3.478430867995263576e-12
3.297487500067419752e-12
3.117325841905937978e-12
2.938727386436745803e-12
2.762406839731945674e-12
2.589015373616332383e-12
2.419138674103482600e-12
2.253300194002272328e-12
2.091960936076442401e-12
1.935522271970246955e-12
1.784326267469105165e-12
1.638660019308291194e-12
1.498754679390978950e-12
1.364789574756497537e-12
1.236893725463372729e-12
1.115147687733020199e-12
9.995869149764802231e-13
8.902030046269160390e-13
7.869472217966744232e-13
6.897318003198926739e-13
5.984331411489074437e-13
5.128945228596859529e-13
4.329279719005735272e-13
3.583175965139739905e-13
2.888219990861834452e-13
2.241770679679844225e-13
1.640987692952400323e-13
1.082859726908060038e-13
5.642288055502341082e-14
8.182277284104338966e-15
-3.677181104641373544e-14
-7.878119950019760176e-14
-1.181907490713923758e-13
-1.553452462152438152e-13
-1.905868041510161426e-13
-2.242517966027229859e-13
-2.566680592022696494e-13
-2.881522602991848370e-13
-3.190070820349721892e-13
-3.495188079932765035e-13
-3.799548837449956418e-13
-4.105613689731751892e-13
-4.415608503838264198e-13
-4.731504359319071984e-13
-5.054998303624658185e-13
-5.387500883781426442e-13
-5.730117986005311970e-13
-6.083642704185487915e-13
-6.448542871559381773e-13
-6.824959434409416659e-13
-7.212703199456493852e-13
-7.611254833859992797e-13
-8.019769744127547284e-13
-8.437086749732425339e-13
-8.861738383034167832e-13
-9.291963899704658303e-13
-9.725728252266141460e-13
-1.016074160573032792e-12
-1.059448535845053385e-12
-1.102423382616513070e-12
-1.144708785226489223e-12
-1.186000299704947913e-12
-1.225982206379261363e-12
-1.264331413002028892e-12
-1.300720382096942629e-12
-1.334821250927042957e-12
-1.366309300941670468e-12
-1.394866318803200667e-12
-1.420184824775516663e-12
-1.441971433750743881e-12
-1.459949674174898515e-12
-1.473863999595925733e-12
-1.483482932849999880e-12
-1.488600475524348710e-12
-1.489039902664857085e-12
-1.484655605919760202e-12
-1.475334936683336817e-12
-1.460999181877864483e-12
-1.441606166038833514e-12
-1.417149275532991748e-12
-1.387659410122255021e-12
-1.353204874543489922e-12
-1.313890402726558548e-12
-1.269857374634753011e-12
-1.221282948903057441e-12
-1.168377786013585773e-12
-1.111385831455147244e-12
-1.050581496797597936e-12
-9.862675997077130496e-13
-9.187728702841901907e-13
-8.484497284431957720e-13
-7.756708686815216858e-13
-7.008263327307195922e-13
-6.243202027404748389e-13
-5.465677281428493739e-13
-4.679912598941349255e-13
-3.890172689188786670e-13
-3.100723345618450200e-13
-2.315800817168783832e-13
-1.539576707223697105e-13
-7.761218561276941874e-14
-2.937659762393103960e-15
6.968821949625975121e-14
1.399069120104623476e-13
2.073818276392830340e-13
2.718007297095731412e-13
3.328777412135025537e-13
3.903556351856490858e-13
4.440071086405511513e-13
4.936362191405863076e-13
5.390794689981437404e-13
5.802062389564932587e-13
6.169192760807629128e-13
6.491549919135364277e-13
6.768827035333324638e-13
7.001042540838442463e-13
7.188535248829619473e-13
7.331948633296225815e-13
7.432221071218547692e-13
7.490569037434113842e-13
7.508467046897504549e-13
7.487629765344505639e-13
7.429997372562779923e-13
7.337704120528865115e-13
7.213060444072327826e-13
7.058529108427968879e-13
6.876696477878252445e-13
6.670254626417460031e-13
6.441965559079998460e-13
6.194642238402381373e-13
5.931117142560227151e-13
5.654218412920464232e-13
5.366741122683760246e-13
5.071420713931296120e-13
4.770912397783488856e-13
4.467762694092963782e-13
4.164391542108708544e-13
3.863071429584252758e-13
3.565912213947253218e-13
3.274848111873424061e-13
2.991626315163725680e-13
2.717801840784045408e-13
2.454732109854335098e-13
2.203576405547524875e-13
1.965297363867510305e-13
1.740663684154583613e-13
1.530256227722653906e-13
1.334470728364678394e-13
1.153526737020585391e-13
9.874718908233284798e-14
8.361891637009150058e-14
6.994035071147125526e-14
5.766877454087618315e-14
4.674692165480831552e-14
3.710368871954333736e-14
2.865492131770563944e-14
2.130431349725830231e-14
1.494453432532294457e-14
9.458439145294296468e-15
4.720578566035733489e-15
5.988385823629566607e-16
-3.043698970026922565e-15
-6.346766204766689928e-15
-9.450901399096680450e-15
-1.249526401943777676e-14
-1.561566224635504985e-14
-1.894250611944071905e-14
-2.259896269955503217e-14
-2.669929842534848885e-14
-3.134744932164687525e-14
-3.663578771948006185e-14
-4.264411428687477079e-14
-4.943888722887257448e-14
-5.707270051523438692e-14
-6.558393151473440597e-14
-7.499641912264015664e-14
-8.531944682005354608e-14
-9.654764780622077103e-14
-1.086611540763310346e-13
-1.216256506316251707e-13
-1.353927142925745453e-13
-1.499000576443698662e-13
-1.650719898228444893e-13
-1.808200399307235973e-13
-1.970435397962919111e-13
-2.136305997553489266e-13
-2.304590979856913080e-13
-2.473978324719211530e-13
-2.643078356005801322e-13
-2.810438242805551878e-13
-2.974557178261200141e-13
-3.133902642601937849e-13
-3.286925310923283217e-13
-3.432074774118581972e-13
-3.567815530861051521e-13
-3.692640269080393889e-13
-3.805083689540494918e-13
-3.903737413619295937e-13
-3.987259741128346135e-13
-4.054388118637786143e-13
-4.103949439396986643e-13
-4.134871969558445715e-13
-4.146192124441366866e-13
-4.137066665806099497e-13
-4.106781646522061902e-13
-4.054760271033491792e-13
-3.980571026875739937e-13
-3.883935816191563806e-13
-3.764735376741989992e-13
-3.623014973967719765e-13
-3.458987924646189649e-13
-3.273036681093743905e-13
-3.065714457468893261e-13
-2.837741164014168094e-13
-2.590000425500144088e-13
-2.323534431265122935e-13
-2.039534990547209325e-13
-1.739335536493288870e-13
-1.424397844682415148e-13
-1.096303223983158270e-13
-7.567376765363689750e-14
-4.074801070565528538e-14
-5.038804609154437855e-15
3.126148564189593082e-14
6.795527817760396716e-14
1.048409677215783598e-13
1.417141686117784349e-13
1.783688350015869006e-13
2.145984399296724243e-13
2.501969985357899162e-13
2.849599625275728298e-13
3.186855076706129886e-13
3.511752249673455450e-13
3.822352048592214668e-13
4.116772027440429582e-13
4.393193708124298880e-13
4.649874235651552112e-13
4.885158033304803915e-13
5.097482223652416433e-13
5.285393975783259091e-13
5.447552673711053561e-13
5.582744553103702323e-13
5.689886495990892357e-13
5.768036872785820002e-13
5.816405842205829568e-13
5.834351556564809638e-13
5.821391003794917918e-13
5.777201091648753728e-13
5.701621358204789214e-13
5.594652345564110618e-13
5.456455057749332038e-13
5.287352044906767912e-13
5.087820898093398103e-13
4.858491538771436691e-13
4.600144592505073238e-13
4.313706239000153486e-13
4.000242791093316930e-13
3.660955544791677507e-13
3.297176442464133661e-13
2.910363464982135273e-13
2.502093855456105631e-13
2.074058833749850561e-13
1.628059530722411608e-13
1.165999805388673316e-13
6.898780456404338124e-14
2.017813914817045279e-14
-2.961224134282423870e-14
-8.015929500032603627e-14
-1.312326712143291330e-13
-1.825965729529768766e-13
-2.340107274623193234e-13
-2.852313112262916395e-13
-3.360122510093210835e-13
-3.861058879301576541e-13
-4.352644546873341014e-13
-4.832409429209039153e-13
-5.297904584651569326e-13
-5.746713326558461343e-13
-6.176463962677403163e-13
-6.584844431875569448e-13
-6.969616940868950117e-13
-7.328630432547333928e-13
-7.659834138501464551e-13
-7.961299263066490273e-13
-8.231230909545861341e-13
-8.467980548536313545e-13
-8.670068786173490416e-13
-8.836191869344978134e-13
-8.965243911834841484e-13
-9.056322315334486284e-13
-9.108743490374160423e-13
-9.122042314221867620e-13
-9.095993272825730891e-13
-9.030601245095526419e-13
-8.926114513328753386e-13
-8.783016089593254083e-13
-8.602026426232645129e-13
-8.384092573844592611e-13
-8.130389807584070816e-13
-7.842305364130774947e-13
-7.521438983790207367e-13
-7.169579058045882913e-13
-6.788701545357156419e-13
-6.380946660812514271e-13
-5.948612913017625736e-13
-5.494138130557324473e-13
-5.020085909468452456e-13
-4.529127181802927726e-13
-4.024025849948958955e-13
-3.507618999941397586e-13
-2.982801993681866159e-13
-2.452507869097481086e-13
-1.919689044229191954e-13
-1.387299021320120840e-13
-8.582721935500997601e-14
-3.355041938712943761e-14
1.781689928242752990e-14
6.799899185394586709e-14
1.167300305894569679e-13
1.637560123309358961e-13
2.088367727446499567e-13
2.517476244828786847e-13
2.922812003276070714e-13
3.302491201513657604e-13
3.654835765629083077e-13
3.978383377942207311e-13
4.271902655835629892e-13
4.534403451675328434e-13
4.765143358023693487e-13
4.963634212852563454e-13
5.129645081099198922e-13
5.263205778323343242e-13
5.364606328606136287e-13
5.434392085640338266e-13
5.473357769618381052e-13
5.482541504120419518e-13
5.463215600395865401e-13
5.416869210128627543e-13
5.345199109718645758e-13
5.250086932036268639e-13
5.133584529692925003e-13
4.997892290997674181e-13
4.845334203307238852e-13
4.678341047892331517e-13
4.499421126478997390e-13
4.311136137750276598e-13
4.116078951201668223e-13
3.916846773137361293e-13
3.716016481070810729e-13
3.516117518670425213e-13
3.319614006423721175e-13
3.128877094481924415e-13
2.946161652313261659e-13
2.773590005670373282e-13
2.613128897294147990e-13
2.466572952830592413e-13
2.335527062545528221e-13
2.221394590625966337e-13
2.125360298995890296e-13
2.048382351325234163e-13
1.991181064432342995e-13
1.954232809646752611e-13
1.937763914171969359e-13
1.941748899256939831e-13
1.965907769690619644e-13
2.009707911155775295e-13
2.072367071784958492e-13
2.152858647646097023e-13
2.249919407682973715e-13
2.362056947605162271e-13
2.487563920041541143e-13
2.624529012087289948e-13
2.770852666235390505e-13
2.924264834187201290e-13
3.082341510935587836e-13
3.242528316162174296e-13
3.402157570421560084e-13
3.558476484397804507e-13
3.708668842947876465e-13
3.849879399650535383e-13
3.979243963416617680e-13
4.093915690391719542e-13
4.191091104808336576e-13
4.268040998747779646e-13
4.322136995093400769e-13
4.350883531494681433e-13
4.351943610168829135e-13
4.323167800308891362e-13
4.262623511542412702e-13
4.168620201631945132e-13
4.039735668377730793e-13
3.874838817863324181e-13
3.673113787953929954e-13
3.434077566581705820e-13
3.157598152132151670e-13
2.843910545426153735e-13
2.493626507539536963e-13
2.107742826844630213e-13
1.687646197920042446e-13
1.235113221550662721e-13
7.523062034442418167e-14
2.417653445876185442e-14
-2.936039811881480111e-14
-8.505484050359488069e-14
-1.425486925764676838e-13
-2.014538980511099142e-13
-2.613552007191960458e-13
-3.218139188292112873e-13
-3.823712993369227098e-13
-4.425529495817592807e-13
-5.018730114651759333e-13
-5.598390674654840637e-13
-6.159565587617044091e-13
-6.697339080888320417e-13
-7.206874528577211780e-13
-7.683462698547527392e-13
-8.122569457313932872e-13
-8.519885101240798342e-13
-8.871365014123666626e-13
-9.173274119478325161e-13
-9.422222117111411777e-13
-9.615197093387761740e-13
-9.749596963093409840e-13
-9.823251153479040099e-13
-9.834436867292573048e-13
-9.781900766822615445e-13
-9.664852468685425357e-13
-9.482980806857499445e-13
-9.236441906451675621e-13
-8.925851052200839408e-13
-8.552271304335112845e-13
-8.117191814538404770e-13
-7.622507768208219847e-13
-7.070495989906777634e-13
-6.463782959396924266e-13
-5.805313911880216615e-13
-5.098321938235006456e-13
-4.346290308990946594e-13
-3.552923742971419996e-13
-2.722111002318589046e-13
-1.857891688801863173e-13
-9.644249374801683317e-14
-4.596043123449196355e-15
8.931928547478706903e-14
1.848692504418866789e-13
2.816184514319725052e-13
3.791326248173826352e-13
4.769803801062122428e-13
5.747353547941314034e-13
6.719771223837045504e-13
7.682927644775405795e-13
8.632782531360627676e-13
9.565395350796812579e-13
1.047693290630313800e-12
1.136368126333775486e-12
1.222205821792277103e-12
1.304861709135185510e-12
1.384006407742499611e-12
1.459326474766153847e-12
1.530526031433276923e-12
1.597327738828147048e-12
1.659475291557188648e-12
1.716733309328755119e-12
1.768891240080949778e-12
1.815761950518801626e-12
1.857186279763389791e-12
1.893032605670974533e-12
1.923199880599080203e-12
1.947617631406495242e-12
1.966248561538486150e-12
1.979087900505493991e-12
1.986164704925741376e-12
1.987542292206101457e-12
1.983316722659056452e-12
1.973618100545304621e-12
1.958607755148111806e-12
1.938476289209400960e-12
1.913442277887145160e-12
1.883749016148850153e-12
1.849661916686340390e-12
1.811463956266634590e-12
1.769451447343473038e-12
1.723930568610365643e-12
1.675211835569512253e-12
1.623605221622026473e-12
1.569416038099680222e-12
1.512938862732737810e-12
1.454453636522134996e-12
1.394219700627530312e-12
1.332473302702308349e-12
1.269422175882717330e-12
1.205242719862220646e-12
1.140077398806282893e-12
1.074032030846938657e-12
1.007175245981706269e-12
9.395366429298945832e-13
8.711078191246668379e-13
8.018426417635837744e-13
7.316584946411019974e-13
6.604400186460690492e-13
5.880409549054166352e-13
5.142885358029591902e-13
4.389869273212915202e-13
3.619235987295521539e-13
2.828726294000494246e-13
2.016016070445839081e-13
1.178768047798220420e-13
3.146988285197480084e-14
-5.783805238131906057e-14
-1.502498348177408460e-13
-2.459466007589949932e-13
-3.450834182208012413e-13
-4.477835474376440361e-13
-5.541361640382103104e-13
-6.641904908011309061e-13
-7.779536021455812911e-13
-8.953891230886745767e-13
-1.016415033736062234e-12
-1.140902801920196108e-12
-1.268677979511523279e-12
-1.399519280846639457e-12
-1.533160642712416699e-12
-1.669292633808827642e-12
-1.807563972631986982e-12
-1.947585539022189671e-12
-2.088932759408690387e-12
-2.231148642575786489e-12
-2.373747465950204472e-12
-2.516218570308703661e-12
-2.658030479746331665e-12
-2.798634371123376319e-12
-2.937465591948407173e-12
-3.073949731910441407e-12
-3.207505441804592294e-12
-3.337547035617283164e-12
-3.463487959973199359e-12
-3.584744480422674684e-12
-3.700736331962994896e-12
-3.810892573730129129e-12
-3.914652890041336875e-12
-4.011469108278209461e-12
-4.100811704099704968e-12
-4.182166765676065268e-12
-4.255042065220981939e-12
-4.318970962119417223e-12
-4.373511535565866026e-12
-4.418250921373045870e-12
-4.452806179333634873e-12
-4.476827328986354715e-12
-4.490001252743791582e-12
-4.492050394849789186e-12
-4.482734929783793731e-12
-4.461857099069543864e-12
-4.429259042870725693e-12
-4.384828437842269722e-12
-4.328496328726005871e-12
-4.260238429393270465e-12
-4.180075122844906232e-12
-4.088077099062559228e-12
-3.984358849795643920e-12
-3.869083005370033135e-12
-3.742462069411534031e-12
-3.604756033601108633e-12
-3.456272160834439333e-12
-3.297366936785839364e-12
-3.128442817301735346e-12
-2.949949963124143260e-12
-2.762380385198937027e-12
-2.566273582527145436e-12
-2.362210687473220716e-12
-2.150810779477652090e-12
-1.932730451376096781e-12
-1.708659797851341811e-12
-1.479319596507655543e-12
-1.245457838423835728e-12
-1.007846800807343790e-12
-7.672746986375766909e-13
-5.245454136153238078e-13
-2.804709047475595352e-13
-3.586994457428598071e-14
2.084404561930250366e-13
4.516474000348935647e-13
6.929454839793569576e-13
9.315445550356349358e-13
1.166670709693007346e-12
1.397573788468331468e-12
1.623527809586911008e-12
1.843839317339224237e-12
2.057847165240489495e-12
2.264929129663917351e-12
2.464502777202448591e-12
2.656029476216792418e-12
2.839018299963247394e-12
3.013022340306314995e-12
3.177649549740424462e-12
3.332561006666456827e-12
3.477468746987399939e-12
3.612142486161817878e-12
3.736405716076030004e-12
3.850135921884545454e-12
3.953266533573973618e-12
4.045781938633030705e-12
4.127717698892974241e-12
4.199160984208472058e-12
4.260245368287174372e-12
4.311149093966237800e-12
4.352091170084504412e-12
4.383329203078156766e-12
4.405151157044207011e-12
4.417875353740496891e-12
4.421847436819614785e-12
4.417432131892384817e-12
4.405010644442652890e-12
4.384978925103810710e-12
4.357738128679677914e-12
4.323696782548847040e-12
4.283262113047303643e-12
4.236839178106688308e-12
4.184822193636916765e-12
4.127596268249655864e-12
4.065532199087895648e-12
3.998984737102473375e-12
3.928287816562514578e-12
3.853752386651088102e-12
3.775665544103468108e-12
3.694287497441051116e-12
3.609852217492659499e-12
3.522562666904982542e-12
3.432594486429962899e-12
3.340091874956541140e-12
3.245169541074566233e-12
3.147913353596099029e-12
3.048381642598019248e-12
2.946606283624197964e-12
2.842592264004628611e-12
2.736325272270634379e-12
2.627769096069654253e-12
2.516871693697408929e-12
2.403568663544852768e-12
2.287785412502518767e-12
2.169443010652249981e-12
2.048461877554585975e-12
1.924767203259625248e-12
1.798288731466590740e-12
1.668969649981644210e-12
1.536771144367010677e-12
1.401673048462281912e-12
1.263682301161361821e-12
1.122831428529424969e-12
9.791876511011654571e-13
8.328497939046053400e-13
6.839551169347812820e-13
5.326768756988564668e-13
3.792299048573088971e-13
2.238704284885512097e-13
6.689259064197872195e-14
-9.136789225596200770e-14
-2.505367874966468733e-13
-4.102021998984850537e-13
-5.699152629858039720e-13
-7.291952957254321799e-13
-8.875296331201099065e-13
-1.044378884589025613e-12
-1.199180511834985197e-12
-1.351353165653101929e-12
-1.500299125385684551e-12
-1.645412647278965412e-12
-1.786078229759624492e-12
-1.921682214398034994e-12
-2.051612569067828851e-12
-2.175268645765449094e-12
-2.292064975317753550e-12
-2.401434736828966798e-12
-2.502838214457625554e-12
-2.595764315299620151e-12
-2.679739676686443417e-12
-2.754329316706494168e-12
-2.819143573098981115e-12
-2.873841789541309311e-12
-2.918136435617335600e-12
-2.951795058381279091e-12
-2.974646137049452577e-12
-2.986580167202435021e-12
-2.987549877625506056e-12
-2.977575217638639415e-12
-2.956741622373026956e-12
-2.925202181175423632e-12
-2.883175252363368024e-12
-2.830945113746485831e-12
-2.768860444743448390e-12
-2.697332157977627709e-12
-2.616831664553620485e-12
-2.527886537248558163e-12
-2.431078992629065461e-12
-2.327039602678659946e-12
-2.216445126393407072e-12
-2.100012221409319757e-12
-1.978493324034102940e-12
-1.852669927193684174e-12
-1.723347267841568442e-12
-1.591348472267106740e-12
-1.457507183520723171e-12
-1.322663549865876753e-12
-1.187654900640378042e-12
-1.053311626288133684e-12
-9.204495889439390233e-13
-7.898639424810949272e-13
-6.623238741308712374e-13
-5.385666413705580968e-13
-4.192918256519517772e-13
-3.051569955926647371e-13
-1.967734108250171476e-13
-9.470123117768722287e-14
5.535342310856723562e-16
8.854206837117725715e-14
1.688757505146840088e-13
2.412270687021655924e-13
3.053321755586840824e-13
3.609908053904542502e-13
4.080681918674361475e-13
4.464932113271147252e-13
4.762594398716180066e-13
4.974230662785350532e-13
5.101017264835805420e-13
5.144737175340197144e-13
5.107756665539975316e-13
4.992986818268263516e-13
4.803874854332479405e-13
4.544371064348073919e-13
4.218884356449459361e-13
3.832254338084067902e-13
3.389714724189030193e-13
2.896851053306448431e-13
2.359560572103014398e-13
1.784011577788541247e-13
1.176592867189671376e-13
5.438705041882485602e-14
-1.074545658073626508e-14
-7.705950000281777679e-14
-1.438732488180660685e-13
-2.105053056779965237e-13
-2.762803549306858120e-13
-3.405339161696718797e-13
-4.026162270329841641e-13
-4.618968510623766566e-13
-5.177691500372894051e-13
-5.696550002542988267e-13
-6.170078011881463542e-13
-6.593165683549395695e-13
-6.961103243309507693e-13
-7.269606466277223067e-13
-7.514847034581495500e-13
-7.693485063429983395e-13
-7.802690785152499586e-13
-7.840170570053150989e-13
-7.804178852634235941e-13
-7.693532226224486514e-13
-7.507622995506224584e-13
-7.246422429121879283e-13
-6.910489975392453132e-13
-6.500965672902314640e-13
-6.019565813690508360e-13
-5.468578064340978706e-13
-4.850844118747810185e-13
-4.169743977183726358e-13
-3.429177514863157583e-13
-2.633538461090101368e-13
-1.787685532375279940e-13
-8.969105839973234851e-14
3.309697173376163586e-15
9.962842183186548795e-14
1.986276811430376377e-13
2.996421199271542823e-13
4.019830258591983174e-13
5.049429299165686391e-13
6.078005394989649535e-13
7.098258070735441461e-13
8.102851614504025246e-13
9.084468745833296222e-13
1.003585886269475758e-12
1.094989550420866209e-12
1.181962730814611895e-12
1.263832896843120057e-12
1.339955273474413566e-12
1.409717611741689858e-12
1.472544850812662620e-12
1.527904105319555228e-12
1.575308785327356187e-12
1.614321415259467596e-12
1.644559163328784823e-12
1.665695684681389732e-12
1.677464157162633640e-12
1.679660100242785781e-12
1.672142459219205790e-12
1.654836098881340423e-12
1.627732779292678789e-12
1.590890613689666111e-12
1.544434719003007217e-12
1.488556673756580295e-12
1.423513542285481659e-12
1.349626790533853260e-12
1.267278708187713487e-12
1.176911974994088173e-12
1.079025215532103399e-12
9.741703971277715368e-13
8.629485472554099257e-13
7.460058504098199261e-13
6.240288776167279838e-13
4.977399243634439419e-13
3.678914540627270524e-13
2.352612191430097921e-13
1.006463318177670818e-13
-3.514222129985013210e-14
-1.712853627379787302e-13
-3.069621651047987898e-13
-4.413550146013800468e-13
-5.736561399516393323e-13
-7.030730164725440545e-13
-8.288336380071759102e-13
-9.501927239821683635e-13
-1.066436002006287964e-12
-1.176885954141948520e-12
-1.280905936873466544e-12
-1.377904517915751192e-12
-1.467339054081473471e-12
-1.548719594408887179e-12
-1.621611699087477376e-12
-1.685638607862305349e-12
-1.740484926321395065e-12
-1.785896083794646927e-12
-1.821681260699703486e-12
-1.847713171701514945e-12
-1.863929366754946138e-12
-1.870330496381300556e-12
-1.866980745349189341e-12
-1.854006097951055310e-12
-1.831593036960565968e-12
-1.799987134169789282e-12
-1.759488605160286490e-12
-1.710451550361591355e-12
-1.653280702444692718e-12
-1.588426438992041057e-12
-1.516382614093203518e-12
-1.437681462594653237e-12
-1.352890455913469125e-12
-1.262606881026473449e-12
-1.167453612081759129e-12
-1.068074556749565307e-12
-9.651299941529356552e-13
-8.592912080669645736e-13
-7.512358790595641267e-13
-6.416432055816878588e-13
-5.311893503182063547e-13
-4.205421547023163731e-13
-3.103569918422310892e-13
-2.012721857670013437e-13
-9.390462040771707652e-14
1.115427279756381687e-14
1.133422037323007781e-13
2.121299013183031157e-13
3.070241272589563364e-13
3.975705398576168115e-13
4.833567357129253672e-13
5.640137879306394986e-13
6.392186584734671495e-13
7.086954178885107591e-13
7.722164921397656201e-13
8.296030420788802484e-13
8.807255055462426263e-13
9.255031636901112080e-13
9.639044120171580410e-13
9.959449714588841651e-13
1.021686316278469508e-12
1.041235131969686645e-12
1.054740821591904076e-12
1.062393228945524015e-12
1.064419169125030429e-12
1.061081127476382058e-12
1.052672814368105225e-12
1.039515912584776380e-12
1.021957583662025382e-12
1.000365372136324815e-12
9.751247118799932778e-13
9.466339387712019438e-13
9.153011465076743569e-13
8.815402292687568586e-13
8.457669243774890155e-13
8.083945839121309263e-13
7.698310847299716375e-13
7.304753048102685664e-13
6.907131659163179283e-13
6.509151399304580199e-13
6.114328336172258904e-13
5.725966575886864973e-13
5.347130615888928684e-13
4.980626913501928765e-13
4.628984370293187656e-13
4.294438069041284223e-13
3.978917889613242664e-13
3.684043630054756324e-13
3.411115790871721565e-13
3.161116659232410253e-13
2.934709766866383518e-13
2.732245582125897299e-13
2.553771267805454714e-13
2.399039354759185949e-13
2.267522514155448365e-13
2.158430633661043152e-13
2.070728571251789774e-13
2.003157703730704120e-13
1.954259237074706945e-13
1.922398058882418548e-13
1.905789572377927787e-13
1.902525446212388616e-13
1.910603294498491866e-13
1.927951206884617741e-13
1.952458241740936962e-13
1.982001666738994472e-13
2.014473657330206890e-13
2.047806911022187482e-13
2.080000939281428929e-13
2.109144700253653970e-13
2.133437876231450425e-13
2.151210660343919057e-13
2.160943136670506748e-13
2.161279103818705694e-13
2.151040440602838832e-13
2.129236050711982853e-13
2.095072162630606805e-13
2.047956124346175799e-13
1.987499113854582222e-13
1.913517900988676024e-13
1.826031323761204139e-13
1.725256222606663670e-13
1.611600257541909165e-13
1.485652150346600253e-13
1.348172604370007077e-13
1.200079938852224859e-13
1.042435994295931589e-13
8.764303437722512080e-14
7.033621325343644703e-14
5.246247297805047005e-14
3.416846883555479941e-14
1.560642111690050543e-14
-3.067862914187956432e-15
-2.169693190303551011e-14
-4.012362883891625043e-14
-5.819279655589273959e-14
-7.575314480518999249e-14
-9.265900763680279262e-14
-1.087717630267152902e-13
-1.239613202667563807e-13
-1.381075158748967802e-13
-1.511011232585221520e-13
-1.628450521130864193e-13
-1.732550328247331461e-13
-1.822603483067619656e-13
-1.898043625481876662e-13
-1.958447239016475327e-13
-2.003536090288901561e-13
-2.033177635583569010e-13
-2.047380819568400678e-13
-2.046294991092656446e-13
-2.030203940074984392e-13
-1.999519392290385889e-13
-1.954775723884624727e-13
-1.896618712776687588e-13
-1.825798355819391317e-13
-1.743158026777658076e-13
-1.649623769832062048e-13
-1.546192102304388971e-13
-1.433919443686454409e-13
-1.313910460466749530e-13
-1.187304920179099721e-13
-1.055267391482025974e-13
-9.189740982074035003e-14
-7.796027549650946797e-14
-6.383219284091315449e-14
-4.962797547588583547e-14
-3.545950967749622595e-14
-2.143483449816661196e-14
-7.657273557901914801e-15
5.775259946243531048e-15
1.877090910278825936e-14
3.124443656273359626e-14
4.311773445339790733e-14
5.432017886170502352e-14
6.478885218033289539e-14
7.446877858287292984e-14
8.331303583217902764e-14
9.128274172784042739e-14
9.834696262662340205e-14
1.044826050222540104e-13
1.096741987049835998e-13
1.139135443958827487e-13
1.171994359200345670e-13
1.195371248817120313e-13
1.209381038239434880e-13
1.214193134056740231e-13
1.210028306936408726e-13
1.197152592986513997e-13
1.175871737219696955e-13
1.146525230441217125e-13
1.109480684950182872e-13
1.065128684579232099e-13
1.013876821582583576e-13
9.561446144383534129e-14
8.923585611761430947e-14
8.229471927046275170e-14
7.483371425786797260e-14
6.689479970390516117e-14
5.851903298959362787e-14
4.974613318389602135e-14
4.061428792020635448e-14
3.115984846448899281e-14
2.141725009418161269e-14
1.141883422127627778e-14
1.194762736112648088e-15
-9.227031438170316124e-15
-1.982079966464638660e-14
-3.056292740589994228e-14
-4.143183734463262713e-14
-5.240790711558834802e-14
-6.347327448797540628e-14
-7.461161544283431701e-14
-8.580798154271193634e-14
-9.704857631496338621e-14
-1.083204638724181990e-13
-1.196112978628371959e-13
-1.309091181810051463e-13
-1.422020053792882877e-13
-1.534778570509362505e-13
-1.647240557931667349e-13
-1.759272523667310129e-13
-1.870731081978979637e-13
-1.981460243279109523e-13
-2.091289787826619562e-13
-2.200033639423656928e-13
-2.307487697011251226e-13
-2.413428885992413564e-13
-2.517614751656321870e-13
-2.619782646026691530e-13
-2.719649863387046951e-13
-2.816912285028005947e-13
-2.911248173954883445e-13
-3.002316548584432754e-13
-3.089758266947018051e-13
-3.173199821394218079e-13
-3.252254151750455513e-13
-3.326522542666798810e-13
-3.395597605176936540e-13
-3.459066800354237969e-13
-3.516514607716098029e-13
-3.567525506779911648e-13
-3.611689669124479307e-13
-3.648604584693265762e-13
-3.677879127552546867e-13
-3.699137350599013274e-13
-3.712022822368460373e-13
-3.716202692793935114e-13
-3.711370674761710342e-13
-3.697251651970517861e-13
-3.673604660487522766e-13
-3.640226683455927148e-13
-3.596955361600401302e-13
-3.543671703732514944e-13
-3.480303610407797787e-13
-3.406825873925739545e-13
-3.323263430936307383e-13
-3.229694343995920258e-13
-3.126246820011474581e-13
-3.013103004947947916e-13
-2.890496815424054011e-13
-2.758715293964958404e-13
-2.618096440597933450e-13
-2.469027315498556474e-13
-2.311943225839080407e-13
-2.147325692909360373e-13
-1.975698386358706871e-13
-1.797625091316812362e-13
-1.613705913686147575e-13
-1.424574298585987164e-13
-1.230892422493176652e-13
-1.033347737347707629e-13
-8.326479561176700073e-14
-6.295170548037409830e-14
-4.246905629359983003e-14
-2.189109895960050789e-14
-1.292306203285506060e-15
1.925307413768329728e-14
3.967149620419906098e-14
5.989054196152421294e-14
7.983938082054345409e-14
9.944915577890858782e-14
1.186534052434462527e-13
1.373883916789414572e-13
1.555935149602158396e-13
1.732115021075078531e-13
1.901887528759152457e-13
2.064756514635196494e-13
2.220265800639137366e-13
2.368002170217986535e-13
2.507597536734185173e-13
2.638727181637073871e-13
2.761113278119953218e-13
2.874523535867368196e-13
2.978770658954021933e-13
3.073712887945861949e-13
3.159253999900080156e-13
3.235340326809138523e-13
3.301960484550225949e-13
3.359144288683085788e-13
3.406958959742412141e-13
3.445509936389479222e-13
3.474935725451822055e-13
3.495407359822150228e-13
3.507124061649657953e-13
3.510312158137851579e-13
3.505220202634773408e-13
3.492117619380286087e-13
3.471290366697382668e-13
3.443039039638384757e-13
3.407673991075166331e-13
3.365512621193722520e-13
3.316875853837109034e-13
3.262086781252726553e-13
3.201464700980372058e-13
3.135323760599523224e-13
3.063969976173364085e-13
2.987698250692810698e-13
2.906789934621623051e-13
2.821511199593146335e-13
2.732111412107052217e-13
2.638820423023907624e-13
2.541849109666260986e-13
2.441388291616469752e-13
2.337607646514527904e-13
2.230656116633880637e-13
2.120662722033053726e-13
2.007737780283097573e-13
1.891973448568673444e-13
1.773445621041855325e-13
1.652216774852832692e-13
1.528336918826811441e-13
1.401846981595802899e-13
1.272781928679869723e-13
1.141172659840927750e-13
1.007051159043065303e-13
8.704509687909936511e-14
7.314126789035452214e-14
5.899853495290249827e-14
4.462306785473109383e-14
3.002252038555169866e-14
1.520628952888115198e-14
1.857690425303266078e-16
-1.502546832343309297e-14
-3.041150163185339650e-14
-4.595390569266631642e-14
-6.163170966416373076e-14
-7.742129149151261158e-14
-9.329641009400702067e-14
-1.092282053650681095e-13
-1.251852760992752667e-13
-1.411337816363197883e-13
-1.570376451489122194e-13
-1.728586078528909775e-13
-1.885565271628197870e-13
-2.040896070849493316e-13
-2.194146015051245957e-13
-2.344871258969094541e-13
-2.492619012670754808e-13
-2.636931200738351633e-13
-2.777347308299121798e-13
-2.913406007328672720e-13
-3.044650848712388003e-13
-3.170631075397056797e-13
-3.290905146047934382e-13
-3.405043445554173376e-13
-3.512630453433168709e-13
-3.613267454335988837e-13
-3.706574164350634470e-13
-3.792191712558012906e-13
-3.869781827880308667e-13
-3.939030633788587199e-13
-3.999648106201708631e-13
-4.051368073486327770e-13
-4.093950655911782199e-13
-4.127179555144661061e-13
-4.150864764754236269e-13
-4.164841757060833149e-13
-4.168967688428226737e-13
-4.163125193971245475e-13
-4.147218321797624396e-13
-4.121171448805832638e-13
-4.084932262241047773e-13
-4.038463899229405296e-13
-3.981748470435059195e-13
-3.914784891655836985e-13
-3.837588341722153462e-13
-3.750187009890493250e-13
-3.652622095843410799e-13
-3.544948080740073504e-13
-3.427229203559201132e-13
-3.299540274250695182e-13
-3.161967215836725131e-13
-3.014603540754667854e-13
-2.857553332413081959e-13
-2.690929347837905938e-13
-2.514853288723001290e-13
-2.329456343531238760e-13
-2.134881220373571753e-13
-1.931282282534307893e-13
-1.718825683996380582e-13
-1.497694112825853630e-13
-1.268084487242304714e-13
-1.030213376629687816e-13
-7.843165949605185316e-14
-5.306537070111534693e-14
-2.695088076321017212e-14
-1.194181062705900799e-16
2.739472772163732001e-14
5.555390945443522410e-14
8.431704770148207295e-14
1.136391870361352918e-13
1.434712944151442238e-13
1.737601219593126745e-13
2.044480578757001954e-13
2.354728825121332747e-13
2.667676463844609325e-13
2.982606566240275647e-13
3.298756396079988162e-13
3.615314970138727713e-13
3.931424955548601385e-13
4.246184838203187484e-13
4.558648922757535527e-13
4.867830856285226826e-13
5.172710133491409401e-13
5.472227488853564914e-13
5.765297093895949132e-13
6.050806557189591928e-13
6.327622345363159706e-13
6.594595746214904075e-13
6.850568831824610516e-13
7.094379879564460811e-13
7.324867708907722985e-13
7.540881981349389918e-13
7.741283742507265586e-13
7.924955179941517436e-13
8.090807754670970020e-13
8.237782743274191244e-13
8.364860995709044733e-13
8.471067272121379776e-13
8.555477832260238724e-13
8.617222603882201959e-13
8.655492772166595294e-13
8.669544574423093675e-13
8.658703636900411116e-13
8.622368769493904406e-13
8.560018470958608017e-13
8.471211471010320349e-13
8.355590525033207427e-13
8.212890003495010305e-13
8.042932097239441358e-13
7.845636033204650417e-13
7.621014821816707308e-13
7.369186099011326707e-13
7.090368331526264445e-13
6.784882443204576230e-13
6.453164825420687478e-13
6.095755952957582213e-13
5.713313394432872894e-13
5.306608017591196713e-13
4.876528868213991785e-13
4.424086964827100843e-13
3.950415027650228117e-13
3.456769375950741185e-13
2.944530741195300338e-13
2.415208332808005398e-13
1.870435501361705777e-13
1.311973939861418859e-13
7.417121929663428315e-14
1.616605070295373814e-14
-4.260508978492887067e-14
-1.019172539331453242e-13
-1.615345227370945658e-13
-2.212102706957222442e-13
-2.806881246528170060e-13
-3.397029294145703648e-13
-3.979816422163690026e-13
-4.552448370533090927e-13
-5.112077753298416294e-13
-5.655821947933570293e-13
-6.180781255728240442e-13
-6.684052725365596803e-13
-7.162755089572259148e-13
-7.614044486049798000e-13
-8.035144273034477980e-13
-8.423362918633103824e-13
-8.776116226967556333e-13
-9.090961490543225665e-13
-9.365612669079426134e-13
-9.597970205069139560e-13
-9.786144334125723709e-13
-9.928483816340483159e-13
-1.002359111511308409e-12
-1.007035058640803893e-12
-1.006794907859598354e-12
-1.001589544809278198e-12
-9.914035738189941327e-13
-9.762569442087198901e-13
-9.562060344914247167e-13
-9.313447365752458573e-13
-9.018046726039230521e-13
-8.677561165286451494e-13
-8.294068014856603721e-13
-7.870025703175798082e-13
-7.408258576903359316e-13
-6.911941722101411223e-13
-6.384593916920755508e-13
-5.830045647636783457e-13
-5.252423929819061144e-13
-4.656119782266154861e-13
-4.045755971990999678e-13
-3.426151777650293662e-13
-2.802285855620090249e-13
-2.179259377121933738e-13
-1.562246968074554321e-13
-9.564529344311539782e-14
-3.670680634990965141e-14
2.007863141159291209e-14
7.420940354189650701e-14
1.252002922993641909e-13
1.725866899480316130e-13
2.159295420418871903e-13
2.548198197588336100e-13
2.888827686179512577e-13
3.177821504204980663e-13
3.412237669069700940e-13
3.589589292040534785e-13
3.707879814816850139e-13
3.765623338321255620e-13
3.761870643551740168e-13
3.696222744108829117e-13
3.568845522924912750e-13
3.380472442769677510e-13
3.132408883058795945e-13
2.826525905691434915e-13
2.465249413028530734e-13
2.051544969062374379e-13
1.588895708797347095e-13
1.081278621327397271e-13
5.331291777401631071e-14
-5.069239773498705748e-15
-6.649453259061424704e-14
-1.304049641707993867e-13
-1.962137050059986620e-13
-2.633099901311330981e-13
-3.310651178114326632e-13
-3.988374843062747477e-13
-4.659786011912414594e-13
-5.318389500498510447e-13
-5.957741353208867441e-13
-6.571502782042049073e-13
-7.153501966131181611e-13
-7.697788261852578362e-13
-8.198686955035450197e-13
-8.650850218464012364e-13
-9.049304816773073856e-13
-9.389500895545799253e-13
-9.667350470490831960e-13
-9.879253448294433859e-13
-1.002215129462802334e-12
-1.009352974465360653e-12
-1.009145566589764176e-12
-1.001458464766624701e-12
-9.862166422056062309e-13
-9.634060042784664546e-13
-9.330727379977532543e-13
-8.953226614955012153e-13
-8.503192182492125273e-13
-7.982830434009879905e-13
-7.394884943105750619e-13
-6.742616447813487568e-13
-6.029768698234683200e-13
-5.260532135765993988e-13
-4.439508656528534658e-13
-3.571665532775547547e-13
-2.662294755310934402e-13
-1.716965735169481699e-13
-7.414754303169263094e-14
2.581968520281099910e-14
1.275940751709406240e-13
2.305561069750744485e-13
3.340830758737090012e-13
4.375533952088311862e-13
5.403511839363606128e-13
6.418708880379098147e-13
7.415209939132250128e-13
8.387285007141476179e-13
9.329423084764032481e-13
1.023636145465467440e-12
1.110312037623517600e-12
1.192502802234429726e-12
1.269774107907906124e-12
1.341725884042299644e-12
1.407995465010913883e-12
1.468256722800265202e-12
1.522222885935731185e-12
1.569645888960247149e-12
1.610316480854523391e-12
1.644064767138131433e-12
1.670759234087548784e-12
1.690306857156376186e-12
1.702651149411427145e-12
1.707772703633814171e-12
1.705687457595472800e-12
1.696444525654816626e-12
1.680125656655651056e-12
1.656842848682393843e-12
1.626738240639857835e-12
1.589981401747819767e-12
1.546767813657978774e-12
1.497316918890045923e-12
1.441871795571092463e-12
1.380696230089684118e-12
1.314074608675663836e-12
1.242308664793634332e-12
1.165717262302523594e-12
1.084635094412977896e-12
9.994105152830168315e-13
9.104052147573815645e-13
8.179927004844933514e-13
7.225569968738465576e-13
6.244914524736189243e-13
5.241979268190422037e-13
4.220857333352839857e-13
3.185700130341889702e-13
2.140714770162630010e-13
1.090146310896156212e-13
3.826531055044083210e-15
-1.010639800471356542e-13
-2.052279651559504869e-13
-3.082375392253478008e-13
-4.096670919162548330e-13
-5.090947195057760055e-13
-6.061044678304372546e-13
-7.002868879397994295e-13
-7.912418550221067548e-13
-8.785798694468938130e-13
-9.619241167491132671e-13
-1.040911389200982473e-12
-1.115195501048826809e-12
-1.184448155874817665e-12
-1.248361331841751909e-12
-1.306648691155876119e-12
-1.359048398992535045e-12
-1.405324099278126848e-12
-1.445267842035968808e-12
-1.478699866545862829e-12
-1.505472504471916384e-12
-1.525469963022108022e-12
-1.538609517570677099e-12
-1.544843571642251501e-12
-1.544159765332064893e-12
-1.536581734247477460e-12
-1.522170193710148389e-12
-1.501021637713428891e-12
-1.473270182066055423e-12
-1.439085287567587468e-12
-1.398672193689276533e-12
-1.352271051212328157e-12
-1.300154753823556941e-12
-1.242628721274952053e-12
-1.180027972037811512e-12
-1.112715822260135212e-12
-1.041081608942062697e-12
-9.655380878506591991e-13
-8.865191566953534164e-13
-8.044761146304424404e-13
-7.198755480608554080e-13
-6.331958611952015481e-13
-5.449236439684923550e-13
-4.555509073266017506e-13
-3.655715595692055064e-13
-2.754779369028292901e-13
-1.857574695191682723e-13
-9.688930701582526561e-14
-9.341092894847580208e-15
7.643416607104602800e-14
1.600011220520211608e-13
2.409452303474279855e-13
3.188749448952005183e-13
3.934246862753038032e-13
4.642565628806827327e-13
5.310630407651117935e-13
5.935681633706391125e-13
6.515289067803020640e-13
7.047370499668748067e-13
7.530191747928682844e-13
7.962379128430285835e-13
8.342916743737938123e-13
8.671154072548148406e-13
8.946791332960224441e-13
9.169883819284962989e-13
9.340825639012062531e-13
9.460341581293829627e-13
9.529474648620195332e-13
9.549563830674179243e-13
9.522233262310164648e-13
9.449364034297413895e-13
9.333074677680963660e-13
9.175702732344692691e-13
8.979772220946147243e-13
8.747974133277436337e-13
8.483133900200057198e-13
8.188191335904704271e-13
7.866170822351525871e-13
7.520153120013639558e-13
7.153252057530423702e-13
6.768589052956464069e-13
6.369266550808327931e-13
5.958345795920028110e-13
5.538824065197400781e-13
5.113614067776828254e-13
4.685523887285047984e-13
4.257243429311996508e-13
3.831322737367359732e-13
3.410162506111563685e-13
2.996001613030790933e-13
2.590907631667971334e-13
2.196766938277958103e-13
1.815281730271553484e-13
1.447964605204646316e-13
1.096136663424410185e-13
7.609277791198465479e-14
4.432779894558182276e-14
1.439408149422026495e-14
-1.365122004695108748e-14
-3.976852213424114657e-14
-6.393507007455487279e-14
-8.614406388739170861e-14
-1.064037706143168560e-13
-1.247364435049205800e-13
-1.411772310383821449e-13
-1.557730994975609073e-13
-1.685814980450714429e-13
-1.796693490600104193e-13
-1.891116522276595213e-13
-1.969904274423672774e-13
-2.033933053447248285e-13
-2.084126193022464713e-13
-2.121439959465454272e-13
-2.146855826792859467e-13
-2.161366924194677019e-13
-2.165971124245408275e-13
-2.161659658781248106e-13
-2.149411562363950923e-13
-2.130183507885463623e-13
-2.104904792132877844e-13
-2.074470559524851931e-13
-2.039737736353464115e-13
-2.001518796621720719e-13
-1.960579729164482754e-13
-1.917636785041948455e-13
-1.873354309135308315e-13
-1.828343520419301038e-13
-1.783161969861127294e-13
-1.738312862794091918e-13
-1.694245465493418590e-13
-1.651356324903693884e-13
-1.609989539689410387e-13
-1.570439606265669474e-13
-1.532952638525625355e-13
-1.497727858618472241e-13
-1.464920578505418680e-13
-1.434644910465118772e-13
-1.406975528922202456e-13
-1.381951058579064529e-13
-1.359577055971838977e-13
-1.339827906824200832e-13
-1.322650078653883621e-13
-1.307964831278110585e-13
-1.295670249692668086e-13
-1.285644632203694626e-13
-1.277748387781482697e-13
-1.271826339990095311e-13
-1.267709624341167851e-13
-1.265217992223524601e-13
-1.264161843782252159e-13
-1.264343312120871921e-13
-1.265558567230956610e-13
-1.267598087042673405e-13
-1.270249503455486706e-13
-1.273298144439244384e-13
-1.276527305084720898e-13
-1.279720144957419148e-13
-1.282660772299742957e-13
-1.285134379556268636e-13
-1.286928056525374342e-13
-1.287831467985597889e-13
-1.287637937897809226e-13
-1.286144449405210444e-13
-1.283152593510236694e-13
-1.278469653276728679e-13
-1.271908197254117967e-13
-1.263287570255414161e-13
-1.252434435458291140e-13
-1.239182232304000819e-13
-1.223373615952261240e-13
-1.204859644129627205e-13
-1.183500861331662768e-13
-1.159168111974570592e-13
-1.131742811445735075e-13
-1.101117623730080153e-13
-1.067197139036427100e-13
-1.029898077085401875e-13
-9.891501002610644799e-14
-9.448962879493594258e-14
-8.970930687754799515e-14
-8.457111692807689485e-14
-7.907356139227189606e-14
-7.321657250749721846e-14
-6.700156651284067122e-14
-6.043146397790438717e-14
-5.351063898082798753e-14
-4.624502752850583043e-14
-3.864201913636976238e-14
-3.071051103849774255e-14
-2.246088616475721417e-14
-1.390498772981668685e-14
-5.056035376883958460e-15
4.071318918119366109e-15
1.346108232611617841e-14
2.309600332706975012e-14
3.295758102734615280e-14
4.302614308674540533e-14
5.328093380992798833e-14
6.370014379256799808e-14
7.426105899915186326e-14
8.494009125616444611e-14
9.571290700109702509e-14
1.065544950450830752e-13
1.174393156506969849e-13
1.283413479657991019e-13
1.392342458775980285e-13
1.500913786702320896e-13
1.608859258924594249e-13
1.715910128829295500e-13
1.821797649802919805e-13
1.926254566009949487e-13
2.029014434766496233e-13
2.129814337045732309e-13
2.228394606427347435e-13
2.324498286996462548e-13
2.417873030697431647e-13
2.508271097333841793e-13
2.595450167720142476e-13
2.679171446327843764e-13
2.759203455993120002e-13
2.835318514259749234e-13
2.907295443884544417e-13
2.974918488635180935e-13
3.037977584340739723e-13
3.096268900992793505e-13
3.149592945391604948e-13
3.197758626904273482e-13
3.240579733807674723e-13
3.277876017490632954e-13
3.309474276656093616e-13
3.335207815220037064e-13
3.354917797564194171e-13
3.368451622232787601e-13
3.375665903488506148e-13
3.376424845009246001e-13
3.370601595140826356e-13
3.358080415301334387e-13
3.338754782627323392e-13
3.312528745226528404e-13
3.279318819531668039e-13
3.239054261350987618e-13
3.191677607969345409e-13
3.137145762350385114e-13
3.075431077338708352e-13
3.006521897760960904e-13
2.930424457779634562e-13
2.847162880893067127e-13
2.756780264137614900e-13
2.659339491239282038e-13
2.554925401018065534e-13
2.443643974236325844e-13
2.325623417800959380e-13
2.201016062117200356e-13
2.069998090038077665e-13
1.932770214490772687e-13
1.789559440305149574e-13
1.640616624758867159e-13
1.486219594658624854e-13
1.326671520036903917e-13
1.162301727303596821e-13
9.934640051801127414e-14
8.205373500883711424e-14
6.439245431354503890e-14
4.640505915729647990e-14
2.813626610344288625e-14
9.632761066938073241e-15
-9.056808308958302911e-15
-2.788216299553017419e-14
-4.679159417244650732e-14
-6.573212839918601835e-14
-8.464983678206292050e-14
-1.034899772757620628e-13
-1.221974317523397136e-13
-1.407168110333090194e-13
-1.589928682417182659e-13
-1.769707698526939987e-13
-1.945964819404649715e-13
-2.118169870187966430e-13
-2.285806093016429230e-13
-2.448373264112707615e-13
-2.605391759540748309e-13
-2.756402148629960580e-13
-2.900972376814608955e-13
-3.038698307734899462e-13
-3.169205891641324602e-13
-3.292152791697922076e-13
-3.407232178689878488e-13
-3.514174086276244946e-13
-3.612745139939393946e-13
-3.702752351692623067e-13
-3.784042577979068733e-13
-3.856502248621163087e-13
-3.920059264174435842e-13
-3.974684351180229891e-13
-4.020386183255925117e-13
-4.057215446853085217e-13
-4.085261046549854003e-13
-4.104649834000412278e-13
-4.115545523732805355e-13
-4.118145711592968716e-13
-4.112681061593098653e-13
-4.099413679608393535e-13
-4.078635216023251964e-13
-4.050661444720410342e-13
-4.015832263080942877e-13
-3.974508981478830361e-13
-3.927071070674442721e-13
-3.873912638157478439e-13
-3.815441072894248942e-13
-3.752074063771704271e-13
-3.684235262788743137e-13
-3.612355640308928528e-13
-3.536864540392564704e-13
-3.458191307099955925e-13
-3.376764471339777085e-13
-3.293004161453866319e-13
-3.207326168975371816e-13
-3.120133275011371943e-13
-3.031818502849392694e-13
-2.942761052199260874e-13
-2.853324943940388492e-13
-2.763858749071229637e-13
-2.674693149254392388e-13
-2.586139039462836964e-13
-2.498487256929332601e-13
-2.412008852197000675e-13
-2.326954004917142216e-13
-2.243550126495436059e-13
-2.162004028496283814e-13
-2.082498398985749288e-13
-2.005193835410631897e-13
-1.930229793275367589e-13
-1.857722688788226995e-13
-1.787765627810772306e-13
-1.720432742666547221e-13
-1.655775532958744800e-13
-1.593825847126181805e-13
-1.534595340342212455e-13
-1.478076287666357791e-13
-1.424241041943219432e-13
-1.373044744307910792e-13
-1.324425595236600195e-13
-1.278306345324498050e-13
-1.234593211083684361e-13
-1.193177094670552774e-13
-1.153936294391241790e-13
-1.116735759312641185e-13
-1.081427902414021369e-13
-1.047853684789205875e-13
-1.015844513000373206e-13
-9.852222390780568384e-14
-9.558001091980461439e-14
-9.273838478835588761e-14
-8.997723356315989740e-14
-8.727594385041226310e-14
-8.461342114159456362e-14
-8.196812369479222760e-14
-7.931839457160985707e-14
-7.664221091541884023e-14
-7.391775315749790631e-14
-7.112305942759064581e-14
-6.823654054993744111e-14
-6.523670221646876710e-14
-6.210260577272849747e-14
-5.881372591633876601e-14
-5.535032000336496949e-14
-5.169329929930778500e-14
-4.782439160942904277e-14
-4.372640894116305854e-14
-3.938320007027158731e-14
-3.477985382875116438e-14
-2.990255680329796661e-14
-2.473916592958015637e-14
-1.927889509004739738e-14
-1.351242438118105058e-14
-7.432213515684658184e-15
-1.032347768366661828e-15
5.691335074796627716e-15
1.274109923875233960e-14
2.011749497727883390e-14
2.781908953414582997e-14
3.584258541008966681e-14
4.418269542545358308e-14
5.283215203755013689e-14
6.178179712615361474e-14
7.102046679701920495e-14
8.053498460561941963e-14
9.031028014175671026e-14
1.003293382075866325e-13
1.105731920413542679e-13
1.210209233173942245e-13
1.316497637900843065e-13
1.424350139786825786e-13
1.533500973774359899e-13
1.643666756520612005e-13
1.754545808771088011e-13
1.865821136915607470e-13
1.977155418553255828e-13
2.088197101129604660e-13
2.198578098007095138e-13
2.307915685818839879e-13
2.415811149215907339e-13
2.521853168999110828e-13
2.625617822119008515e-13
2.726668988251718106e-13
2.824560518203261816e-13
2.918837047061195733e-13
3.009037246801127274e-13
3.094691928932913338e-13
3.175330007612608973e-13
3.250478499642467378e-13
3.319664421824741751e-13
3.382419127770375233e-13
3.438279121050630271e-13
3.486791476207951046e-13
3.527514109806506593e-13
3.560020659341966986e-13
3.583904820050193285e-13
3.598782513311582498e-13
3.604295952409214410e-13
3.600117166185912154e-13
3.585952606903475282e-13
3.561547487051369698e-13
3.526689303003788245e-13
3.481210816575625033e-13
3.424996560235510357e-13
3.357983921307983177e-13
3.280168834034896674e-13
3.191607947979763216e-13
3.092422964836444299e-13
2.982803077884038645e-13
2.863007953542856532e-13
2.733370983980937252e-13
2.594300642366764720e-13
2.446282922324155562e-13
2.289882151083888484e-13
2.125741260534247390e-13
1.954584226675909475e-13
1.777212817015427770e-13
1.594509030020119233e-13
1.407431300410461050e-13
1.217014634685362195e-13
1.024367155227738635e-13
8.306658990210949445e-14
6.371555301594444831e-14
4.451421734474533820e-14
2.559873665851971486e-14
7.110507014185685898e-15
-1.080479886198795411e-14
-2.799778129876449168e-14
-4.431613699596402556e-14
-5.960555942048639810e-14
-7.371058245112666052e-14
-8.647566712184640014e-14
-9.774629429427569849e-14
-1.073699234990094231e-13
-1.151972397681055860e-13
-1.210834546776923260e-13
-1.248894650890397529e-13
-1.264832422825934444e-13
-1.257410245803641802e-13
-1.225488758865508898e-13
-1.168040544927834157e-13
-1.084162463580937152e-13
-9.730897457174009224e-14
-8.342104269734931798e-14
-6.670772739530636541e-14
-4.714232341085020095e-14
-2.471715323734691161e-14
5.552343850294893472e-16
2.864095882660309955e-14
5.948388483167921237e-14
9.300463096060043733e-14
1.291000319885229897e-13
1.676423892283188111e-13
2.084793383934357980e-13
2.514332600629665126e-13
2.963015304034005704e-13
3.428565753787332637e-13
3.908461011434272159e-13
4.399939885092046810e-13
4.900010518865682840e-13
5.405461776970821308e-13
5.912874356805986054e-13
6.418639491440059075e-13
6.918975483695410933e-13
7.409951016494609188e-13
7.887505210600609384e-13
8.347473645468894698e-13
8.785617632706133051e-13
9.197653489528834214e-13
9.579287233232869347e-13
9.926241686247783136e-13
1.023429496531391703e-12
1.049931734435627373e-12
1.071730594895403677e-12
1.088442270341660745e-12
1.099703444626398685e-12
1.105174437208977789e-12
1.104543756805242971e-12
1.097530920313172231e-12
1.083890355940697603e-12
1.063414981072874355e-12
1.035938804357094956e-12
1.001340069889389284e-12
9.595440761400730878e-13
9.105252359378757099e-13
8.543090822439591836e-13
7.909737318248510896e-13
7.206515115557032836e-13
6.435289584202918967e-13
5.598477952929725721e-13
4.699046056780287195e-13
3.740500747681507754e-13
2.726877968220464687e-13
1.662727301763450294e-13
5.530890686850781224e-14
-5.965305425190484123e-14
-1.780190578282159208e-13
-2.991551505213824180e-13
-4.223915054529792101e-13
-5.470268335527883607e-13
-6.723332285872574143e-13
-7.975611815945471417e-13
-9.219450290004482795e-13
-1.044708915730330201e-12
-1.165072162009894718e-12
-1.282255985418645494e-12
-1.395488976110859092e-12
-1.504013818869054386e-12
-1.607092930955289489e-12
-1.704014967324196661e-12
-1.794100566894496485e-12
-1.876707990400294790e-12
-1.951239517183900318e-12
-2.017145565164080168e-12
-2.073929569745835977e-12
-2.121153946932352596e-12
-2.158441394367605071e-12
-2.185481179708959054e-12
-2.202030658510212291e-12
-2.207917876306808580e-12
-2.203042869658444758e-12
-2.187380485074719161e-12
-2.160978861132090145e-12
-2.123960729516483070e-12
-2.076522113980683315e-12
-2.018931679823032788e-12
-1.951527914961781462e-12
-1.874716744690307912e-12
-1.788968821171688095e-12
-1.694815295050222659e-12
-1.592844237584267741e-12
-1.483695328055589790e-12
-1.368054866439372130e-12
-1.246650460813569783e-12
-1.120244630566091804e-12
-9.896294938041561018e-13
-8.556197742502769099e-13
-7.190464586595557428e-13
-5.807505084470809820e-13
-4.415758394788610319e-13
-3.023630608042782164e-13
-1.639429558905267093e-13
-2.713006380693824132e-14
1.072834109419086579e-13
2.385334497197882930e-13
3.658897729068300020e-13
4.886608695811589520e-13
6.061990644699866149e-13
7.179043058809508882e-13
8.232283127754258523e-13
9.216780984255823483e-13
1.012817976188407076e-12
1.096272486851568306e-12
1.171727862306348733e-12
1.238933218170035211e-12
1.297700553785918753e-12
1.347905077483946279e-12
1.389484989740286114e-12
1.422439640033634767e-12
1.446828225802609946e-12
1.462767840881840087e-12
1.470430981836967632e-12
1.470041753257045336e-12
1.461873482509756794e-12
1.446243949251857508e-12
1.423512891764178168e-12
1.394076260680110479e-12
1.358362749538655212e-12
1.316828590613994265e-12
1.269952784425931736e-12
1.218233088191855717e-12
1.162180920076527624e-12
1.102316371862088751e-12
1.039163438458501343e-12
9.732456810948586501e-13
9.050823784016726048e-13
8.351837559213148854e-13
7.640471371903045927e-13
6.921535827125735452e-13
6.199644205125143248e-13
5.479181561587886939e-13
4.764279248892222540e-13
4.058795129418396597e-13
3.366288096797592777e-13
2.690005065485862046e-13
2.032870806368755612e-13
1.397478188941772559e-13
7.860856740928359732e-14
2.006151965199248072e-14
-3.573436170448487936e-14
-8.865290771452316587e-14
-1.385995945834064824e-13
-1.855104340541674501e-13
-2.293504470542162554e-13
-2.701118679854924709e-13
-3.078122338181360496e-13
-3.424922292386695100e-13
-3.742132743001641559e-13
-4.030554373330580420e-13
-4.291144262841273260e-13
-4.524995016273042348e-13
-4.733305761228656650e-13
-4.917358837827623397e-13
-5.078490796298074095e-13
-5.218073694489289149e-13
-5.337483927059238908e-13
-5.438084336138737651e-13
-5.521203069389080120e-13
-5.588113522261850541e-13
-5.640012653955472910e-13
-5.678011229595658627e-13
-5.703118099303905453e-13
-5.716226103569255201e-13
-5.718108278540690037e-13
-5.709407556106493864e-13
-5.690635679692079840e-13
-5.662167241148041708e-13
-5.624245101761016219e-13
-5.576981476455855624e-13
-5.520362812705403854e-13
-5.454256295743531435e-13
-5.378420148485774099e-13
-5.292515015652143884e-13
-5.196115889991026471e-13
-5.088729459513940956e-13
-4.969802781112919732e-13
-4.838745506705044441e-13
-4.694945604163947017e-13
-4.537783451948051994e-13
-4.366654065245112459e-13
-4.180984985308056068e-13
-3.980250645133770471e-13
-3.763991885102208057e-13
-3.531833571261688842e-13
-3.283497063653884052e-13
-3.018817834599119010e-13
-2.737756039667554875e-13
-2.440411967560146556e-13
-2.127032409796406065e-13
-1.798021096160312693e-13
-1.453944522286990115e-13
-1.095535405557131192e-13
-7.236960732287869846e-14
-3.394999193340360322e-14
5.581256790553826980e-15
4.608380666545723592e-14
8.740169097362984751e-14
1.293639810074145857e-13
1.717861015113411605e-13
2.144707751238622562e-13
2.572096995025890953e-13
2.997850719835964961e-13
3.419711074644643523e-13
3.835361119409325115e-13
4.242444069657569372e-13
4.638583354227288069e-13
5.021405383512367315e-13
5.388559065101772294e-13
5.737737216772453852e-13
6.066699334734970694e-13
6.373293819778025338e-13
6.655478035008655091e-13
6.911336737289164311e-13
7.139101050775142898e-13
7.337167982554571033e-13
7.504116143579320219e-13
7.638718759091223109e-13
7.739956136947057086e-13
7.807032472752217789e-13
7.839375307759632872e-13
7.836648539295831828e-13
7.798758383872894662e-13
7.725851208784106916e-13
7.618313532103959673e-13
7.476773648991408283e-13
7.302094584375751207e-13
7.095369756147940077e-13
6.857908338431251138e-13
6.591232008974767798e-13
6.297058686120793336e-13
5.977286807873349872e-13
5.633980153067763563e-13
5.269353746742422295e-13
4.885749465589894758e-13
4.485618148621084433e-13
4.071500352576667980e-13
3.646005481035274887e-13
3.211786576712977181e-13
2.771521890026357182e-13
2.327887774038195356e-13
1.883543776677598647e-13
1.441103773857158044e-13
1.003121129455712690e-13
5.720648428705552013e-14
1.503033876287980519e-14
-2.599143129726217555e-14
-6.564747931456921259e-14
-1.037413902070342953e-13
-1.400932321538039815e-13
-1.745404900254862723e-13
-2.069392156548929829e-13
-2.371642921113192859e-13
-2.651106059941427118e-13
-2.906930338802959923e-13
-3.138467404798644944e-13
-3.345271379785047516e-13
-3.527096963020642795e-13
-3.683892383851694596e-13
-3.815799130661712280e-13
-3.923141379900269010e-13
-4.006414611960190664e-13
-4.066278563863434670e-13
-4.103545574087735792e-13
-4.119166487938363819e-13
