-4.114216562919881248e-13
-4.089882187259530344e-13
-4.047445701076818336e-13
-3.988268320199300776e-13
-3.913774957332166737e-13
-3.825438772177280899e-13
0.000000000000000000e+00
0.000000000000000000e+00
0.000000000000000000e+00
0.000000000000000000e+00
0.000000000000000000e+00
0.000000000000000000e+00
0.000000000000000000e+00
0.000000000000000000e+00
0.000000000000000000e+00
0.000000000000000000e+00
0.000000000000000000e+00
0.000000000000000000e+00
0.000000000000000000e+00
0.000000000000000000e+00
0.000000000000000000e+00
0.000000000000000000e+00
0.000000000000000000e+00
0.000000000000000000e+00
0.000000000000000000e+00
0.000000000000000000e+00
0.000000000000000000e+00
0.000000000000000000e+00
0.000000000000000000e+00
0.000000000000000000e+00
0.000000000000000000e+00
0.000000000000000000e+00
0.000000000000000000e+00
0.000000000000000000e+00
0.000000000000000000e+00
0.000000000000000000e+00
0.000000000000000000e+00
0.000000000000000000e+00
0.000000000000000000e+00
0.000000000000000000e+00
0.000000000000000000e+00
0.000000000000000000e+00
0.000000000000000000e+00
0.000000000000000000e+00
0.000000000000000000e+00
0.000000000000000000e+00
0.000000000000000000e+00
0.000000000000000000e+00
0.000000000000000000e+00
0.000000000000000000e+00
0.000000000000000000e+00
0.000000000000000000e+00
0.000000000000000000e+00
0.000000000000000000e+00
0.000000000000000000e+00
0.000000000000000000e+00
0.000000000000000000e+00
0.000000000000000000e+00
0.000000000000000000e+00
0.000000000000000000e+00
0.000000000000000000e+00
0.000000000000000000e+00
0.000000000000000000e+00
0.000000000000000000e+00
0.000000000000000000e+00
0.000000000000000000e+00
0.000000000000000000e+00
0.000000000000000000e+00
0.000000000000000000e+00
0.000000000000000000e+00
0.000000000000000000e+00
0.000000000000000000e+00
0.000000000000000000e+00
0.000000000000000000e+00
0.000000000000000000e+00
0.000000000000000000e+00
0.000000000000000000e+00
0.000000000000000000e+00
0.000000000000000000e+00
0.000000000000000000e+00
0.000000000000000000e+00
0.000000000000000000e+00
0.000000000000000000e+00
0.000000000000000000e+00
0.000000000000000000e+00
0.000000000000000000e+00
0.000000000000000000e+00
0.000000000000000000e+00
0.000000000000000000e+00
0.000000000000000000e+00
0.000000000000000000e+00
0.000000000000000000e+00
0.000000000000000000e+00
0.000000000000000000e+00
0.000000000000000000e+00
0.000000000000000000e+00
0.000000000000000000e+00
0.000000000000000000e+00
0.000000000000000000e+00
0.000000000000000000e+00
0.000000000000000000e+00
0.000000000000000000e+00
0.000000000000000000e+00
0.000000000000000000e+00
0.000000000000000000e+00
0.000000000000000000e+00
0.000000000000000000e+00
0.000000000000000000e+00
0.000000000000000000e+00
0.000000000000000000e+00
0.000000000000000000e+00
0.000000000000000000e+00
0.000000000000000000e+00
0.000000000000000000e+00
0.000000000000000000e+00
0.000000000000000000e+00
0.000000000000000000e+00
0.000000000000000000e+00
0.000000000000000000e+00
0.000000000000000000e+00
0.000000000000000000e+00
0.000000000000000000e+00
0.000000000000000000e+00
0.000000000000000000e+00
0.000000000000000000e+00
0.000000000000000000e+00
0.000000000000000000e+00
0.000000000000000000e+00
0.000000000000000000e+00
0.000000000000000000e+00
0.000000000000000000e+00
0.000000000000000000e+00
0.000000000000000000e+00
0.000000000000000000e+00
0.000000000000000000e+00
0.000000000000000000e+00
0.000000000000000000e+00
0.000000000000000000e+00
0.000000000000000000e+00
0.000000000000000000e+00
0.000000000000000000e+00
0.000000000000000000e+00
0.000000000000000000e+00
0.000000000000000000e+00
0.000000000000000000e+00
0.000000000000000000e+00
0.000000000000000000e+00
0.000000000000000000e+00
0.000000000000000000e+00
0.000000000000000000e+00
0.000000000000000000e+00
0.000000000000000000e+00
0.000000000000000000e+00
0.000000000000000000e+00
0.000000000000000000e+00
0.000000000000000000e+00
0.000000000000000000e+00
0.000000000000000000e+00
0.000000000000000000e+00
0.000000000000000000e+00
0.000000000000000000e+00
0.000000000000000000e+00
0.000000000000000000e+00
0.000000000000000000e+00
0.000000000000000000e+00
0.000000000000000000e+00
0.000000000000000000e+00
0.000000000000000000e+00
0.000000000000000000e+00
0.000000000000000000e+00
0.000000000000000000e+00
0.000000000000000000e+00
0.000000000000000000e+00
0.000000000000000000e+00
0.000000000000000000e+00
0.000000000000000000e+00
0.000000000000000000e+00
0.000000000000000000e+00
0.000000000000000000e+00
0.000000000000000000e+00
0.000000000000000000e+00
0.000000000000000000e+00
0.000000000000000000e+00
0.000000000000000000e+00
0.000000000000000000e+00
0.000000000000000000e+00
0.000000000000000000e+00
0.000000000000000000e+00
0.000000000000000000e+00
0.000000000000000000e+00
0.000000000000000000e+00
0.000000000000000000e+00
0.000000000000000000e+00
0.000000000000000000e+00
0.000000000000000000e+00
0.000000000000000000e+00
0.000000000000000000e+00
0.000000000000000000e+00
0.000000000000000000e+00
0.000000000000000000e+00
0.000000000000000000e+00
0.000000000000000000e+00
0.000000000000000000e+00
0.000000000000000000e+00
0.000000000000000000e+00
0.000000000000000000e+00
0.000000000000000000e+00
0.000000000000000000e+00
0.000000000000000000e+00
0.000000000000000000e+00
0.000000000000000000e+00
0.000000000000000000e+00
0.000000000000000000e+00
0.000000000000000000e+00
0.000000000000000000e+00
0.000000000000000000e+00
0.000000000000000000e+00
0.000000000000000000e+00
0.000000000000000000e+00
0.000000000000000000e+00
0.000000000000000000e+00
0.000000000000000000e+00
0.000000000000000000e+00
0.000000000000000000e+00
0.000000000000000000e+00
0.000000000000000000e+00
0.000000000000000000e+00
0.000000000000000000e+00
0.000000000000000000e+00
0.000000000000000000e+00
0.000000000000000000e+00
0.000000000000000000e+00
0.000000000000000000e+00
0.000000000000000000e+00
0.000000000000000000e+00
0.000000000000000000e+00
0.000000000000000000e+00
0.000000000000000000e+00
0.000000000000000000e+00
0.000000000000000000e+00
0.000000000000000000e+00
0.000000000000000000e+00
0.000000000000000000e+00
0.000000000000000000e+00
0.000000000000000000e+00
0.000000000000000000e+00
0.000000000000000000e+00
0.000000000000000000e+00
0.000000000000000000e+00
0.000000000000000000e+00
0.000000000000000000e+00
0.000000000000000000e+00
0.000000000000000000e+00
0.000000000000000000e+00
0.000000000000000000e+00
0.000000000000000000e+00
0.000000000000000000e+00
0.000000000000000000e+00
0.000000000000000000e+00
0.000000000000000000e+00
0.000000000000000000e+00
0.000000000000000000e+00
0.000000000000000000e+00
0.000000000000000000e+00
0.000000000000000000e+00
0.000000000000000000e+00
0.000000000000000000e+00
0.000000000000000000e+00
0.000000000000000000e+00
0.000000000000000000e+00
0.000000000000000000e+00
0.000000000000000000e+00
0.000000000000000000e+00
0.000000000000000000e+00
0.000000000000000000e+00
0.000000000000000000e+00
0.000000000000000000e+00
0.000000000000000000e+00
0.000000000000000000e+00
0.000000000000000000e+00
0.000000000000000000e+00
0.000000000000000000e+00
0.000000000000000000e+00
0.000000000000000000e+00
0.000000000000000000e+00
0.000000000000000000e+00
0.000000000000000000e+00
0.000000000000000000e+00
0.000000000000000000e+00
0.000000000000000000e+00
0.000000000000000000e+00
0.000000000000000000e+00
0.000000000000000000e+00
0.000000000000000000e+00
0.000000000000000000e+00
0.000000000000000000e+00
0.000000000000000000e+00
0.000000000000000000e+00
0.000000000000000000e+00
0.000000000000000000e+00
0.000000000000000000e+00
0.000000000000000000e+00
0.000000000000000000e+00
0.000000000000000000e+00
0.000000000000000000e+00
0.000000000000000000e+00
0.000000000000000000e+00
0.000000000000000000e+00
0.000000000000000000e+00
0.000000000000000000e+00
0.000000000000000000e+00
0.000000000000000000e+00
0.000000000000000000e+00
0.000000000000000000e+00
0.000000000000000000e+00
0.000000000000000000e+00
0.000000000000000000e+00
0.000000000000000000e+00
0.000000000000000000e+00
0.000000000000000000e+00
0.000000000000000000e+00
0.000000000000000000e+00
0.000000000000000000e+00
0.000000000000000000e+00
0.000000000000000000e+00
0.000000000000000000e+00
0.000000000000000000e+00
0.000000000000000000e+00
0.000000000000000000e+00
0.000000000000000000e+00
0.000000000000000000e+00
0.000000000000000000e+00
0.000000000000000000e+00
0.000000000000000000e+00
0.000000000000000000e+00
0.000000000000000000e+00
0.000000000000000000e+00
0.000000000000000000e+00
0.000000000000000000e+00
0.000000000000000000e+00
0.000000000000000000e+00
0.000000000000000000e+00
0.000000000000000000e+00
0.000000000000000000e+00
0.000000000000000000e+00
0.000000000000000000e+00
0.000000000000000000e+00
0.000000000000000000e+00
0.000000000000000000e+00
0.000000000000000000e+00
0.000000000000000000e+00
0.000000000000000000e+00
0.000000000000000000e+00
0.000000000000000000e+00
0.000000000000000000e+00
0.000000000000000000e+00
0.000000000000000000e+00
0.000000000000000000e+00
0.000000000000000000e+00
0.000000000000000000e+00
0.000000000000000000e+00
0.000000000000000000e+00
0.000000000000000000e+00
0.000000000000000000e+00
0.000000000000000000e+00
0.000000000000000000e+00
0.000000000000000000e+00
0.000000000000000000e+00
0.000000000000000000e+00
0.000000000000000000e+00
0.000000000000000000e+00
0.000000000000000000e+00
0.000000000000000000e+00
0.000000000000000000e+00
0.000000000000000000e+00
0.000000000000000000e+00
0.000000000000000000e+00
0.000000000000000000e+00
0.000000000000000000e+00
0.000000000000000000e+00
0.000000000000000000e+00
0.000000000000000000e+00
0.000000000000000000e+00
0.000000000000000000e+00
0.000000000000000000e+00
0.000000000000000000e+00
0.000000000000000000e+00
0.000000000000000000e+00
0.000000000000000000e+00
0.000000000000000000e+00
0.000000000000000000e+00
0.000000000000000000e+00
0.000000000000000000e+00
0.000000000000000000e+00
0.000000000000000000e+00
0.000000000000000000e+00
0.000000000000000000e+00
0.000000000000000000e+00
0.000000000000000000e+00
0.000000000000000000e+00
0.000000000000000000e+00
0.000000000000000000e+00
0.000000000000000000e+00
0.000000000000000000e+00
0.000000000000000000e+00
0.000000000000000000e+00
0.000000000000000000e+00
0.000000000000000000e+00
0.000000000000000000e+00
0.000000000000000000e+00
0.000000000000000000e+00
0.000000000000000000e+00
0.000000000000000000e+00
0.000000000000000000e+00
0.000000000000000000e+00
0.000000000000000000e+00
0.000000000000000000e+00
0.000000000000000000e+00
0.000000000000000000e+00
0.000000000000000000e+00
0.000000000000000000e+00
0.000000000000000000e+00
0.000000000000000000e+00
0.000000000000000000e+00
0.000000000000000000e+00
0.000000000000000000e+00
0.000000000000000000e+00
0.000000000000000000e+00
0.000000000000000000e+00
0.000000000000000000e+00
0.000000000000000000e+00
0.000000000000000000e+00
0.000000000000000000e+00
0.000000000000000000e+00
0.000000000000000000e+00
0.000000000000000000e+00
0.000000000000000000e+00
0.000000000000000000e+00
0.000000000000000000e+00
0.000000000000000000e+00
0.000000000000000000e+00
0.000000000000000000e+00
0.000000000000000000e+00
0.000000000000000000e+00
0.000000000000000000e+00
0.000000000000000000e+00
0.000000000000000000e+00
0.000000000000000000e+00
0.000000000000000000e+00
0.000000000000000000e+00
0.000000000000000000e+00
0.000000000000000000e+00
0.000000000000000000e+00
0.000000000000000000e+00
0.000000000000000000e+00
0.000000000000000000e+00
0.000000000000000000e+00
0.000000000000000000e+00
0.000000000000000000e+00
0.000000000000000000e+00
0.000000000000000000e+00
0.000000000000000000e+00
0.000000000000000000e+00
0.000000000000000000e+00
0.000000000000000000e+00
0.000000000000000000e+00
0.000000000000000000e+00
0.000000000000000000e+00
0.000000000000000000e+00
0.000000000000000000e+00
0.000000000000000000e+00
0.000000000000000000e+00
0.000000000000000000e+00
0.000000000000000000e+00
0.000000000000000000e+00
0.000000000000000000e+00
0.000000000000000000e+00
0.000000000000000000e+00
0.000000000000000000e+00
0.000000000000000000e+00
0.000000000000000000e+00
0.000000000000000000e+00
0.000000000000000000e+00
0.000000000000000000e+00
0.000000000000000000e+00
0.000000000000000000e+00
0.000000000000000000e+00
0.000000000000000000e+00
0.000000000000000000e+00
0.000000000000000000e+00
0.000000000000000000e+00
0.000000000000000000e+00
0.000000000000000000e+00
0.000000000000000000e+00
0.000000000000000000e+00
0.000000000000000000e+00
0.000000000000000000e+00
0.000000000000000000e+00
0.000000000000000000e+00
0.000000000000000000e+00
0.000000000000000000e+00
0.000000000000000000e+00
0.000000000000000000e+00
0.000000000000000000e+00
0.000000000000000000e+00
0.000000000000000000e+00
0.000000000000000000e+00
0.000000000000000000e+00
0.000000000000000000e+00
0.000000000000000000e+00
0.000000000000000000e+00
0.000000000000000000e+00
0.000000000000000000e+00
0.000000000000000000e+00
0.000000000000000000e+00
0.000000000000000000e+00
0.000000000000000000e+00
0.000000000000000000e+00
0.000000000000000000e+00
0.000000000000000000e+00
0.000000000000000000e+00
0.000000000000000000e+00
0.000000000000000000e+00
0.000000000000000000e+00
0.000000000000000000e+00
0.000000000000000000e+00
0.000000000000000000e+00
0.000000000000000000e+00
0.000000000000000000e+00
0.000000000000000000e+00
0.000000000000000000e+00
0.000000000000000000e+00
0.000000000000000000e+00
0.000000000000000000e+00
0.000000000000000000e+00
0.000000000000000000e+00
0.000000000000000000e+00
0.000000000000000000e+00
0.000000000000000000e+00
0.000000000000000000e+00
0.000000000000000000e+00
0.000000000000000000e+00
0.000000000000000000e+00
0.000000000000000000e+00
0.000000000000000000e+00
0.000000000000000000e+00
0.000000000000000000e+00
0.000000000000000000e+00
0.000000000000000000e+00
0.000000000000000000e+00
0.000000000000000000e+00
0.000000000000000000e+00
0.000000000000000000e+00
0.000000000000000000e+00
-0.000000000000000000e+00
-0.000000000000000000e+00
-0.000000000000000000e+00
0.000000000000000000e+00
0.000000000000000000e+00
0.000000000000000000e+00
-0.000000000000000000e+00
-0.000000000000000000e+00
-0.000000000000000000e+00
0.000000000000000000e+00
2.802596928649634142e-45
4.203895392974451213e-45
0.000000000000000000e+00
-1.261168617892335364e-44
-2.942726775082115849e-44
0.000000000000000000e+00
1.359259510395072559e-43
3.307064375806568287e-43
2.746544990076641459e-43
-2.101947696487225606e-43
-1.015941386635492376e-42
-7.791219461645982914e-43
2.302333376885674448e-42
1.423298850214716699e-41
3.535195765798648507e-41
5.009642009961221029e-41
5.502618809710691674e-41
2.906293015009670605e-41
-3.893227523433639268e-41
-1.487156021233998613e-40
-2.740533419664687994e-40
-3.724343032513212315e-40
-3.788494476210002440e-40
-2.146214714975246578e-40
1.635329320851704770e-40
7.317748736519913722e-40
1.348109378514439989e-39
1.745912789163897709e-39
1.567746097215783167e-39
4.810195199533869815e-40
-1.648221266723493087e-39
-4.525765242439075745e-39
-7.301081692585234348e-39
-8.555986506342037780e-39
-6.579775919760213684e-39
2.742901614069396935e-41
1.142687991954593486e-38
2.563974577574539747e-38
3.791074546942517293e-38
4.101864049190032632e-38
2.694897893096407406e-38
-9.947635629441514160e-39
-6.861354234480106751e-38
-1.371222003021443511e-37
-1.905821515004815625e-37
-1.936285295203728564e-37
-1.093569397923387133e-37
8.484034874873429992e-38
3.771007168206245891e-37
7.027636458100343946e-37
9.373467036149677884e-37
9.116209265213036331e-37
4.569238341269148848e-37
-5.191900493425164036e-37
-1.940166017539666569e-36
-3.479959046620261429e-36
-4.538428787871566832e-36
-4.320339214778715397e-36
-2.052182005245969482e-36
2.666595554121583067e-36
9.441058499420569716e-36
1.672212317033114664e-35
2.170703856263493025e-35
2.071032496395821213e-35
1.015325281663318384e-35
-1.184596396435246412e-35
-4.356321797103043823e-35
-7.803624284782486324e-35
-1.025688042097674937e-34
-1.003053002976504250e-34
-5.454580199769056772e-35
4.423453257808609905e-35
1.898286312099978523e-34
3.527318525893159849e-34
4.772766499615133608e-34
4.875886282363537989e-34
3.054936478288127025e-34
-1.193515804205221111e-34
-7.715553699583862160e-34
-1.534605762782084708e-33
-2.173631950702431437e-33
-2.354362921444411929e-33
-1.713135712187646625e-33
1.812545708233252794e-35
2.847110500512937042e-33
6.356307908550957828e-33
9.602054992050626066e-33
1.115525918767913100e-32
9.354005112875984012e-33
2.799423082422976946e-33
-8.947635246428780692e-33
-2.461294005853067567e-32
-4.064900607445748983e-32
-5.119559428728084035e-32
-4.888532470994874937e-32
-2.669558837913747742e-32
1.922199953875282882e-32
8.620508392906384830e-32
1.621683089233397618e-31
2.244334218403507555e-31
2.417493705135566918e-31
1.806284720426926046e-31
1.621351717375900815e-32
-2.536186190924535262e-31
-5.941134647361011316e-31
-9.244948036731270877e-31
-1.119954405655539936e-30
-1.030451795586190636e-30
-5.192902400407244266e-31
4.808325787801263369e-31
1.904011582682255414e-30
3.497422575165381998e-30
4.802084382996137352e-30
5.194157076057537943e-30
4.006556073817261532e-30
7.341226942212990666e-31
-4.701064843514719674e-30
-1.168101789101378627e-29
-1.870887919819586989e-29
-2.342084435380599060e-29
-2.289637601413011997e-29
-1.432709818059048119e-29
3.981637474370790352e-30
3.142659358098515512e-29
6.403118221245476305e-29
9.389100470029105886e-29
1.096041555414050383e-28
9.807772963961478499e-29
4.786579894627435577e-29
-4.621712768224042925e-29
-1.780075538209523232e-28
-3.258050427566193793e-28
-4.508985259869452192e-28
-5.007130891845099520e-28
-4.180268981408897067e-28
-1.565568109157346435e-28
2.986212397411983856e-28
9.096512831765932443e-28
1.569604208319425850e-27
2.099013653675305617e-27
2.262968840212968760e-27
1.814159563029694814e-27
5.621306099250300259e-28
-1.538802425532851910e-27
-4.299986423792460377e-27
-7.233322173840049624e-27
-9.542573036546588048e-27
-1.020232653164367936e-26
-8.145538891999063885e-27
-2.558991013420092266e-27
6.745965601412859591e-27
1.895823961570970133e-26
3.199458977907468661e-26
4.246021635639136702e-26
4.596946717475494905e-26
3.791262429004271717e-26
1.466944939305594171e-26
-2.485685458986248652e-26
-7.766309727402408660e-26
-1.354516575538132899e-25
-1.843397344330750545e-25
-2.059926843824208445e-25
-1.805546565503081991e-25
-9.143135166080675332e-26
6.850484740973986024e-26
2.903092440722568940e-25
5.435739744657876840e-25
7.742963635431425697e-25
9.081305604184133275e-25
8.606913251992031037e-25
5.554698983089073894e-25
-5.184512198248272737e-26
-9.461074090794975148e-25
-2.028348150142532426e-24
-3.102070080897698784e-24
-3.878722969179962821e-24
-4.009803252635107027e-24
-3.149494426367322961e-24
-1.045693604185050656e-24
2.350986343921137097e-24
6.779919481324446211e-24
1.159294366866875573e-23
1.573971407926421876e-23
1.784794958163280414e-23
1.642112581830688699e-23
1.015684447881924993e-23
-1.639294672069626093e-24
-1.860405540434722909e-23
-3.892585542981321139e-23
-5.913445233765816806e-23
-7.420159465318362525e-23
-7.806442562499745818e-23
-6.463035160102433079e-23
-2.923186246535790661e-23
2.962022815532907337e-23
1.084721105131362500e-22
1.975621862640308776e-22
2.803477109039481461e-22
3.344144702993686001e-22
3.341457527206141147e-22
2.552807153183514725e-22
8.111210453534107342e-23
-1.904045546592602744e-22
-5.398630820486239441e-22
-9.216104688387016062e-22
-1.262848421885163672e-21
-1.468448040544340043e-21
-1.432764264595465872e-21
-1.058708789124046900e-21
-2.828611353439526415e-22
8.964236673697072071e-22
2.392804704588071519e-21
4.014083753901799177e-21
5.459877122886933917e-21
6.341566433647148582e-21
6.229167613361537322e-21
4.725930832140499626e-21
1.565945997771471951e-21
-3.276577314957440734e-21
-9.484494908798496529e-21
-1.632514771205419010e-20
-2.263473117500523319e-20
-2.688483686109097394e-20
-2.734942155966167482e-20
-2.237707733889203621e-20
-1.075426238550714300e-20
7.878304029676583900e-21
3.261840373408533963e-20
6.098797486474644590e-20
8.880798464476836663e-20
1.103578232099705550e-19
1.188939393906056664e-19
1.075617459443881832e-19
7.067101573877754357e-20
5.227021337588638422e-21
-8.747810440198184309e-20
-2.004897104251300424e-19
-3.203640268626729715e-19
-4.272416039676003028e-19
-4.961284557485863214e-19
-4.995824517938780576e-19
-4.118155385734930320e-19
-2.139750291564289144e-19
9.992734064196683444e-20
5.172620415199153409e-19
1.002277997823099435e-18
1.494066547090349727e-18
1.908191729030455666e-18
2.142959028557958907e-18
2.090819146211750776e-18
1.654709571541516744e-18
7.682317412958010113e-19
-5.824276403695725685e-19
-2.337888896194602059e-18
-4.350110581372482974e-18
-6.376263435631828843e-18
-8.085980828100851635e-18
-9.085138907448554187e-18
-8.957683609943933471e-18
-7.324650409751945387e-18
-3.916562474866595961e-18
1.347823186140082386e-18
8.286585361534761694e-18
1.639615241762195036e-17
2.482317071329167722e-17
3.238026962851898657e-17
3.761663392588997169e-17
3.894954945623547028e-17
3.485595502744119416e-17
2.411398410639688873e-17
6.074732114118486218e-18
-1.906561149247960511e-17
-5.003130466622063310e-17
-8.431371250925225914e-17
-1.181433216849723578e-16
-1.466261280253782916e-16
-1.640719627141626834e-16
-1.645241724288780730e-16
-1.424757459931710250e-16
-9.372918516714325238e-17
-1.632790836272510047e-17
8.854060543939823056e-17
2.157909342056732070e-16
3.559674224984122346e-16
4.951837724756589110e-16
6.155862766147462972e-16
6.964153485185535682e-16
7.156881538652266807e-16
6.524570914131339570e-16
4.895220983770927608e-16
2.163965627629600317e-16
-1.677461401764456222e-16
-6.514746390734373754e-16
-1.209211953522503977e-15
-1.800419139607613815e-15
-2.370169498831114531e-15
-2.851357481221494621e-15
-3.168662587768296748e-15
-3.244238890728824883e-15
-3.004932177855224561e-15
-2.390635720660909749e-15
-1.363238648112712493e-15
8.452899122675285992e-17
1.921142298656796157e-15
4.070037357270170353e-15
6.405851835035360903e-15
8.753810224165336357e-15
1.089270732938579442e-14
1.256169850755682604e-14
1.347077492413160937e-14
1.331449141613256018e-14
1.178817785572883192e-14
8.605586234659411832e-15
3.516686191180223332e-15
-3.675772319443500191e-15
-1.310233507383377557e-14
-2.481687103809537137e-14
-3.879160515485487182e-14
-5.491788596686912605e-14
-7.301297966829517483e-14
-9.283273070615286060e-14
-1.140894290933142097e-13
-1.364738129363413099e-13
-1.596796154502977405e-13
-1.834290640385927151e-13
-2.074973222757070523e-13
-2.317342010556971976e-13
-2.560812347764118702e-13
-2.805830654623031606e-13
-3.053921048337682187e-13
-3.307661490623697853e-13
-3.570590546321528169e-13
-3.847052884586865673e-13
-4.141998701488736057e-13
-4.460742756076663262e-13
-4.808716901234799668e-13
-5.191216922474650719e-13
-5.613175397579939219e-13
-6.078970877024247876e-13
-6.592279890374475038e-13
-7.155990210117035843e-13
-7.772167241390515180e-13
-8.442078958635634844e-13
-9.166258247220171462e-13
-9.944610239454032552e-13
-1.077653916624343733e-12
-1.166107900345270121e-12
-1.259701869725515788e-12
-1.358301600536127030e-12
-1.461767122276635966e-12
-1.569955753941143506e-12
-1.682723513481143574e-12
-1.799919913635095181e-12
-1.921381023034518520e-12
-2.046919057863139102e-12
-2.176310780893642161e-12
-2.309283623699864840e-12
-2.445502567810509120e-12
-2.584558001644809977e-12
-2.725955962692983015e-12
-2.869109247058410084e-12
-3.013331121085038866e-12
-3.157833152953037903e-12
-3.301721960072279138e-12
-3.444002244848420879e-12
-3.583577662044645784e-12
-3.719254938749916306e-12
-3.849746476464188660e-12
-3.973675988949709748e-12
-4.089582839039707096e-12
-4.195925724925775313e-12
-4.291084848562221055e-12
-4.373368854559966934e-12
-4.441020034356979451e-12
-4.492219096707827930e-12
-4.525094274981933395e-12
-4.537727832376603487e-12
-4.528169506023971280e-12
-4.494446915331851145e-12
-4.434581174495022537e-12
-4.346603806049120777e-12
-4.228575822828872788e-12
-4.078605508883725861e-12
-3.894871404563904349e-12
-3.675644857925597364e-12
-3.419309540370063516e-12
-3.124387684336205062e-12
-2.789561333663148623e-12
-2.413694678154998385e-12
-1.995858122869065276e-12
-1.535348129015623453e-12
-1.031711933767442968e-12
-4.847674453696548813e-13
1.053740224959444360e-13
7.382871440933524987e-13
1.413212103763827887e-12
2.129035446205018722e-12
2.884270947078881875e-12
3.677041744004627688e-12
4.505070361898733111e-12
5.365660606798661192e-12
6.255694313256343619e-12
7.171624405444276817e-12
8.109474897155521944e-12
9.064844361250656846e-12
1.003292154216905985e-11
1.100849186114194467e-11
1.198596517176797605e-11
1.295940004614193342e-11
1.392253153043032654e-11
1.486881624768177090e-11
1.579146535757303127e-11
1.668349312866634904e-11
1.753776117385807964e-11
1.834703222680644785e-11
1.910403779614711084e-11
1.980150765579224981e-11
2.043225311165741687e-11
2.098921557391886239e-11
2.146553594595257408e-11
2.185461360493246019e-11
2.215017058659896065e-11
2.234631403530418226e-11
2.243760385822746173e-11
2.241911517542050092e-11
2.228649036151164609e-11
2.203600669992145100e-11
2.166462842456695626e-11
2.117006916990682441e-11
2.055082146124043163e-11
1.980621916475300281e-11
1.893645830419732334e-11
1.794263869425716251e-11
1.682677608361160537e-11
1.559183684940457226e-11
1.424170937430746520e-11
1.278124394515911533e-11
1.121620938487888353e-11
9.553290450381446419e-12
7.800053138107276851e-12
5.964907387467910382e-12
4.057058942269486934e-12
2.086455574284995507e-12
6.372357611202084104e-14
-1.999903714855477688e-12
-4.092665442656517882e-12
-6.202357637902222720e-12
-8.316425673116079054e-12
-1.042205731438539118e-11
-1.250628507004636347e-11
-1.455609070777352798e-11
-1.655850803694569606e-11
-1.850073566567189687e-11
-2.037023674739124601e-11
-2.215485087053714608e-11
-2.384289293777541729e-11
-2.542326071885980809e-11
-2.688551291318841407e-11
-2.821998364155309247e-11
-2.941784663090807328e-11
-3.047119848109680618e-11
-3.137312284962057163e-11
-3.211774596278971217e-11
-3.270031814772700329e-11
-3.311719648513289371e-11
-3.336592460656540027e-11
-3.344521881665230012e-11
-3.335499931811369834e-11
-3.309637286452726812e-11
-3.267161541309349104e-11
-3.208417906352956095e-11
-3.133861919968339294e-11
-3.044058755063971944e-11
-2.939675239344019531e-11
-2.821476038916692630e-11
-2.690315852038605016e-11
-2.547131602859131760e-11
-2.392934808637114941e-11
-2.228803600012874142e-11
-2.055871965722655403e-11
-1.875321252453598930e-11
-1.688369929975230832e-11
-1.496263876687997652e-11
-1.300265537601541510e-11
-1.101644209883234637e-11
-9.016656345173235110e-12
-7.015823252215502848e-12
-5.026238106276004203e-12
-3.059870282498544647e-12
-1.128277050781167912e-12
7.574809919932978808e-13
2.586916575050834943e-12
4.350188178431357855e-12
6.038166494581886923e-12
7.642481265890399555e-12
9.155579072661623741e-12
1.057076041283133705e-11
1.188220702386111327e-11
1.308500183205829615e-11
1.417515584078987700e-11
1.514959338533294897e-11
1.600616514330077678e-11
1.674361864434370517e-11
1.736159827014915891e-11
1.786060015163126735e-11
1.824195135224915276e-11
1.850776476519655489e-11
1.866088013280364777e-11
1.870483282151447213e-11
1.864378963711832426e-11
1.848248463998114488e-11
1.822616883806471577e-11
1.788054773688152466e-11
1.745170154221487024e-11
1.694603832258501086e-11
1.637022288558664940e-11
1.573110218477946631e-11
1.503566542104817216e-11
1.429096598004608865e-11
1.350406505368217935e-11
1.268198393522546041e-11
1.183165024287724520e-11
1.095984327598165109e-11
1.007315585110912792e-11
9.177947464522606680e-12
8.280308730346241930e-12
7.386033624989796209e-12
6.500582190593906518e-12
5.629061019390979581e-12
4.776202003342611135e-12
3.946345420585695152e-12
3.143427792368092000e-12
2.370971691548207083e-12
1.632082381568256135e-12
9.294460817307892420e-13
2.653338161164031650e-13
-3.583933822458307272e-13
-9.402744425082709689e-13
-1.479236438201025905e-12
-1.974579137350995772e-12
-2.425958088927981926e-12
-2.833362884591128505e-12
-3.197098401991338434e-12
-3.517758350238264775e-12
-3.796201200612081550e-12
-4.033524382551778587e-12
-4.231037395441283877e-12
-4.390233836193413453e-12
-4.512765161557297233e-12
-4.600412498861894406e-12
-4.655058890440377795e-12
-4.678665874863208174e-12
-4.673244864000780652e-12
-4.640832856894760994e-12
-4.583472056757242896e-12
-4.503184283799477328e-12
-4.401952760635374773e-12
-4.281700861918924517e-12
-4.144279971279862806e-12
-3.991447363599354148e-12
-3.824860133477825386e-12
-3.646059582723681913e-12
-3.456462980416796782e-12
-3.257357925057213777e-12
-3.049895839352112503e-12
-2.835089801811463417e-12
-2.613813896226724331e-12
-2.386803645351709413e-12
-2.154660564551713620e-12
-1.917857149133506134e-12
-1.676743813239234271e-12
-1.431557888724455108e-12
-1.182434033498991344e-12
-9.294150735486561565e-13
-6.724661517736041372e-13
-4.114884160407589198e-13
-1.463344961698254121e-13
1.231763849989311876e-13
3.972415929184847094e-13
6.760586014620262318e-13
9.598080793690733081e-13
1.248637911815952961e-12
1.542645785418406135e-12
1.841863900980955648e-12
2.146244336767577643e-12
2.455644628612807523e-12
2.769814759495670131e-12
3.088385666996651402e-12
3.410858401275973506e-12
3.736595234615780470e-12
4.064812722526234268e-12
4.394578017458128372e-12
4.724804748834632306e-12
5.054251722008684666e-12
5.381524219305600099e-12
5.705077903150890251e-12
6.023223586559822706e-12
6.334136340435669865e-12
6.635863299825350836e-12
6.926336240664632271e-12
7.203390228055495115e-12
7.464770121479169518e-12
7.708157029329143484e-12
7.931186089826791630e-12
8.131465986660479928e-12
8.306599331986408430e-12
8.454213024089440864e-12
8.571972125170912449e-12
8.657617157903363392e-12
8.708980585303560673e-12
8.724016301031589649e-12
8.700825650242993703e-12
8.637678246270485971e-12
8.533042328284778932e-12
8.385601241167606190e-12
8.194281191087338101e-12
7.958271194818955507e-12
7.677036957531857553e-12
7.350340822109835415e-12
6.978256947981487102e-12
6.561180852099335326e-12
6.099838949918945374e-12
5.595296361654567008e-12
5.048956478598265463e-12
4.462564432566873407e-12
3.838198855965480050e-12
3.178270797585258656e-12
2.485508110092182754e-12
1.762945800627691018e-12
1.013907382531320511e-12
2.419865523239916882e-13
-5.489763374791345463e-13
-1.354919106598406753e-12
-2.171585827825950332e-12
-2.994557943628017860e-12
-3.819285599587773916e-12
-4.641121254672642138e-12
-5.455358387251862951e-12
-6.257265972725578607e-12
-7.042124695877394203e-12
-7.805265114790849168e-12
-8.542107993170233726e-12
-9.248198561129239437e-12
-9.919242510703085713e-12
-1.055114415976499131e-11
-1.114003680968700394e-11
-1.168231570508604378e-11
-1.217466839148473312e-11
-1.261410073616353600e-11
-1.299796208165115985e-11
-1.332396692976800523e-11
-1.359021142149918759e-11
-1.379518461269713114e-11
-1.393778668867806658e-11
-1.401733763783941100e-11
-1.403356857804238800e-11
-1.398663389967635950e-11
-1.387710606148839787e-11
-1.370596778432764395e-11
-1.347459557127228535e-11
-1.318475450345912847e-11
-1.283857742340188679e-11
-1.243854758775642111e-11
-1.198747091174512391e-11
-1.148845601983694564e-11
-1.094488388808656509e-11
-1.036037835383529782e-11
-9.738776625412004506e-12
-9.084095455025309462e-12
-8.400500781102770986e-12
-7.692268697012671907e-12
-6.963753792360583006e-12
-6.219354024838974482e-12
-5.463478194162041390e-12
-4.700511681277053100e-12
-3.934782187575702750e-12
-3.170532629839795113e-12
-2.411889915218679015e-12
-1.662834691988634983e-12
-9.271785813072530580e-13
-2.085383054390918534e-13
4.896845732724197653e-13
1.164322869888489986e-12
1.812460121222714271e-12
2.431445019282496567e-12
3.018902619209007376e-12
3.572742579213694647e-12
4.091166641573273921e-12
4.572671234714942301e-12
5.016047039535509455e-12
5.420380724124873595e-12
5.785046053308207092e-12
6.109699985518135534e-12
6.394270096049536889e-12
6.638946770803899611e-12
6.844168894820645832e-12
7.010606505042371595e-12
7.139149080931384006e-12
7.230883426745382536e-12
7.287076324302699248e-12
7.309160221513621991e-12
7.298707645209123740e-12
7.257413420225233835e-12
7.187077322168278215e-12
7.089588898584464616e-12
6.966898846022528957e-12
6.821012938501569423e-12
6.653967307701513789e-12
6.467814131494442620e-12
6.264610791922864408e-12
6.046400793241479832e-12
5.815202919895456901e-12
5.572999093456099118e-12
5.321720061152168668e-12
5.063238456975982515e-12
4.799355357576473580e-12
4.531796379131369790e-12
4.262201702687207217e-12
3.992118701584557172e-12
3.723000640415419227e-12
3.456200386650620793e-12
3.192966290671561680e-12
2.934443053131952084e-12
2.681670207074771106e-12
2.435581684251397760e-12
2.197007549845086949e-12
1.966676170875314433e-12
1.745215625660601066e-12
1.533158474308071728e-12
1.330943276596496805e-12
1.138920338247806363e-12
9.573548551133903572e-13
7.864325510253955542e-13
6.262634182942206085e-13
4.768870845092698652e-13
3.382780167093812906e-13
2.103506984482000908e-13
9.296444094131911529e-14
-1.407128147318638736e-14
-1.109921074320119327e-13
-1.980734369924630478e-13
-2.756258762892649372e-13
-3.439904611157729164e-13
-4.035343023275905772e-13
-4.546465742945315913e-13
-4.977346659829073872e-13
-5.332211993995528143e-13
-5.615404517246569416e-13
-5.831355905962232189e-13
-5.984561804450727607e-13
-6.079559598803907505e-13
-6.120904564449469731e-13
-6.113151976815112132e-13
-6.060839221992686543e-13
-5.968466281099094051e-13
-5.840480551445870194e-13
-5.681261667708770169e-13
-5.495100359985405358e-13
-5.286188153874604723e-13
-5.058596770635137574e-13
-4.816266743062902478e-13
-4.562987899851822515e-13
-4.302390149875379155e-13
-4.037927761255111214e-13
-3.772867164086174396e-13
-3.510278818921047650e-13
-3.253026645798351435e-13
-3.003758537473838475e-13
-2.764902835763333178e-13
-2.538662639481326089e-13
-2.327010654480654583e-13
-2.131688380500873503e-13
-1.954202994087009260e-13
-1.795828161741189199e-13
-1.657603091245740679e-13
-1.540335242168622276e-13
-1.444603578469941252e-13
-1.370761821108471001e-13
-1.318945088779957531e-13
-1.289076403130154369e-13
-1.280874278170029967e-13
-1.293863833348035675e-13
-1.327388719774003079e-13
-1.380621691190325739e-13
-1.452580189378188669e-13
-1.542141658513254687e-13
-1.648058181894992980e-13
-1.768975048908882908e-13
-1.903450948291876554e-13
-2.049969487780481381e-13
-2.206966163639800804e-13
-2.372843675019220555e-13
-2.545989677762983128e-13
-2.724797113200921883e-13
-2.907686027717182320e-13
-3.093116041075205658e-13
-3.279606946259006062e-13
-3.465750906747611104e-13
-3.650230887951994019e-13
-3.831831499236798555e-13
-4.009447938588261984e-13
-4.182103068798431744e-13
-4.348950670071682900e-13
-4.509282216288296175e-13
-4.662532296015320377e-13
-4.808279967759288009e-13
-4.946246862612413420e-13
-5.076296913202049677e-13
-5.198431745831455508e-13
-5.312784717367846632e-13
-5.419607904816325927e-13
-5.519267768511193495e-13
-5.612225636476841917e-13
-5.699030657113635101e-13
-5.780299741457717300e-13
-5.856699131744080855e-13
-5.928930848879410132e-13
-5.997709924196459319e-13
-6.063747594320378909e-13
-6.127732327630697196e-13
-6.190308682318956812e-13
-6.252062127558299931e-13
-6.313497901561104797e-13
-6.375026916950743416e-13
-6.436947871425735546e-13
-6.499432611030420137e-13
-6.562520709144092912e-13
-6.626101577145160348e-13
-6.689912296006794712e-13
-6.753532195286071627e-13
-6.816377432113107648e-13
-6.877702617494318993e-13
-6.936605153121111478e-13
-6.992029026077484222e-13
-7.042776192962840742e-13
-7.087516337711541325e-13
-7.124800966221145337e-13
-7.153075874677394808e-13
-7.170703375698750381e-13
-7.175980729773323574e-13
-7.167164539807757695e-13
-7.142492435170677556e-13
-7.100209634645915369e-13
-7.038589546273787967e-13
-6.955965751315185130e-13
-6.850759109305881722e-13
-6.721496731594556184e-13
-6.566844507407965104e-13
-6.385626077388961708e-13
-6.176853733358411702e-13
-5.939739802438004368e-13
-5.673726462609995913e-13
-5.378497668941106813e-13
-5.053994874514022850e-13
-4.700428414550206213e-13
-4.318286451077818500e-13
-3.908342562346928117e-13
-3.471653303374622190e-13
-3.009560916450437773e-13
-2.523687096973870059e-13
-2.015926081665522784e-13
-1.488432451292667769e-13
-9.436066972278236986e-14
-3.840754008777903794e-14
1.873299590806915688e-14
7.675932507883800882e-14
1.353542793255599341e-13
1.941878732467094970e-13
2.529201078172588213e-13
3.112043500501371351e-13
3.686905652739574935e-13
4.250284206617355176e-13
4.798711341486017190e-13
5.328783204625042735e-13
5.837195960964325359e-13
6.320773982340655017e-13
6.776506439321039466e-13
7.201568985246153964e-13
7.593356824396602089e-13
7.949504769733106713e-13
8.267911637445390927e-13
8.546760304692369026e-13
8.784531804230388818e-13
8.980016166434956482e-13
9.132328140232237601e-13
9.240906650997970928e-13
9.305525100478106992e-13
9.326278898463824518e-13
9.303594136408910309e-13
9.238210240194999479e-13
9.131177801727230481e-13
8.983839063295140370e-13
8.797814907146594976e-13
8.574988592455201619e-13
8.317475939760565762e-13
8.027612862643307423e-13
7.707925010064231586e-13
7.361102829714361029e-13
6.989971210354106734e-13
6.597465629365473205e-13
6.186594205676021474e-13
5.760416015715419391e-13
5.322009109451353304e-13
4.874437442223267247e-13
4.420724040738593930e-13
3.963823355917356350e-13
3.506594699938941906e-13
3.051779477996480194e-13
2.601975167444703363e-13
2.159618106090457901e-13
1.726967093634845796e-13
1.306087941792266616e-13
8.988451394862165267e-14
5.068924338429148246e-14
1.316692387716075774e-14
-2.256013301518700054e-14
-5.639106260939275028e-14
-8.824614894072449478e-14
-1.180661471367194792e-13
-1.458115719095084972e-13
-1.714616540112248733e-13
-1.950133305707313358e-13
-2.164800050373852369e-13
-2.358901919283229454e-13
-2.532862428909071761e-13
-2.687228965823212912e-13
-2.822657472340006635e-13
-2.939897674261726657e-13
-3.039776817845979417e-13
-3.123185304126918638e-13
-3.191060425882658036e-13
-3.244369562501597803e-13
-3.284095814303639171e-13
-3.311221197406510885e-13
-3.326714717501871865e-13
-3.331515835772180800e-13
-3.326523084767885052e-13
-3.312581871132980194e-13
-3.290474717785457637e-13
-3.260912048198838509e-13
-3.224525952239681859e-13
-3.181864494106179109e-13
-3.133389543923809084e-13
-3.079474338290449920e-13
-3.020405377630180910e-13
-2.956384052496541237e-13
-2.887529625128504307e-13
-2.813884921511883297e-13
-2.735422565541822948e-13
-2.652051213185291356e-13
-2.563624226098459857e-13
-2.469947803142996667e-13
-2.370790196104533010e-13
-2.265891603037487045e-13
-2.154973519508801560e-13
-2.037749445094397260e-13
-1.913935318825082943e-13
-1.783260496733551914e-13
-1.645477509673934358e-13
-1.500373854020423114e-13
-1.347781478436282931e-13
-1.187587354845032195e-13
-1.019742626386273276e-13
-8.442718908967944413e-14
-6.612806548005056850e-14
-4.709622448972883291e-14
-2.736030091452911622e-14
-6.958680593555088834e-15
1.406024548091661108e-14
3.563804728211848738e-14
5.770621339714482323e-14
8.018642715969248602e-14
1.029909257920305632e-13
1.260229442502647235e-13
1.491772878186095608e-13
1.723411317084908023e-13
1.953948071051203605e-13
2.182126278716528534e-13
2.406639611988309335e-13
2.626141762818862135e-13
2.839258504954561557e-13
3.044597180704849970e-13
3.240759440317764195e-13
3.426352897153289723e-13
3.600002511806171812e-13
3.760363331481442195e-13
3.906132416218316417e-13
4.036059680911918690e-13
4.148962260992067330e-13
4.243733999192284001e-13
4.319357371773691057e-13
4.374912704243477668e-13
4.409589826528254042e-13
4.422696746591431305e-13
4.413668324050601388e-13
4.382072775390571939e-13
4.327619805479659965e-13
4.250164402277295528e-13
4.149709276288909843e-13
4.026414347334944521e-13
3.880591594590532267e-13
3.712710748646902426e-13
3.523395496803777283e-13
3.313427277776975766e-13
3.083738505434835409e-13
2.835411755646582987e-13
2.569675158423101458e-13
2.287899687411498739e-13
1.991590079701913152e-13
1.682381176645181275e-13
1.362029114710186506e-13
1.032404549220281020e-13
6.954826932458260669e-14
3.533330515648712422e-14
8.109604080691406539e-16
-3.379633676863988412e-14
-6.826016938103404708e-14
-1.023477296294671157e-13
-1.358233729480129437e-13
-1.684498894538588587e-13
-1.999904961687976046e-13
-2.302105446376490061e-13
-2.588793166381081479e-13
-2.857717589042213513e-13
-3.106707599509483941e-13
-3.333687221673126144e-13
-3.536697302207458815e-13
-3.713912586755102607e-13
-3.863661235566084873e-13
-3.984444610187487523e-13
-4.074951368091689341e-13
-4.134076436214384476e-13
-4.160934292431195392e-13
-4.154869807579397722e-13
-4.115474237439964433e-13
-4.042590372697885126e-13
-3.936320941509002802e-13
-3.797031862106531319e-13
-3.625356308559202212e-13
-3.422190102912031628e-13
-3.188692257287406573e-13
-2.926271692408471958e-13
-2.636585882346415000e-13
-2.321520525729731110e-13
-1.983180872126844019e-13
-1.623868953800483572e-13
-1.246068677927814061e-13
-8.524190603593009841e-14
-4.456952181993746598e-14
-2.878090899828024407e-15
3.953553725176937872e-14
8.236907521070452320e-14
1.253164781146731688e-13
1.680717197360959148e-13
2.103307491282263575e-13
2.517941096510240007e-13
2.921697714493298736e-13
3.311749745965597569e-13
3.685390209152983321e-13
4.040050629108837832e-13
4.373325432262958889e-13
4.682985227898173175e-13
4.967001744800303431e-13
5.223557589077720831e-13
5.451064404547734110e-13
5.648171275303426331e-13
5.813775567735379735e-13
5.947031062047969385e-13
6.047349036461535654e-13
6.114398267212384219e-13
6.148106654856044795e-13
6.148650924346632518e-13
6.116447409318381823e-13
6.052141210063921584e-13
5.956587219996256621e-13
5.830833862616180419e-13
5.676097612761221711e-13
5.493742396764367264e-13
5.285255197905180946e-13
5.052221119759836565e-13
4.796301702157668156e-13
4.519207274025771603e-13
4.222683671912391690e-13
3.908487574387498054e-13
3.578374033717801606e-13
3.234083736491227823e-13
2.877333245797364381e-13
2.509807411812253752e-13
2.133153815262259223e-13
1.748981818747163963e-13
1.358858907557838891e-13
9.643123837421371802e-14
5.668275365137281918e-14
1.678504374608234123e-14
-2.312143295021221873e-14
-6.290074120200370156e-14
-1.024215976787312687e-13
-1.415576098180715281e-13
-1.801881262470175771e-13
-2.181985196908833857e-13
-2.554812101891040799e-13
-2.919364240367566810e-13
-3.274728849634450656e-13
-3.620091151759069481e-13
-3.954738012762470944e-13
-4.278070953045443048e-13
-4.589613194702635290e-13
-4.889013456230162369e-13
-5.176058149800044639e-13
-5.450671381260208115e-13
-5.712923623751864355e-13
-5.963032801911682945e-13
-6.201367002377222715e-13
-6.428441763281500521e-13
-6.644924411061681191e-13
-6.851624302639525155e-13
-7.049489030713784743e-13
-7.239596292243910547e-13
-7.423140335922895350e-13
-7.601414072841428116e-13
-7.775798776567255377e-13
-7.947729388675661699e-13
-8.118677171514709912e-13
-8.290120434746583999e-13
-8.463507130372638354e-13
-8.640225579274740664e-13
-8.821568150442493650e-13
-9.008691145492853103e-13
-9.202583356807125803e-13
-9.404029204657105012e-13
-9.613577295342068396e-13
-9.831505184618172244e-13
-1.005779444104848430e-12
-1.029211438297039649e-12
-1.053380256285652017e-12
-1.078184850428209884e-12
-1.103489478612718067e-12
-1.129124029518313588e-12
-1.154884564716351925e-12
-1.180534186032144994e-12
-1.205805637630175120e-12
-1.230403908099308996e-12
-1.254008073596490913e-12
-1.276276176756518943e-12
-1.296847828777258904e-12
-1.315349522010289540e-12
-1.331397990987637225e-12
-1.344605633432638392e-12
-1.354584304967543229e-12
-1.360951715906333348e-12
-1.363336093324063469e-12
-1.361380301025116868e-12
-1.354747694234936795e-12
-1.343126673249150915e-12
-1.326235128662478502e-12
-1.303824886597637622e-12
-1.275686153934252332e-12
-1.241650879335587376e-12
-1.201596439535934646e-12
-1.155447699324740896e-12
-1.103179938892473455e-12
-1.044820480133878959e-12
-9.804491203288523415e-13
-9.102001921265645557e-13
-8.342603951411176055e-13
-7.528699885739342790e-13
-6.663203517588700553e-13
-5.749519783881940072e-13
-4.791527417891128238e-13
-3.793543441616559209e-13
-2.760290910772122963e-13
-1.696856495375306806e-13
-6.086580214446565829e-14
4.986151940010279116e-14
1.619043712031836835e-13
2.746525066838617635e-13
3.874820928527478170e-13
4.997619614151294076e-13
6.108583148860258216e-13
7.201399849707246226e-13
8.269833927897207726e-13
9.307782409401221813e-13
1.030931199783036156e-12
1.126871816345409449e-12
1.218055929556871586e-12
1.303970494949402426e-12
1.384137379364935860e-12
1.458117047242746267e-12
1.525511487965314217e-12
1.585966384262671447e-12
1.639175015340221808e-12
1.684879015820262005e-12
1.722870327305892069e-12
1.752992282583187844e-12
1.775140689823373474e-12
1.789264049423255898e-12
1.795363011904138606e-12
1.793489944230952648e-12
1.783748387711170391e-12
1.766290239069157053e-12
1.741316509387691447e-12
1.709073529400362279e-12
1.669850781087223179e-12
1.623978512430013232e-12
1.571824051124770527e-12
1.513790503539225174e-12
1.450310900021067884e-12
1.381846460174473989e-12
1.308882581312065252e-12
1.231924501646219916e-12
1.151494372943207001e-12
1.068127248975148103e-12
9.823673992326309445e-13
8.947634842250418163e-13
8.058663870762206027e-13
7.162247140854449690e-13
6.263814879108042799e-13
5.368713828536597621e-13
4.482172554116925500e-13
3.609262411510827384e-13
2.754884265588480874e-13
1.923736235413808782e-13
1.120290587185678033e-13
3.487675778604884536e-14
-3.868781651376190789e-14
-1.082982987142544484e-13
-1.736181321322985416e-13
-2.343422764866653907e-13
-2.901985563744796659e-13
-3.409484066602130881e-13
-3.863871028686460818e-13
-4.263453739355993477e-13
-4.606891582624450532e-13
-4.893197934514870173e-13
-5.121741247261779595e-13
-5.292242338805763779e-13
-5.404770598085861799e-13
-5.459736395624359417e-13
-5.457892167728961574e-13
-5.400318321864550075e-13
-5.288413478833631221e-13
-5.123884714956783437e-13
-4.908733467444414966e-13
-4.645240355566349066e-13
-4.335950543922495459e-13
-3.983656666258633683e-13
-3.591381749282196445e-13
-3.162356986517733670e-13
-2.700001951617264639e-13
-2.207904134044272326e-13
-1.689795764252266519e-13
-1.149531723065519428e-13
-5.910636563521975972e-14
-1.841983681604092773e-15
5.643240120535054916e-14
1.153065544521464370e-13
1.743701347591344875e-13
2.332156006940727666e-13
2.914397239164867592e-13
3.486466486606748516e-13
4.044498026420373371e-13
4.584743500644916647e-13
5.103591702894372251e-13
5.597587280845028879e-13
6.063455943935980308e-13
6.498115847491936492e-13
6.898697108362328301e-13
7.262555899549549832e-13
7.587290171140459449e-13
7.870745071317242214e-13
8.111034630400859591e-13
8.306541218749963207e-13
8.455931809793482135e-13
8.558152559019760464e-13
8.612442356503713370e-13
8.618337705816603300e-13
8.575662966206487603e-13
8.484542820923202111e-13
8.345392519398808773e-13
8.158918419348681894e-13
7.926114734164990683e-13
7.648251606692801907e-13
7.326871856623562440e-13
6.963783933180978103e-13
6.561044567886253898e-13
6.120956606153749036e-13
5.646044612742096014e-13
5.139049992844424430e-13
4.602907139640566303e-13
4.040727984416098151e-13
3.455784920378124347e-13
2.851491829117258625e-13
2.231380634735644075e-13
1.599079484278231877e-13
9.582910636893315903e-14
3.127674578747366430e-14
-3.337100764450560975e-14
-9.773608246506360064e-14
-1.614426094979221071e-13
-2.241188327587947948e-13
-2.854003383449821296e-13
-3.449319551773050163e-13
-4.023699234044497697e-13
-4.573844558306006114e-13
-5.096619198723117972e-13
-5.589061114960602872e-13
-6.048414265096002662e-13
-6.472136195034838835e-13
-6.857920264655148479e-13
-7.203707031930295379e-13
-7.507698889658298569e-13
-7.768379581100937070e-13
-7.984509863175059952e-13
-8.155152443102553494e-13
-8.279664388995133795e-13
-8.357709056078244103e-13
-8.389256086691054826e-13
-8.374578699781032309e-13
-8.314252064600680114e-13
-8.209146795494504101e-13
-8.060422988787063758e-13
-7.869513959750384924e-13
-7.638118653188752383e-13
-7.368183212001777616e-13
-7.061878751039862845e-13
-6.721588346678131209e-13
-6.349882100166459598e-13
-5.949497621990373908e-13
-5.523312384715650669e-13
-5.074324749450298544e-13
-4.605629571295677405e-13
-4.120391636393272439e-13
-3.621826417336132531e-13
-3.113175678619989339e-13
-2.597686334700893829e-13
-2.078588359375951877e-13
-1.559077303023292949e-13
-1.042293760523428647e-13
-5.313062950750360725e-14
-2.909468811842586336e-15
4.614660230003488073e-14
9.376194617808156218e-14
1.396744319596271433e-13
1.836364719141891921e-13
2.254164194713526026e-13
2.647998736515083662e-13
3.015903770210021095e-13
3.356105812094695162e-13
3.667030871665200031e-13
3.947309872628229632e-13
4.195785158114112567e-13
4.411512930131700205e-13
4.593767315326513501e-13
4.742037925525854902e-13
4.856032568244239567e-13
4.935671554621989809e-13
4.981085531020890134e-13
4.992607889608979832e-13
4.970768805248604316e-13
4.916284393474690262e-13
4.830053457888228152e-13
4.713141769224771238e-13
4.566772307534883169e-13
4.392315775415128742e-13
4.191277045480917840e-13
3.965284047294237446e-13
3.716072588533236853e-13
3.445475512970502807e-13
3.155409961097532801e-13
2.847860293940518428e-13
2.524870503645137987e-13
2.188527543868154512e-13
1.840944524643742253e-13
1.484251090089205860e-13
1.120578171811929813e-13
7.520435554679572032e-14
3.807390397425093609e-14
8.717128403593304813e-16
-3.620211701488122713e-14
-7.295399907011196339e-14
-1.091975427723775038e-13
-1.447549355772584367e-13
-1.794574281928709714e-13
-2.131463408550082761e-13
-2.456736528620717674e-13
-2.769022804018778094e-13
-3.067065373375810200e-13
-3.349724198107445483e-13
-3.615978230817745720e-13
-3.864925415299202971e-13
-4.095781873381110216e-13
-4.307883260182276963e-13
-4.500681782555054911e-13
-4.673746741186424192e-13
-4.826763988496907132e-13
-4.959527797124274606e-13
-5.071951972995814018e-13
-5.164054405447371376e-13
-5.235963572436386215e-13
-5.287916372137546617e-13
-5.320251075628668058e-13
-5.333412747901555839e-13
-5.327940779537021498e-13
-5.304472139311400269e-13
-5.263733784781343683e-13
-5.206541035980560839e-13
-5.133786733398093549e-13
-5.046439069573971370e-13
-4.945533999684004201e-13
-4.832163857416971187e-13
-4.707476812873534477e-13
-4.572658441129306972e-13
-4.428927927527248620e-13
-4.277529394060286538e-13
-4.119718346844158940e-13
-3.956755713005466468e-13
-3.789895643407231729e-13
-3.620377110082062533e-13
-3.449415232614772009e-13
-3.278192604524998721e-13
-3.107848722296024935e-13
-2.939475106465000431e-13
-2.774105543803390139e-13
-2.612712292609370435e-13
-2.456194969635561165e-13
-2.305378652735223799e-13
-2.161011170356830213e-13
-2.023753885825596566e-13
-1.894181832868754856e-13
-1.772777616978332693e-13
-1.659934396967127634e-13
-1.555947888977685101e-13
-1.461021516442617685e-13
-1.375264512730803301e-13
-1.298690701419941140e-13
-1.231220258125081957e-13
-1.172683234155688647e-13
-1.122819014414550010e-13
-1.081282619322908312e-13
-1.047646602174261143e-13
-1.021407012246310086e-13
-1.001985766493213026e-13
-9.887381034355199882e-14
-9.809557680040548178e-14
-9.778756851572950604e-14
-9.786857197054132929e-14
-9.825300295585037702e-14
-9.885188235461347950e-14
-9.957365606962781390e-14
-1.003248387685708176e-13
-1.010109083507924888e-13
-1.015371936378441087e-13
-1.018097620640069645e-13
-1.017362870380303375e-13
-1.012270101725595839e-13
-1.001955273307111871e-13
-9.855992703835386726e-14
-9.624352232057500900e-14
-9.317558931441066727e-14
-8.929234982706438228e-14
-8.453782514511801183e-14
-7.886420872902852319e-14
-7.223256416827653070e-14
-6.461354346530556736e-14
-5.598765469793341720e-14
-4.634516715166202283e-14
-3.568699223394262987e-14
-2.402439378890782601e-14
-1.137916004505983361e-14
2.217124197789418528e-15
1.672295453698270651e-14
3.208718352327478984e-14
4.825013747377336626e-14
6.514411812720208306e-14
8.269403093058916299e-14
1.008182320722146585e-13
1.194297346565273421e-13
1.384372759656582463e-13
1.577466320545548029e-13
1.772614173500830503e-13
1.968844060224253512e-13
2.165188465802145301e-13
2.360695460727063599e-13
2.554438052141533300e-13
2.745532208699164034e-13
2.933139028968995143e-13
3.116483308397699492e-13
3.294857334017187167e-13
3.467630100163071605e-13
3.634250561081187048e-13
3.794263351859089584e-13
3.947299572707591020e-13
4.093090341487914952e-13
4.231458933245946241e-13
4.362328369627438418e-13
4.485713558412263158e-13
4.601721022463867161e-13
4.710542936617323484e-13
4.812449267213581017e-13
4.907781537936972693e-13
4.996941987793490636e-13
5.080385981695578757e-13
5.158606831631717959e-13
5.232127665150132501e-13
5.301485162326202705e-13
5.367216003235308897e-13
5.429842773324589089e-13
5.489860952986869158e-13
5.547724280831334287e-13
5.603829032752027928e-13
5.658498843097437003e-13
5.711978199457456995e-13
5.764409132316683504e-13
5.815835009762015950e-13
5.866172348226172950e-13
5.915215691397468500e-13
5.962627310299173367e-13
6.007929071773221441e-13
6.050500270075864773e-13
6.089574916372242352e-13
6.124245533443983813e-13
6.153464781992468158e-13
6.176050339548599943e-13
6.190695742494534137e-13
6.195976349175624787e-13
6.190356929315632417e-13
6.172220395374294899e-13
6.139879186670138544e-13
6.091581232492426778e-13
6.025547899177197131e-13
5.939985374230072335e-13
5.833111229279486221e-13
5.703179356726650884e-13
5.548501111687920151e-13
5.367481090666481602e-13
5.158631226180598883e-13
4.920602770727700026e-13
4.652207438726740918e-13
4.352446137875776166e-13
4.020531737397581296e-13
3.655908312628214363e-13
3.258269847504491334e-13
2.827584900163410131e-13
2.364107987064961724e-13
1.868393271044557769e-13
1.341303641506225164e-13
7.840180327872703359e-14
1.980392168613939741e-14
-4.148098558436411065e-14
-1.052387072885546671e-13
-1.712237122919457732e-13
-2.391604438361366602e-13
-3.087441326904416528e-13
-3.796429316749172500e-13
-4.514996774888924147e-13
-5.239338693799333591e-13
-5.965449488554153135e-13
-6.689148475576278674e-13
-7.406110230298579289e-13
-8.111901992138847994e-13
-8.802014564261717577e-13
-9.471904597463387532e-13
-1.011702874254005735e-12
-1.073288593417265346e-12
-1.131505588010395247e-12
-1.185923538191135940e-12
-1.236128495570032459e-12
-1.281726027396734580e-12
-1.322345119687817760e-12
-1.357641971934386849e-12
-1.387303358128810782e-12
-1.411049228849936554e-12
-1.428636289130258419e-12
-1.439860600541131852e-12
-1.444559207496032283e-12
-1.442611980394248317e-12
-1.433943675605009460e-12
-1.418525670190962096e-12
-1.396374227184693506e-12
-1.367553965035683827e-12
-1.332175363945309332e-12
-1.290395307967928673e-12
-1.242415783968275900e-12
-1.188482688999070724e-12
-1.128883878737108049e-12
-1.063946890658695743e-12
-9.940367756353096773e-13
-9.195530621675107597e-13
-8.409265579885361053e-13
-7.586157721971298340e-13
-6.731034458105911167e-13
-5.848923233763014817e-13
-4.945010872135779945e-13
-4.024604813909066214e-13
-3.093084328161660457e-13
-2.155861345562795628e-13
-1.218331398223845841e-13
-2.858326233036792563e-14
6.363990958562285027e-14
1.543270990601169901e-13
2.429873522443587452e-13
3.291519617629190542e-13
4.123779497131746519e-13
4.922517471764309427e-13
5.683915252525928441e-13
6.404505831919538039e-13
7.081188933832915922e-13
7.711255679138107055e-13
8.292401596117493501e-13
8.822738004586605509e-13
9.300799063208242679e-13
9.725538516885956497e-13
1.009633891248251647e-12
1.041299316738297787e-12
1.067570402739359547e-12
1.088506346690054638e-12
1.104204401525255008e-12
1.114796514649352144e-12
1.120447918473432836e-12
1.121353877808761723e-12
1.117737413042219075e-12
1.109845722269131585e-12
1.097946495005885925e-12
1.082325418524932026e-12
1.063281515785441389e-12
1.041124651768310372e-12
1.016170654566384002e-12
9.887384964588075142e-13
9.591464992034226533e-13
9.277088645898157182e-13
8.947324218328001066e-13
8.605130497052471128e-13
8.253328034023288406e-13
7.894571498259783660e-13
7.531322570794585225e-13
7.165825008023651854e-13
6.800088378673685430e-13
6.435867463960853740e-13
6.074649247164720656e-13
5.717640445303262542e-13
5.365761003919833350e-13
5.019640844476647157e-13
4.679619322253691927e-13
4.345747936854160720e-13
4.017796566366943489e-13
3.695265393590524416e-13
3.377396019105249891e-13
3.063191247962976371e-13
2.751432165871287028e-13
2.440703888995088278e-13
2.129417790101145735e-13
1.815841449643099126e-13
1.498129148947563438e-13
1.174351956824415399e-13
8.425320852231341084e-14
5.006792777682150808e-14
1.468241150946562878e-14
-2.209431402210807610e-14
-6.044362059476338089e-14
-1.005336628832551038e-13
-1.425157463829512805e-13
-1.865208833738696281e-13
-2.326562065831788706e-13
-2.810020824969144959e-13
-3.316088180958798315e-13
-3.844940316653777668e-13
-4.396401591302140366e-13
-4.969922585452979380e-13
-5.564564108974379142e-13
-6.178978769616483291e-13
-6.811404738849002882e-13
-7.459659517698724596e-13
-8.121134515738648307e-13
-8.792802098402108246e-13
-9.471220465892549178e-13
-1.015255045831719993e-12
-1.083256748191097074e-12
-1.150668752988859289e-12
-1.216999157699349965e-12
-1.281726244237169077e-12
-1.344301514723256208e-12
-1.404153811453145995e-12
-1.460694304226961560e-12
-1.513320285057018211e-12
-1.561421781801075603e-12
-1.604385461290158688e-12
-1.641601242961809870e-12
-1.672468153551820436e-12
-1.696399639684875726e-12
-1.712830723608893546e-12
-1.721223749466538333e-12
-1.721074454827387079e-12
-1.711917933799878000e-12
-1.693335359084779945e-12
-1.664959294565837578e-12
-1.626479333161068297e-12
-1.577647084152755674e-12
-1.518281485778094630e-12
-1.448273033617664129e-12
-1.367588334244551618e-12
-1.276272490469132492e-12
-1.174452353945587557e-12
-1.062339235677334237e-12
-9.402292312776783234e-13
-8.085053351640503205e-13
-6.676364647760502091e-13
-5.181770811046870762e-13
-3.607658876497721323e-13
-1.961231470195418103e-13
-2.504756554347776359e-14
1.515873337227732764e-13
3.328383304645327057e-13
5.176977011141226104e-13
7.050992819127022138e-13
8.939261006771226370e-13
1.083017031090760529e-12
1.271175764476495385e-12
1.457178561842242814e-12
1.639784336961158662e-12
1.817743438409236134e-12
1.989808274746596162e-12
2.154742530235953524e-12
2.311330814241951970e-12
2.458391780077451294e-12
2.594784196535693255e-12
2.719419958316371400e-12
2.831273193323879944e-12
2.929387635242086674e-12
3.012889200279533775e-12
3.080991191339865765e-12
3.133002754798774880e-12
3.168337120440511967e-12
3.186517672990052397e-12
3.187182072081351514e-12
3.170087673268207062e-12
3.135114346949907649e-12
3.082268815179922683e-12
3.011683784304164391e-12
2.923619896524898287e-12
2.818463344655963709e-12
2.696726522644077306e-12
2.559042387717536116e-12
2.406162725662741586e-12
2.238951645611164665e-12
2.058379291666745381e-12
1.865517072416333910e-12
1.661526602067531222e-12
1.447654062597392155e-12
1.225218385948745325e-12
9.956021467319442486e-13
7.602416959850977207e-13
5.206143133783258659e-13
2.782279343981758357e-13
3.460930543888740551e-14
-2.087081457094117076e-13
-4.501960056916415320e-13
-6.883431541773732398e-13
-9.216668227229884991e-13
-1.148724127972289288e-12
-1.368122954335804220e-12
-1.578532768907459083e-12
-1.778693945603260218e-12
-1.967426221938239905e-12
-2.143639215787529473e-12
-2.306338063237656222e-12
-2.454630465900664582e-12
-2.587732979286716528e-12
-2.704976216974519510e-12
-2.805806368494367931e-12
-2.889789969817702087e-12
-2.956615204399715147e-12
-3.006091686338918656e-12
-3.038150460377142537e-12
-3.052844218739969584e-12
-3.050340579083266057e-12
-3.030923819216657655e-12
-2.994988371890494605e-12
-2.943031669061513256e-12
-2.875651539807622115e-12
-2.793540355636170425e-12
-2.697473754781354316e-12
-2.588306305395526863e-12
-2.466963265612687195e-12
-2.334430175207624636e-12
-2.191746133542449293e-12
-2.039994258587474185e-12
-1.880292145942097370e-12
-1.713783845738725553e-12
-1.541629454301918223e-12
-1.364997849993832002e-12
-1.185056935394668276e-12
-1.002966373148117540e-12
-8.198688039237622682e-13
-6.368826364726298817e-13
-4.550950545231802202e-13
-2.755552676227818187e-13
-9.926816177873928893e-14
7.281057267521928722e-14
2.397797672221146925e-13
4.007968815774448634e-13
5.550820220134866645e-13
7.019205095631919633e-13
8.406655905256188444e-13
9.707401982944618979e-13
1.091638064665279018e-12
1.202925129298315632e-12
1.304238618146658091e-12
1.395287097666342291e-12
1.475850366396136426e-12
1.545776852872327023e-12
1.604982965107415449e-12
1.653450271664469451e-12
1.691224092194298922e-12
1.718408943786331466e-12
1.735167239926005411e-12
1.741715712627600610e-12
1.738321292465982992e-12
1.725298181230738859e-12
1.703004057218571177e-12
1.671836280525695884e-12
1.632227881499803690e-12
1.584644308133542623e-12
1.529579522936697078e-12
1.467551557707280629e-12
1.399099369345235822e-12
1.324779261985264966e-12
1.245160983869009197e-12
1.160824691578965506e-12
1.072357805852186541e-12
9.803513252928941490e-13
8.853971700771567921e-13
7.880853088171324572e-13
6.890006143747684497e-13
5.887212917686512892e-13
4.878153003068375071e-13
3.868391067543552886e-13
2.863350019328275708e-13
1.868292033666701935e-13
8.883022220356959209e-14
-7.172830851411710062e-15
-1.007119124966752988e-13
-1.913412597852673369e-13
-2.786388470215478419e-13
-3.622074970684174833e-13
-4.416759113393814440e-13
-5.166998556446755764e-13
-5.869625532145539282e-13
-6.521760670570586615e-13
-7.120818691641606080e-13
-7.664510302471394532e-13
-8.150849244679958527e-13
-8.578162052214066691e-13
-8.945086425043990985e-13
-9.250573397567851686e-13
-9.493895470127911018e-13
-9.674641730100796977e-13
-9.792721104504020779e-13
-9.848363444198149352e-13
-9.842110850269425448e-13
-9.774826347647147529e-13
-9.647678706273254967e-13
-9.462150030517535448e-13
-9.220017327740692714e-13
-8.923348713586742864e-13
-8.574502327780841870e-13
-8.176105192186922110e-13
-7.731048331897916182e-13
-7.242471596405342105e-13
-6.713750649173233498e-13
-6.148477451999034837e-13
-5.550445628284272903e-13
-4.923626610586762098e-13
-4.272155003891275893e-13
-3.600299041100346598e-13
-2.912442151597333106e-13
-2.213055449616294079e-13
-1.506671713389848288e-13
-7.978588221959487248e-14
-9.119224472775577794e-15
6.087747764661061156e-14
1.297538872136946853e-13
1.970676361895754014e-13
2.623873069772936217e-13
3.252951022696820571e-13
3.853899892356654755e-13
4.422899492397686094e-13
4.956352711062150806e-13
5.450905568929464984e-13
5.903475408172709216e-13
6.311272034500992056e-13
6.671811540737149215e-13
6.982944496074228180e-13
7.242864619692868100e-13
7.450126670097145798e-13
7.603656202934128139e-13
7.702754992004734458e-13
7.747109702881116444e-13
7.736794061311003112e-13
7.672266684813355830e-13
7.554368372172937107e-13
7.384314514025103193e-13
7.163685877137337954e-13
6.894419388690786743e-13
6.578786994337892935e-13
6.219384274079586827e-13
5.819102795109887261e-13
5.381112764581141850e-13
4.908834840347542361e-13
4.405912212759183211e-13
3.876185939062637420e-13
3.323661604184152685e-13
2.752479776220451146e-13
2.166882667221925463e-13
1.571180522925291756e-13
9.697203164158590960e-14
3.668491224228902226e-14
-2.331148003852177159e-14
-8.259151283891708051e-14
-1.407389965202635040e-13
-1.973501250656164996e-13
-2.520362662062486381e-13
-3.044268396396043741e-13
-3.541716345114437337e-13
-4.009432759757847187e-13
-4.444393529416668098e-13
-4.843841256915726312e-13
-5.205304503402841121e-13
-5.526605648814575389e-13
-5.805879865414254049e-13
-6.041577286196309071e-13
-6.232470594301486866e-13
-6.377657191421193250e-13
-6.476562992505097149e-13
-6.528937546851354412e-13
-6.534848074994659139e-13
-6.494676216099726229e-13
-6.409108270141739006e-13
-6.279120019075934422e-13
-6.105969137422395665e-13
-5.891177845031292382e-13
-5.636515017747034673e-13
-5.343981550678944537e-13
-5.015790842562151131e-13
-4.654348195916313546e-13
-4.262232114558145435e-13
-3.842170451153620325e-13
-3.397022788932668735e-13
-2.929757131342469734e-13
-2.443429573256716836e-13
-1.941162210356353612e-13
-1.426124436642098314e-13
-9.015103794767290180e-14
-3.705193839459788863e-14
1.636604873432763452e-14
6.978713261570831938e-14
1.229003200207620661e-13
1.754009806322065490e-13
2.269922802240059712e-13
2.773867290375986450e-13
3.263073134179145240e-13
3.734888104085093419e-13
4.186787906385741609e-13
4.616384856846733609e-13
5.021440077981886851e-13
5.399866209558623620e-13
5.749736624316437172e-13
6.069291662129383536e-13
6.356941340511512717e-13
6.611270775627731133e-13
6.831041266495974096e-13
7.015194089694809509e-13
7.162853209868869087e-13
7.273321485021244648e-13
7.346085003322178064e-13
7.380811456805802528e-13
7.377349057167970070e-13
7.335721656856475370e-13
7.256129833273228247e-13
7.138948720369908685e-13
6.984720419232759436e-13
6.794151829678241050e-13
6.568112481848686901e-13
6.307626946797095790e-13
6.013869957577355763e-13
5.688159361930122948e-13
5.331952869676304108e-13
4.946835584392073049e-13
4.534519461307784383e-13
4.096828670578644971e-13
3.635696344678196468e-13
3.153153465326047344e-13
2.651318563567234277e-13
2.132391621135001913e-13
1.598639975822560566e-13
1.052391003118421930e-13
4.960198850506407353e-14
-6.805977493824083568e-15
-6.374078782150904843e-14
-1.209568469690003312e-13
-1.782081833446788610e-13
-2.352494826544926365e-13
-2.918372466430285694e-13
-3.477309315057935946e-13
-4.026939101186427505e-13
-4.564947595278590065e-13
-5.089078030512395046e-13
-5.597150347369517220e-13
-6.087060109433162225e-13
-6.556794495370110720e-13
-7.004437719941580820e-13
-7.428179165519521732e-13
-7.826321513602907398e-13
-8.197285081626426440e-13
-8.539613243971344581e-13
-8.851982731886143263e-13
-9.133202007183260918e-13
-9.382213972744524177e-13
-9.598103561936355277e-13
-9.780092317598909624e-13
-9.927547065663455683e-13
-1.003996907313065012e-12
-1.011700489009226267e-12
-1.015843659191162374e-12
-1.016417961081927945e-12
-1.013428273591299167e-12
-1.006892594475339298e-12
-9.968408477140089374e-13
-9.833146666707315298e-13
-9.663677193530451071e-13
-9.460638652689090655e-13
-9.224775891075731593e-13
-8.956927539070791422e-13
-8.658018963228486520e-13
-8.329062808377918348e-13
-7.971145445095917381e-13
-7.585426969707043110e-13
-7.173131988565117911e-13
-6.735543654941278380e-13
-6.273996621709854171e-13
-5.789877041348368003e-13
-5.284614976522328256e-13
-4.759679521175452788e-13
-4.216580155782384542e-13
-3.656855905326966694e-13
-3.082075610352785766e-13
-2.493839011165344122e-13
-1.893770649194839728e-13
-1.283518918319265234e-13
-6.647566747281299926e-14
-3.917851371153463838e-15
5.914984214233642845e-14
1.225535515084197336e-13
1.861172349050532748e-13
2.496627579152976839e-13
3.130099532431401821e-13
3.759764851882230197e-13
4.383781478014409094e-13
5.000286209394522174e-13
5.607400394708195179e-13
6.203227493305207840e-13
6.785856598856554456e-13
7.353367589314763197e-13
7.903828416408464896e-13
8.435308116068462869e-13
8.945873555821215461e-13
9.433596482102957204e-13
9.896562735978164937e-13
1.033287713204933400e-12
1.074067375837761684e-12
1.111812248169585793e-12
1.146343653682380115e-12
1.177488770549850461e-12
1.205080956898085809e-12
1.228961919209903275e-12
1.248981712324848115e-12
1.265000582582886945e-12
1.276890052026580236e-12
1.284534436284123782e-12
1.287831169830000455e-12
1.286692757548890675e-12
1.281047858937844897e-12
1.270841613366935352e-12
1.256037808483601026e-12
1.236618771792430405e-12
1.212587322219071950e-12
1.183966336429365107e-12
1.150800158292164532e-12
1.113154598879340096e-12
1.071117586987080372e-12
1.024798843875240895e-12
9.743305337886476458e-13
9.198671555368798103e-13
8.615843498718800397e-13
7.996793873789320717e-13
7.343699758542709954e-13
6.658941518848660035e-13
5.945082750744012934e-13
5.204870280432760676e-13
4.441211938141509386e-13
3.657170323956987490e-13
2.855942207984768499e-13
2.040843893619942451e-13
1.215293734787084579e-13
3.827945854175882068e-14
-4.530845642246317251e-14
-1.288728374232786522e-13
-2.120496025949034080e-13
-2.944741076416762526e-13
-3.757832532560317906e-13
-4.556175315501009848e-13
-5.336229505145673180e-13
-6.094530262401587350e-13
-6.827707344815581170e-13
-7.532502724859335697e-13
-8.205787937164144008e-13
-8.844586304665447152e-13
-9.446075649108265360e-13
-1.000761539610151019e-12
-1.052675633293753688e-12
-1.100125416111930043e-12
-1.142906949636035563e-12
-1.180839605784134161e-12
-1.213765307879477451e-12
-1.241549723272894479e-12
-1.264082697023660717e-12
-1.281278577160149812e-12
-1.293076865201137071e-12
-1.299441348794061479e-12
-1.300361185917198181e-12
-1.295850145938137743e-12
-1.285946067512699909e-12
-1.270710641744499103e-12
-1.250229737445596179e-12
-1.224611449572587940e-12
-1.193986316067041642e-12
-1.158506016812888006e-12
-1.118343373636421223e-12
-1.073690507162605723e-12
-1.024757644192686445e-12
-9.717735513850578322e-13
-9.149832584307016070e-13
-8.546473533217746610e-13
-7.910405186786761966e-13
-7.244507185984183639e-13
-6.551778434019106534e-13
-5.835327338520046592e-13
-5.098354464300181021e-13
-4.344148196548658358e-13
-3.576062785736605631e-13
-2.797511300303007209e-13
-2.011950447824290000e-13
-1.222868784315697677e-13
-4.337741103810355270e-14
3.518205556529360734e-14
1.130410123687843049e-13
1.898509832416045429e-13
2.652670292625780579e-13
3.389488668036066965e-13
4.105626429107278597e-13
4.797816874693716649e-13
5.462886545036516051e-13
6.097765521684284096e-13
6.699500437919170270e-13
7.265271283890539777e-13
7.792407669647560819e-13
8.278396414554411997e-13
8.720901062929387049e-13
9.117775978673137161e-13
9.467074476784964610e-13
9.767071049507358715e-13
1.001626624523577203e-12
1.021340455785446633e-12
1.035748201615172004e-12
1.044775702584155308e-12
1.048376446419196917e-12
1.046531784842930080e-12
1.039252234616427906e-12
1.026577802799855110e-12
1.008578312013119760e-12
9.853537256965250180e-13
9.570342565309863936e-13
9.237803664380317414e-13
8.857819534281718976e-13
8.432586226514438010e-13
7.964578974638258924e-13
7.456552736373467383e-13
6.911521593759573090e-13
6.332750079537929899e-13
5.723734203613717320e-13
5.088180853214663291e-13
4.429988548302482565e-13
3.753225215428340755e-13
3.062100540577455954e-13
2.360941032519131566e-13
1.654162240126086370e-13
9.462352776323790238e-14
2.416607021373147479e-14
-4.550666890838425682e-14
-1.139490113594501808e-13
-1.807222448947654048e-13
-2.453980757748802644e-13
-3.075618644314548344e-13
-3.668157899823498713e-13
-4.227820079704541767e-13
-4.751056319196589328e-13
-5.234577962059949741e-13
-5.675379328821950065e-13
-6.070767261286136307e-13
-6.418379825019748797e-13
-6.716207451296085651e-13
-6.962610826430348787e-13
-7.156331733801368777e-13
-7.296508232682019646e-13
-7.382675742441391353e-13
-7.414776258263255926e-13
-7.393154556438463754e-13
-7.318557110162771107e-13
-7.192126126424891464e-13
-7.015385451378253201e-13
-6.790228644117102252e-13
-6.518902171542828583e-13
-6.203985350623775208e-13
-5.848363243340926054e-13
-5.455206598947714980e-13
-5.027937159500506237e-13
-4.570201639006454819e-13
-4.085837300004530048e-13
-3.578836716994909795e-13
-3.053313624070547183e-13
-2.513468762548737301e-13
-1.963549358914920551e-13
-1.407817276383865890e-13
-8.505084928434741842e-14
-2.958003037390605217e-14
2.522244396576788644e-14
7.896105508808579088e-14
1.312561306388362881e-13
1.817468701578728307e-13
2.300939657990525022e-13
2.759821722281979861e-13
3.191224411461246468e-13
3.592538321949695357e-13
3.961452747867216795e-13
4.295965709902316298e-13
4.594396694687641336e-13
4.855392888962473119e-13
5.077930805875985332e-13
5.261316556037787251e-13
5.405185305416837505e-13
5.509493685926236672e-13
5.574510579704761160e-13
5.600807361297310827e-13
5.589242718824494194e-13
5.540945848848954913e-13
5.457299651241698246e-13
5.339920671441900080e-13
5.190636874312370974e-13
5.011463249590675240e-13
4.804581754148939954e-13
4.572314749040629067e-13
4.317098165496774387e-13
4.041459549831982745e-13
3.747991500491210104e-13
3.439326731399794390e-13
3.118114761616747055e-13
2.786998062886958394e-13
2.448590917698834080e-13
2.105456786563944527e-13
1.760089334479006395e-13
1.414894812640579702e-13
1.072174507922400710e-13
7.341103094339607171e-14
4.027515625691646672e-14
8.000398981538106580e-15
-2.323803719979714022e-14
-5.328094397432335538e-14
-8.198574875635869508e-14
-1.092269314275154390e-13
-1.348960954874675600e-13
-1.589021069673540731e-13
-1.811709013062670626e-13
-2.016452732870807618e-13
-2.202843213828381552e-13
-2.370630276284091398e-13
-2.519714038112796928e-13
-2.650138680553026926e-13
-2.762083368013784623e-13
-2.855851948153909081e-13
-2.931863465113065947e-13
-2.990641588540565721e-13
-3.032802416320923289e-13
-3.059046072007021166e-13
-3.070142610191867183e-13
-3.066920903436326507e-13
-3.050259697601198638e-13
-3.021075414572776952e-13
-2.980311581291666956e-13
-2.928928800882690808e-13
-2.867895536936421186e-13
-2.798178084639085794e-13
-2.720734336610075577e-13
-2.636504838234021708e-13
-2.546405740346674440e-13
-2.451323920325126915e-13
-2.352111561076952739e-13
-2.249580187928257313e-13
-2.144499313370962224e-13
-2.037592642355201544e-13
-1.929535632834433745e-13
-1.820954953664355447e-13
-1.712427942501815181e-13
-1.604481928178455585e-13
-1.497596263579786813e-13
-1.392202325645186534e-13
-1.288685954822788027e-13
-1.187389487948553590e-13
-1.088615214140699339e-13
-9.926276787293117354e-14
-8.996557838980567823e-14
-8.098979386444993267e-14
-7.235253113866205177e-14
-6.406842694177058983e-14
-5.615008173589890184e-14
-4.860839852914404513e-14
-4.145289119556958002e-14
-3.469193519695795702e-14
-2.833323853312919027e-14
-2.238388748172000925e-14
-1.685061934279287466e-14
-1.174020360366224286e-14
-7.059416104389674637e-15
-2.815155716572319451e-15
9.853428396290869057e-16
4.334582263840159808e-15
7.224731101188822807e-15
9.647689175600483030e-15
1.159517716353220332e-14
1.305884840232173980e-14
1.403039858095421130e-14
1.450179189785901629e-14
1.446538642178602646e-14
1.391428730454459181e-14
1.284250687023057169e-14
1.124530935763586731e-14
9.119476888593859576e-15
6.463578824456635979e-15
3.278375800810830881e-15
-4.329327536133190145e-16
-4.664385553281935951e-15
-9.406850603641773306e-15
-1.464757643247684843e-14
-2.037015474104942464e-14
-2.655403566302616536e-14
-3.317407926053256295e-14
-4.020051232547262876e-14
-4.759843032415590758e-14
-5.532767034235538950e-14
-6.334258746860943479e-14
-7.159171259291108314e-14
-8.001775918297163170e-14
-8.855741660818150507e-14
-9.714126882444731881e-14
-1.056937604928739893e-13
-1.141332037560283119e-13
-1.223719883021098798e-13
-1.303165068260517256e-13
-1.378676090391800502e-13
-1.449207100894314704e-13
-1.513661700321133896e-13
-1.570897817208816161e-13
-1.619732044886093569e-13
-1.658946282212178658e-13
-1.687295458517243385e-13
-1.703512819088010000e-13
-1.706321173765290578e-13
-1.694441435036095345e-13
-1.666602782428999729e-13
-1.621555672940214188e-13
-1.558082818580580620e-13
-1.475012467852185316e-13
-1.371232500376601271e-13
-1.245704792573673614e-13
-1.097480532017205967e-13
-9.257151252148321241e-14
-7.296851382669611308e-14
-5.088034756971920869e-14
-2.626359822980803282e-14
9.082943934062307975e-16
3.064338875962552278e-14
6.292977071517200094e-14
9.773411057236239263e-14
1.350002060010804805e-13
1.746479073557252737e-13
2.165719589341391638e-13
2.606409012229082833e-13
3.066965626775941534e-13
3.545533549913215676e-13
4.039979342815996910e-13
4.547892010903220594e-13
5.066585172242010771e-13
5.593100852255283861e-13
6.124216802086412947e-13
6.656460322176926958e-13
7.186118562187149283e-13
7.709257494534216271e-13
8.221741972132268206e-13
8.719261207143502723e-13
9.197349912920538273e-13
9.651424624779192385e-13
1.007681459976039751e-12
1.046879488479646181e-12
1.082262968479796861e-12
1.113360597292112342e-12
1.139708336386768828e-12
1.160852772415232881e-12
1.176356646641341097e-12
1.185803083329772800e-12
1.188800468655826226e-12
1.184986353833239470e-12
1.174032442444183921e-12
1.155649469349040448e-12
1.129590344872699603e-12
1.095655901076075800e-12
1.053697060160452281e-12
1.003619279696388311e-12
9.453849378684986426e-13
8.790173992336003383e-13
8.046014484015817647e-13
7.222864342217028000e-13
6.322869203038983255e-13
5.348833897501903412e-13
4.304223264698509022e-13
3.193156730783158759e-13
2.020397602475396126e-13
7.913325349813080112e-14
-4.880525915048131158e-14
-1.811202013021762092e-13
-3.171025996038384642e-13
-4.559947796960173161e-13
-5.969948385468881735e-13
-7.392621128969600885e-13
-8.819233863165132359e-13
-1.024078825212493271e-12
-1.164808484041546244e-12
-1.303180653666746736e-12
-1.438257390788677537e-12
-1.569103679453787148e-12
-1.694794044687641943e-12
-1.814420358750568063e-12
-1.927100189494379556e-12
-2.031983956096716781e-12
-2.128262626896471055e-12
-2.215174441447254061e-12
-2.292012716773039749e-12
-2.358131268379026757e-12
-2.412951565985976821e-12
-2.455967720860208203e-12
-2.486750605781851142e-12
-2.504954360257882762e-12
-2.510317041043430564e-12
-2.502666259993069353e-12
-2.481920051422559226e-12
-2.448087522630149060e-12
-2.401271672822224978e-12
-2.341667007868530881e-12
-2.269557805578692466e-12
-2.185319850425693211e-12
-2.089414362013708448e-12
-1.982385609833325901e-12
-1.864856359612421244e-12
-1.737524512289423395e-12
-1.601155623018324370e-12
-1.456577805418468596e-12
-1.304675117941300755e-12
-1.146379974455158379e-12
-9.826662053513679496e-13
-8.145405465571908810e-13
-6.430350501206161251e-13
-4.691989526940665289e-13
-2.940900561271275748e-13
-1.187663248997106180e-13
5.572232670940369115e-14
2.283420035085331756e-13
3.980828253841162123e-13
5.639666793462450034e-13
7.250541313175151714e-13
8.804513108168210422e-13
1.029316389067336246e-12
1.170865054217484769e-12
1.304376094982129253e-12
1.429195412190609193e-12
1.544739921914561886e-12
1.650501133335091630e-12
1.746047750827983691e-12
1.831026866586094037e-12
1.905165695342825316e-12
1.968270598590171616e-12
2.020228168780890954e-12
2.061003494605029296e-12
2.090638643106879080e-12
2.109250491280634243e-12
2.117027690304307264e-12
2.114227196092777206e-12
2.101170366169968773e-12
2.078238406019727869e-12
2.045867815436697157e-12
2.004545184355888132e-12
1.954802205522687686e-12
1.897209819801126685e-12
1.832372361482148548e-12
1.760922137272746824e-12
1.683513354763799263e-12
1.600816376158553656e-12
1.513511538320244654e-12
1.422284490702752091e-12
1.327819581717348818e-12
1.230795738764445257e-12
1.131880830382292480e-12
1.031727329438292262e-12
9.309680847405243931e-13
8.302118215987308592e-13
7.300402686885587578e-13
6.310047428147169679e-13
5.336229505145673180e-13
4.383773617548658574e-13
3.457129873173092616e-13
2.560356711801131668e-13
1.697112502613284946e-13
8.706483613490217932e-14
8.380507557717315620e-15
-6.609856162843180671e-14
-1.361697755421220624e-13
-2.016703319097923330e-13
-2.624761031352201845e-13
-3.185004614648240251e-13
-3.696926120268229088e-13
-4.160358310027062467e-13
-4.575454598532147088e-13
-4.942667911241038770e-13
-5.262730355670708349e-13
-5.536625845292686421e-13
-5.765569770742329236e-13
-5.950983521067765292e-13
-6.094469547079928162e-13
-6.197788593106934307e-13
-6.262832591939770932e-13
-6.291605149193191249e-13
-6.286197148756833553e-13
-6.248766152953943998e-13
-6.181513634295754400e-13
-6.086669796651067443e-13
-5.966472975404979451e-13
-5.823152290224120620e-13
-5.658917345136016408e-13
-5.475940881294327767e-13
-5.276345224451695071e-13
-5.062196321847789449e-13
-4.835492358086501685e-13
-4.598155081518562337e-13
-4.352027093736110519e-13
-4.098864260157486505e-13
-3.840332728471257395e-13
-3.578006218130785898e-13
-3.313365478253144092e-13
-3.047797745518027179e-13
-2.782595659965581003e-13
-2.518960517602919502e-13
-2.258002676979939394e-13
-2.000744947321109191e-13
-1.748124350353999490e-13
-1.500996728168516037e-13
-1.260138911621244695e-13
-1.026253802533134973e-13
-7.999725420938449960e-14
-5.818592542462461270e-14
-3.724150436819340104e-14
-1.720817736081733246e-14
1.875386214120829294e-15
1.997569657971078050e-14
3.706414583343371760e-14
5.311661280629244308e-14
6.811320577655363695e-14
8.203801407733607443e-14
9.487885737485823867e-14
1.066271094855852919e-13
1.172772951885461823e-13
1.268272325268687828e-13
1.352776397844923650e-13
1.426322574589120040e-13
1.488973874752552717e-13
1.540823133146240753e-13
1.581988798857528189e-13
1.612616426028071204e-13
1.632876912025307825e-13
1.642967717169901976e-13
1.643112051584114108e-13
1.633559959393973693e-13
1.614587234527106729e-13
1.586495149662192627e-13
1.549611540431136691e-13
1.504289856742169196e-13
1.450909840406203188e-13
1.389875898833575762e-13
1.321617511609862738e-13
1.246589094970607103e-13
1.165268104447517161e-13
1.078154967105830753e-13
9.857717262915996481e-14
8.886606186163381604e-14
7.873829897548506596e-14
6.825173970914297228e-14
5.746576446034185048e-14
4.644106822195015472e-14
3.523949795164460497e-14
2.392369512400644577e-14
1.255690599514126121e-14
1.202659200763426302e-15
-1.007550772956673779e-14
-2.121439417364368030e-14
-3.215142250199455598e-14
-4.282502697188113328e-14
-5.317490900185427305e-14
-6.314250473394081298e-14
-7.267125947231847793e-14
-8.170700715407624992e-14
-9.019833626744758193e-14
-9.809684396169457421e-14
-1.053576103855584367e-13
-1.119393884226396740e-13
-1.178049763858948773e-13
-1.229215297257613138e-13
-1.272607372130099557e-13
-1.307990445554435555e-13
-1.335180203161298595e-13
-1.354042474931843598e-13
-1.364497300955849757e-13
-1.366517576179004934e-13
-1.360131489857793752e-13
-1.345421576882596670e-13
-1.322524717777689984e-13
-1.291631596600159582e-13
-1.252986023313543140e-13
-1.206882494332942035e-13
-1.153665379373391975e-13
-1.093725736605981325e-13
-1.027499618591956598e-13
-9.554647519135692213e-14
-8.781361326027498082e-14
-7.960639254993989722e-14
-7.098291952053331633e-14
-6.200388916492369229e-14
-5.273220214977412945e-14
-4.323252774654159913e-14
-3.357079561170858706e-14
-2.381368926108063527e-14
-1.402824118803755460e-14
-4.281270433656447771e-15
5.361106998331803541e-15
1.483389149362079884e-14
2.407378089193043524e-14
3.301951946458117626e-14
4.161245526217334512e-14
4.979690095062265509e-14
5.752052344631594649e-14
6.473468950555366641e-14
7.139482825465129356e-14
7.746074289806392787e-14
8.289685127574331069e-14
8.767234171720011959e-14
9.176149830215571401e-14
9.514367375548782313e-14
9.780352661645577705e-14
9.973095347606472649e-14
1.009211364109106890e-13
1.013745429831805489e-13
1.010967839391169187e-13
1.000985183413280466e-13
9.839527738593478734e-14
9.600730177224472972e-14
9.295927065220907504e-14
8.928000347482520360e-14
8.500221604064786551e-14
8.016217491234670089e-14
7.479935182526376014e-14
6.895603066412597792e-14
6.267693476854838130e-14
5.600881358095582963e-14
4.900006995208622262e-14
4.170028580254003803e-14
3.415980538257028243e-14
2.642936596571748842e-14
1.855964045101819726e-14
1.060083671642090761e-14
2.602309889454469845e-15
-5.387837664081254752e-15
-1.332304983703161763e-14
-2.115878984878822450e-14
-2.885275433286635383e-14
-3.636521490294093717e-14
-4.365928327415904975e-14
-5.070112556247556579e-14
-5.746022147673501834e-14
-6.390949645581137095e-14
-7.002547413453852343e-14
-7.578842880964081763e-14
-8.118240238039198253e-14
-8.619533987388669494e-14
-9.081907589251342339e-14
-9.504936849527231835e-14
-9.888567558107713706e-14
-1.023312904140268043e-13
-1.053930705728622907e-13
-1.080814311747030354e-13
-1.104101077058217140e-13
-1.123959662862640541e-13
-1.140588274869958063e-13
-1.154211139641966866e-13
-1.165077962491517516e-13
-1.173458845284830465e-13
-1.179643134476687782e-13
-1.183934948776471652e-13
-1.186651552844905644e-13
-1.188118613909550092e-13
-1.188668168885728682e-13
-1.188633880992023828e-13
-1.188348600295388580e-13
-1.188140569003542923e-13
-1.188330710959542569e-13
-1.189228565883632127e-13
-1.191129443342542338e-13
-1.194311576718787293e-13
-1.199032599553603862e-13
-1.205527512667878276e-13
-1.214005431555628678e-13
-1.224647689030203268e-13
-1.237605260244120653e-13
-1.252996865335267995e-13
-1.270907207598370725e-13
-1.291386024808091615e-13
-1.314446056339957369e-13
-1.340063178695630186e-13
-1.368175185775463709e-13
-1.398682330979589272e-13
-1.431446920632101216e-13
-1.466293585031600011e-13
-1.503010633703907861e-13
-1.541350597503154951e-13
-1.581032397016124413e-13
-1.621742155713881695e-13
-1.663136859134106693e-13
-1.704844761456908442e-13
-1.746469722313515049e-13
-1.787592562038989308e-13
-1.827775940582004877e-13
-1.866565441707018769e-13
-1.903495942682034703e-13
-1.938092291904960907e-13
-1.969876085167188151e-13
-1.998367834057934722e-13
-2.023091573823479483e-13
-2.043578929125308696e-13
-2.059373315323534404e-13
-2.070034139760312808e-13
-2.075140596467447973e-13
-2.074295325348723962e-13
-2.067130104241310384e-13
-2.053306662067391763e-13
-2.032521693269215279e-13
-2.004510652516694469e-13
-1.969049787586482636e-13
-1.925958307766317823e-13
-1.875101907512083388e-13
-1.816394121700523612e-13
-1.749797680881959305e-13
-1.675326137583546537e-13
-1.593044137359819756e-13
-1.503068096419049593e-13
-1.405565388471613497e-13
-1.300754615780538859e-13
-1.188903847332972719e-13
-1.070329128062194601e-13
