0.000000000000000000e+00
0.000000000000000000e+00
0.000000000000000000e+00
0.000000000000000000e+00
0.000000000000000000e+00
0.000000000000000000e+00
0.000000000000000000e+00
0.000000000000000000e+00
0.000000000000000000e+00
0.000000000000000000e+00
0.000000000000000000e+00
0.000000000000000000e+00
0.000000000000000000e+00
0.000000000000000000e+00
0.000000000000000000e+00
0.000000000000000000e+00
0.000000000000000000e+00
0.000000000000000000e+00
0.000000000000000000e+00
0.000000000000000000e+00
0.000000000000000000e+00
0.000000000000000000e+00
0.000000000000000000e+00
0.000000000000000000e+00
0.000000000000000000e+00
0.000000000000000000e+00
0.000000000000000000e+00
0.000000000000000000e+00
0.000000000000000000e+00
0.000000000000000000e+00
0.000000000000000000e+00
0.000000000000000000e+00
0.000000000000000000e+00
0.000000000000000000e+00
0.000000000000000000e+00
0.000000000000000000e+00
0.000000000000000000e+00
0.000000000000000000e+00
0.000000000000000000e+00
0.000000000000000000e+00
0.000000000000000000e+00
0.000000000000000000e+00
0.000000000000000000e+00
0.000000000000000000e+00
0.000000000000000000e+00
0.000000000000000000e+00
0.000000000000000000e+00
0.000000000000000000e+00
0.000000000000000000e+00
0.000000000000000000e+00
0.000000000000000000e+00
0.000000000000000000e+00
0.000000000000000000e+00
0.000000000000000000e+00
0.000000000000000000e+00
1.401298464324817071e-45
2.802596928649634142e-45
-2.802596928649634142e-45
-3.363116314379560970e-44
-2.802596928649634142e-44
2.844635882579378654e-43
-1.429324433611313412e-43
-3.703631841210491518e-42
-1.202874601776422974e-41
-7.466118217922625354e-42
3.820360003288748780e-41
1.141357599192563504e-40
1.504854420838421052e-40
-1.835700988265510363e-42
-4.992756363466106983e-40
-1.210951686124791219e-39
-1.160523158289134027e-39
1.239081351497647597e-39
6.733680530097008343e-39
1.212395303802738646e-38
7.813620618896679440e-39
-1.897428465878711420e-38
-6.954503027558863181e-38
-1.096779716653216716e-37
-5.576228457522288585e-38
1.898691932626085248e-37
6.199031412147999131e-37
9.454378233687547113e-37
5.102548322353710692e-37
-1.435829597394340651e-36
-4.883004896498928403e-36
-7.807556852919526804e-36
-5.487394744461859994e-36
7.870620575117144863e-36
3.364357241521395826e-35
6.020960699055341896e-35
5.677095885044316515e-35
-1.976418689493125274e-35
-1.937840549061446523e-34
-4.159822419123121805e-34
-5.106699189922302041e-34
-1.849690870541756289e-34
8.253395629672830330e-34
2.439916869665196542e-33
3.842437199526677176e-33
3.304753961175070015e-33
-1.322074455607995809e-33
-1.107092481484732451e-32
-2.341229453670460679e-32
-3.004471578268815026e-32
-1.723860555302564544e-32
2.847229813189545504e-32
1.078805238489751071e-31
1.928445149649690302e-31
2.156517267233237415e-31
7.953924337868642719e-32
-2.941518742381855453e-31
-8.794261621835044531e-31
-1.445631416200575098e-30
-1.508903951286127808e-30
-4.296672593498509246e-31
2.261015611716252604e-30
6.310171412728217703e-30
1.014346751855631158e-29
1.061256311538189561e-29
3.634908394437556745e-30
-1.381848867030042420e-29
-4.043290403935825308e-29
-6.696047350961913910e-29
-7.452594762834753624e-29
-3.786117668269705789e-29
6.389935832629253297e-29
2.287484772847051640e-28
4.104785046133555939e-28
5.056642698855406579e-28
3.651418729812370135e-28
-1.544785880609949869e-28
-1.094605846862882613e-27
-2.272467526698686607e-27
-3.184108006618340208e-27
-3.013807266099910000e-27
-8.389217948584636657e-28
3.918481272224726091e-27
1.084091636776788821e-26
1.786821719322496868e-26
2.102499509837448738e-26
1.499462186412232710e-26
-5.066486897173147496e-27
-4.043589758449318708e-26
-8.507583214813545132e-26
-1.227027408790684333e-25
-1.268975703723393839e-25
-6.665014913990375294e-26
8.119829730208636450e-26
3.135361687427449077e-25
5.812414910444120820e-25
7.770015648023717244e-25
7.425774991393700928e-25
3.068346967452792598e-25
-6.405696982700147510e-25
-2.048397247263950747e-24
-3.603595501140104028e-24
-4.679141869953820281e-24
-4.389543143038134637e-24
-1.806809383900921102e-24
3.645456799506109630e-24
1.166974479981835778e-23
2.058569924181137782e-23
2.706828837048806725e-23
2.641995199147950561e-23
1.362936758511326196e-23
-1.469453017783155404e-23
-5.773352372240703585e-23
-1.078556630473603425e-22
-1.490623614787699280e-22
-1.578225419243916705e-22
-1.075317252052403862e-22
2.281984641098409933e-23
2.364738674410990779e-22
5.057492528971099376e-22
7.623900653902583028e-22
8.973463695715516367e-22
7.760052744998446580e-22
2.727637662442216245e-22
-6.759719057015579344e-22
-2.008609602315950651e-21
-3.481887945468042060e-21
-4.645531542319116258e-21
-4.875755940073084129e-21
-3.490719148638682661e-21
4.423780179641269682e-23
5.840221473225421696e-21
1.329084727681794801e-20
2.085040888967458672e-20
2.599976976153057326e-20
2.551743783829406181e-20
1.613792216586877463e-20
-4.401687341129650025e-21
-3.604965231253186756e-20
-7.513497346260238427e-20
-1.134857808469456869e-19
-1.384732010921592623e-19
-1.344606642629381654e-19
-8.596013104271900375e-20
1.756444359983048764e-20
1.758242831580498042e-19
3.719501376381709934e-19
5.685967669373796693e-19
7.079770620440828244e-19
7.177913532168713595e-19
5.243056912309575098e-19
7.245145738381257994e-20
-6.491904732832814080e-19
-1.582989807108295601e-18
-2.583130577023711151e-18
-3.410839137602700795e-18
-3.752025911272141844e-18
-3.263194636092345195e-18
-1.646832640760903968e-18
1.249466861814158354e-18
5.324413951264498428e-18
1.012782984807369748e-17
1.480832132918353503e-17
1.813551306811272973e-17
1.862405917277634872e-17
1.477395197473195673e-17
5.420469886306912490e-18
-9.841043020979112573e-18
-3.022159292755160131e-17
-5.339066380481078994e-17
-7.532703704601895461e-17
-9.048199833706018652e-17
-9.234483554630920654e-17
-7.444894181240206297e-17
-3.177858837711526488e-17
3.756308225303328868e-17
1.306681728828950825e-16
2.384567682505898348e-16
3.450223009820085809e-16
4.280825370782224840e-16
4.608522036344620335e-16
4.154906776332380636e-16
2.680341264473055365e-16
4.413703399684947189e-18
-3.731653412314471334e-16
-8.405115876538302774e-16
-1.347636724740761908e-15
-1.818140127655357846e-15
-2.152929264782909614e-15
-2.239032281453677380e-15
-1.963648106015911457e-15
-1.232751316764056203e-15
7.339434608840105650e-18
1.747933695943066756e-15
3.898753742808194755e-15
6.275242319184063181e-15
8.596136735099842857e-15
1.049449511802491922e-14
1.154429250625884848e-14
1.130305582881492923e-14
9.368969596174666487e-15
5.448725356945209250e-15
-5.698142043319000087e-16
-8.547750825020888205e-15
-1.803676193048043414e-14
-2.824095768165762327e-14
-3.800685962240986371e-14
-4.584708467362218209e-14
-5.000048023729754265e-14
-4.852749333015410338e-14
-3.943541118114034238e-14
-2.082404412209921951e-14
8.960511674283803268e-15
5.117933325944103162e-14
1.065765314542388431e-13
1.752922080492519408e-13
2.568244553656506834e-13
3.500469228714941927e-13
4.532859818832252197e-13
5.644511550870201511e-13
6.812105675553514761e-13
8.011958067474789225e-13
9.222196574107388578e-13
1.042482723409565715e-12
1.160754110017536700e-12
1.276504292893609893e-12
1.389982204856587966e-12
1.502224451603584310e-12
1.615000017399226273e-12
1.730698483831671908e-12
1.852166206864347409e-12
1.982514846732286173e-12
2.124918947396525759e-12
2.282415359142198064e-12
2.457734970401359575e-12
2.653167399321865183e-12
2.870474257593569334e-12
3.110859876989668926e-12
3.374985403994945621e-12
3.663019974148307156e-12
3.974742843887435484e-12
4.309639884542137978e-12
4.667018074083761903e-12
5.046109363693318528e-12
5.446155679211805989e-12
5.866449687141894742e-12
6.306374693287875033e-12
6.765390764967849080e-12
7.242992663969438638e-12
7.738665611101147590e-12
8.251797682656825117e-12
8.781622998221827459e-12
9.327126744562708183e-12
9.886994868646414858e-12
1.045954208661603602e-11
1.104268586293866150e-11
1.163391692010629086e-11
1.223026888097500375e-11
1.282834689170231357e-11
1.342431027451240766e-11
1.401387686450483727e-11
1.459234295897449130e-11
1.515460500145504597e-11
1.569512922405813526e-11
1.620799154611329840e-11
1.668686196165669600e-11
1.712502535611282184e-11
1.751536242433626711e-11
1.785038783452819189e-11
1.812225890185370503e-11
1.832279467040009990e-11
1.844348979096466223e-11
1.847560993084584879e-11
1.841020912107804719e-11
1.823817312451847528e-11
1.795030443729750402e-11
1.753738820831074463e-11
1.699029805735108312e-11
1.630002903485472388e-11
1.545783986922621978e-11
1.445530500854275147e-11
1.328444819426177759e-11
1.193781878905397775e-11
1.040860800327614299e-11
8.690776397146660059e-12
6.779138014834096282e-12
4.669510871718740574e-12
2.358799353757712325e-12
-1.548622070423472108e-13
-2.871996260603304485e-12
-5.791692212625543235e-12
-8.911465315675215493e-12
-1.222718280791124101e-11
-1.573296007362223747e-11
-1.942107065444620417e-11
-2.328189377398537374e-11
-2.730381545856808145e-11
-3.147325108865395293e-11
-3.577452917236101371e-11
-4.018996246912820425e-11
-4.469979594801110068e-11
-4.928224842104533820e-11
-5.391357846273869825e-11
-5.856810869619977211e-11
-6.321835416267518326e-11
-6.783511252717033813e-11
-7.238761673411531206e-11
-7.684368419358378333e-11
-8.116987637585282300e-11
-8.533167228375049262e-11
-8.929382233624494347e-11
-9.302052184079201425e-11
-9.647554283231940531e-11
-9.962269204022433655e-11
-1.024260676274479920e-10
-1.048503506240194838e-10
-1.068610755439181048e-10
-1.084250259020258511e-10
-1.095104562587323471e-10
-1.100877028425983895e-10
-1.101291280392047156e-10
-1.096097379527094517e-10
-1.085073697559835182e-10
-1.068030525130936326e-10
-1.044812847350584661e-10
-1.015302841800291844e-10
-9.794219602010656445e-11
-9.371347448050570961e-11
-8.884483426729872235e-11
-8.334168077883674641e-11
-7.721410316685606290e-11
-7.047694372541712937e-11
-6.314979789090457984e-11
-5.525712526432968730e-11
-4.682823573354255586e-11
-3.789704314249853212e-11
-2.850210518989815256e-11
-1.868638230262398281e-11
-8.497050285605212139e-12
2.014804122152380472e-12
1.279446253804605860e-11
2.378390193125134999e-11
3.492222136469713689e-11
4.614604184882686866e-11
5.738994696136145990e-11
6.858699025391601367e-11
7.966914628010357546e-11
9.056794897377429265e-11
1.012148628798392735e-10
1.115420117381304976e-10
1.214826295115045696e-10
1.309716224362489356e-10
1.399462074003210432e-10
1.483462103157862089e-10
1.561148710305104714e-10
1.631991763950679797e-10
1.695502210852239955e-10
1.751238876135374767e-10
1.798810822517538099e-10
1.837880403421365827e-10
1.868167148755262019e-10
1.889449152692179723e-10
1.901566265560816760e-10
1.904421481624396506e-10
1.897980522747033660e-10
1.882273503728271180e-10
1.857394099635811813e-10
1.823497602915225002e-10
1.780799813166922263e-10
1.729578702480694119e-10
1.670167476541806195e-10
1.602954435853121140e-10
1.528377147064219344e-10
1.446920500081105843e-10
1.359112683507746056e-10
1.265520466198211125e-10
1.166743368585798635e-10
1.063409638124568346e-10
9.561706981742190692e-11
8.456969846637463206e-11
7.326706602528432200e-11
6.177808958840458331e-11
5.017182502786710074e-11
3.851698821000226758e-11
2.688140508799730100e-11
1.533146526400130938e-11
3.931638001275494787e-12
-7.255925894844583723e-12
-1.817192403497092101e-11
-2.876021643061221766e-11
-3.896820019444469096e-11
-4.874720418990285964e-11
-5.805269459591144710e-11
-6.684450909455463830e-11
-7.508705462955234111e-11
-8.274952945086511136e-11
-8.980590576745939302e-11
-9.623507546407950031e-11
-1.020207807123085786e-10
-1.071515931538868927e-10
-1.116209416562874424e-10
-1.154268208791719985e-10
-1.185718329077545263e-10
-1.210628125525303744e-10
-1.229108065325945631e-10
-1.241306640809014539e-10
-1.247408287774476321e-10
-1.247631581380304056e-10
-1.242224101360989152e-10
-1.231461460582394807e-10
-1.215642031482389029e-10
-1.195084309291161162e-10
-1.170125524252441096e-10
-1.141115257841107677e-10
-1.108414263151225043e-10
-1.072390162781822198e-10
-1.033414603890392414e-10
-9.918604826353316639e-11
-9.480992380073161030e-11
-9.024977987159843451e-11
-8.554161545770710973e-11
-8.072046503437846354e-11
-7.582023897612089058e-11
-7.087352232870713920e-11
-6.591142909240232939e-11
-6.096337323846512390e-11
-5.605703401467820868e-11
-5.121817553410679125e-11
-4.647065371399250466e-11
-4.183627055898142544e-11
-3.733475681388931378e-11
-3.298381012761808506e-11
-2.879900137808810712e-11
-2.479385793896504708e-11
-2.097986714910682338e-11
-1.736651274175660120e-11
-1.396137025433397127e-11
-1.077012611039318557e-11
-7.796711193330807532e-12
-5.043344214472611498e-12
-2.510673309877309300e-12
-1.978303317603374856e-13
1.897438369619086629e-12
3.778657508418659106e-12
5.450524146605184583e-12
6.918793662991085114e-12
8.190172498534487033e-12
9.272204531951544482e-12
1.017317046575483275e-11
1.090197983971696871e-11
1.146807822316464609e-11
1.188135874408136061e-11
1.215205800569885142e-11
1.229069016700501393e-11
1.230796974754921891e-11
1.221473009543894150e-11
1.202186614146505406e-11
1.174027628586538086e-11
1.138080168300303896e-11
1.095420802676994043e-11
1.047112656998860913e-11
9.942006419516591365e-12
9.377127546672525682e-12
8.786530530935365846e-12
8.180034774540878573e-12
7.567203808012124000e-12
6.957343121755110715e-12
6.359481951462297999e-12
5.782395395836914531e-12
5.234574492612997787e-12
4.724235325853642919e-12
4.259327699568382641e-12
3.847513453669737515e-12
3.496211783624025848e-12
3.212562811258368178e-12
3.003446666718923019e-12
2.875498450460867161e-12
2.835083730279297498e-12
2.888317189586597777e-12
3.041051134869410255e-12
3.298882434582539602e-12
3.667137340318538108e-12
4.150867149999015737e-12
4.754843220544646698e-12
5.483531597544333280e-12
6.341100821510847751e-12
7.331376825070456960e-12
8.457844667686398310e-12
9.723608203338063305e-12
1.113137273328623778e-11
1.268341334736966530e-11
1.438155410732333550e-11
1.622713248494722649e-11
1.822094905512550156e-11
2.036324928123001143e-11
2.265368795328903673e-11
2.509128495253865054e-11
2.767435412776020343e-11
3.040055360226112668e-11
3.326674005710295035e-11
3.626901209918820257e-11
3.940262699453356277e-11
4.266198505575857780e-11
4.604060882540395028e-11
4.953106674809859555e-11
5.312501827337001714e-11
5.681309242500098833e-11
6.058496759830944711e-11
6.442927441563384150e-11
6.833366511527216858e-11
7.228470599862646395e-11
7.626797804416440840e-11
8.026800751848028881e-11
8.426834230412794113e-11
8.825154496072684651e-11
9.219918578606822734e-11
9.609198159399312544e-11
9.990975408102897859e-11
1.036315061542225635e-10
1.072355676479119779e-10
1.106995328736815054e-10
1.140004687871787326e-10
1.171149288659023568e-10
1.200190780092924570e-10
1.226888313166085709e-10
1.250999304147626390e-10
1.272280475417275625e-10
1.290489937133543208e-10
1.305387048455841636e-10
1.316735470657803830e-10
1.324303583460917366e-10
1.327866150369061415e-10
1.327205984003043682e-10
1.322115333879381183e-10
1.312397690522715266e-10
1.297869728356104702e-10
1.278362277146172232e-10
1.253722958782788055e-10
1.223817297502094448e-10
1.188529830109530394e-10
1.147767297871027381e-10
1.101458230179375164e-10
1.049555789500722369e-10
9.920387428197230406e-11
9.289121555289270304e-11
8.602087098186217418e-11
7.859897455109177145e-11
7.063457457823218988e-11
6.213968922752499680e-11
5.312932385703739158e-11
4.362157163262381232e-11
3.363752332230518505e-11
2.320121525456464440e-11
1.233978023928994361e-11
1.083241677780899526e-12
-1.053555073043943580e-11
-2.248090255618784283e-11
-3.471448475900196229e-11
-4.719544199893732639e-11
-5.988049639471526575e-11
-7.272407676062186965e-11
-8.567859616226414232e-11
-9.869465661394016820e-11
-1.117211739787293823e-10
-1.247056485853548224e-10
-1.375945746229234601e-10
-1.503334540187140078e-10
-1.628672613440684813e-10
-1.751407491257239712e-10
-1.870986560126297604e-10
-1.986860120872790958e-10
-2.098485551993434228e-10
-2.205329946436407340e-10
-2.306873025936795329e-10
-2.402610888019296453e-10
-2.492057671332759128e-10
-2.574750135320158506e-10
-2.650250019442523808e-10
-2.718145986069231412e-10
-2.778056118479810266e-10
-2.829633749534821163e-10
-2.872564963674051342e-10
-2.906573037808612980e-10
-2.931422049545773234e-10
-2.946916599633198075e-10
-2.952902089514708450e-10
-2.949268051999354157e-10
-2.935950649263219248e-10
-2.912929064624592002e-10
-2.880230776103331891e-10
-2.837928780863308020e-10
-2.786141317656642968e-10
-2.725032977046737415e-10
-2.654813313629489357e-10
-2.575736568477537958e-10
-2.488098893582701976e-10
-2.392237796744467460e-10
-2.288531725236353509e-10
-2.177393820801398761e-10
-2.059273862542454481e-10
-1.934652715807061441e-10
-1.804042470965327993e-10
-1.667980892294806949e-10
-1.527029752645958638e-10
-1.381771363995198953e-10
-1.232804552886435090e-10
-1.080742370596077251e-10
-9.262079297966963054e-11
-7.698316289994622252e-11
-6.122476137182530920e-11
-4.540889886328614011e-11
-2.959864645046828002e-11
-1.385632233952271974e-11
1.756814095241199247e-12
1.718074640888467286e-11
3.235720372196659866e-11
4.722981034044337889e-11
6.174448452522796060e-11
7.584964600848564942e-11
8.949641722155732282e-11
1.026389181979503462e-10
1.152344886179434980e-10
1.272437710753138163e-10
1.386309539386232359e-10
1.493638268623698195e-10
1.594139403815475475e-10
1.687566753005853570e-10
1.773712426933471420e-10
1.852408088032220235e-10
1.923523423874584637e-10
1.986967118616789207e-10
2.042686852998798486e-10
2.090666251230999251e-10
2.130926546328737459e-10
2.163524637222025149e-10
2.188550868309491193e-10
2.206128890680503218e-10
2.216413441669118356e-10
2.219587430518643600e-10
2.215861660825879653e-10
2.205472193761437438e-10
2.188678405179445008e-10
2.165760903949376370e-10
2.137017646175465302e-10
2.102764490308217660e-10
2.063330478696556725e-10
2.019056033475408185e-10
1.970291013675407044e-10
1.917392911110482601e-10
1.860723519708784579e-10
1.800648241623292733e-10
1.737530674894571803e-10
1.671734417563186526e-10
1.603620153334262000e-10
1.533541765796897494e-10
1.461846893535678760e-10
1.388874570906750705e-10
1.314952591258133907e-10
1.240398755930627317e-10
1.165517127255100149e-10
1.090598097941430922e-10
1.015918044133812259e-10
9.417375906872749169e-11
8.683008478893583515e-11
7.958357584048059152e-11
7.245529176636011925e-11
6.546461983614193514e-11
5.862919871812977135e-11
5.196492541825747935e-11
4.548601773013416505e-11
3.920495525444600560e-11
3.313260082959956776e-11
2.727818144976357218e-11
2.164937326631921621e-11
1.625233975177664547e-11
1.109181670122527663e-11
6.171140855271151082e-12
1.492401037819779397e-12
-2.943561843923858667e-12
-7.137050499206321064e-12
-1.108938635363543312e-11
-1.480288114308336844e-11
-1.828070160525552268e-11
-2.152681158329450284e-11
-2.454591044309673009e-11
-2.734329429543436163e-11
-2.992478834173972757e-11
-3.229671044491233545e-11
-3.446574275978164792e-11
-3.643890397753146715e-11
-3.822341401726880861e-11
-3.982671831215256475e-11
-4.125635597040933078e-11
-4.251992161141693316e-11
-4.362502720178795812e-11
-4.457925001366547235e-11
-4.539008752191264762e-11
-4.606490536240848144e-11
-4.661090957647218147e-11
-4.703516395809792527e-11
-4.734449984833410952e-11
-4.754553348251810974e-11
-4.764465211248847254e-11
-4.764796543432758824e-11
-4.756135069117206626e-11
-4.739039369261455192e-11
-4.714043391751410184e-11
-4.681654716676142414e-11
-4.642354903272583044e-11
-4.596598449091437999e-11
-4.544817300278225503e-11
-4.487420851573276082e-11
-4.424791782975390220e-11
-4.357296121137999023e-11
-4.285278035198736291e-11
-4.209063306226390466e-11
-4.128961755833771008e-11
-4.045266899233013191e-11
-3.958258373848444478e-11
-3.868202980150670101e-11
-3.775357804158829822e-11
-3.679968135772426763e-11
-3.582274060720536113e-11
-3.482504215557291616e-11
-3.380884808223960647e-11
-3.277634413878516284e-11
-3.172969179066065237e-11
-3.067099699216591091e-11
-2.960235528925991844e-11
-2.852583794177299126e-11
-2.744349018868330603e-11
-2.635734859535165953e-11
-2.526942370628670886e-11
-2.418173820906144300e-11
-2.309626448426804757e-11
-2.201499399445694394e-11
-2.093988871187946188e-11
-1.987288111848783956e-11
-1.881589675734041123e-11
-1.777082300757903965e-11
-1.673950734970564014e-11
-1.572375736558218051e-11
-1.472534420787763310e-11
-1.374596790559845516e-11
-1.278727557868508669e-11
-1.185083628452154869e-11
-1.093815055891456112e-11
-1.005062959941183109e-11
-9.189595265302052951e-12
-8.356267934550576371e-12
-7.551765636437668405e-12
-6.777092775855919626e-12
-6.033142301714589095e-12
-5.320679227066582584e-12
-4.640351037449308436e-12
-3.992676848862952710e-12
-3.378043938323527229e-12
-2.796711863831125022e-12
-2.248810079125140859e-12
-1.734336632641664266e-12
-1.253164130625428196e-12
-8.050390866085055386e-13
-3.895862582189990597e-13
-6.314854238478884163e-15
3.453771827994361887e-13
6.661977284931619447e-13
9.569532666287017264e-13
1.218540567927972607e-12
1.451940455886313597e-12
1.658209377100594573e-12
1.838469047138469037e-12
1.993900704266859947e-12
2.125731665345020893e-12
2.235230880595628911e-12
2.323697441061756130e-12
2.392453206032096880e-12
2.442830659976635843e-12
2.476170310461434099e-12
2.493806376679952308e-12
2.497063103165664266e-12
2.487246086174677018e-12
2.465633816908785469e-12
2.433473561547216946e-12
2.391972253948382310e-12
2.342292809362489514e-12
2.285547185537639692e-12
2.222793346953744198e-12
2.155030494332965674e-12
2.083194077309724612e-12
2.008154059707223382e-12
1.930711233250059777e-12
1.851596567042923525e-12
1.771469039166251314e-12
1.690913359851664577e-12
1.610439212540448750e-12
1.530484398069853480e-12
1.451411473646357919e-12
1.373510680191536437e-12
1.296999725501624123e-12
1.222027904215772232e-12
1.148677073598003417e-12
1.076964038781991206e-12
1.006846299042574167e-12
9.382235656787973888e-13
8.709429119742317926e-13
8.048035436865330627e-13
7.395618947976523305e-13
6.749378074662193416e-13
6.106188146261237737e-13
5.462668078298760221e-13
4.815236750999041249e-13
4.160182940325662937e-13
3.493722238595564633e-13
2.812064817114823256e-13
2.111471533641079423e-13
1.388323863423662763e-13
6.391848855757942260e-14
-1.391413737971292780e-14
-9.495507678758396963e-14
-1.794582684495546476e-13
-2.676362278498933822e-13
-3.596560983060159700e-13
-4.556338487927968917e-13
-5.556311704138505725e-13
-6.596512073554772204e-13
-7.676354669104712425e-13
-8.794610547625814068e-13
-9.949390486832521141e-13
-1.113812167496952554e-12
-1.235754228980090463e-12
-1.360369390919491384e-12
-1.487193072684245276e-12
-1.615690762603316788e-12
-1.745262029513583446e-12
-1.875241715382225394e-12
-2.004901236349332372e-12
-2.133453570057897153e-12
-2.260055857739029506e-12
-2.383814716802601374e-12
-2.503791228167240313e-12
-2.619005923590322915e-12
-2.728445941402313224e-12
-2.831070881198494149e-12
-2.925820826935043861e-12
-3.011623502663374197e-12
-3.087400777743165570e-12
-3.152081243587567805e-12
-3.204605634674062564e-12
-3.243936586364015717e-12
-3.269068392722229710e-12
-3.279035463293888952e-12
-3.272924249328457158e-12
-3.249879748992712258e-12
-3.209116999913774748e-12
-3.149929969636922067e-12
-3.071698711359927003e-12
-2.973900422795217047e-12
-2.856117252425516284e-12
-2.718043455238183803e-12
-2.559491897938248606e-12
-2.380401214682748012e-12
-2.180843830176804055e-12
-1.961025959673623476e-12
-1.721295198389705128e-12
-1.462141714127229708e-12
-1.184201499880577213e-12
-8.882564280464355644e-13
-5.752351177855385966e-13
-2.462101974121805315e-13
9.760326769893412635e-14
4.548513258748054788e-13
8.240463433145661654e-13
1.203572506415506727e-12
1.591693899079260621e-12
1.986561739761305567e-12
2.386225548753340142e-12
2.788639544976101448e-12
3.191680643735428369e-12
3.593152685110734268e-12
3.990806816955849712e-12
4.382350385356836853e-12
4.765462763983707717e-12
5.137813785527356458e-12
5.497074150040415219e-12
5.840933639533751887e-12
6.167118031530360867e-12
6.473401242129694921e-12
6.757627877412852868e-12
7.017725810187780411e-12
7.251720491457946949e-12
7.457752297657105345e-12
7.634092143160575716e-12
7.779152322306970291e-12
7.891504290313822167e-12
7.969886903214096208e-12
8.013223765090948802e-12
8.020624962801203850e-12
7.991407882657064476e-12
7.925096343064375048e-12
7.821425798693049103e-12
7.680358952988353138e-12
7.502080554000478685e-12
7.287001731193232246e-12
7.035761730167511274e-12
6.749227478980435180e-12
6.428488383974917397e-12
6.074857630822272370e-12
5.689859607777014716e-12
5.275227737272514261e-12
4.832887562367105261e-12
4.364959348829300367e-12
3.873735100051733937e-12
3.361669016072044158e-12
2.831361881061589258e-12
2.285546101335467206e-12
1.727069117059276682e-12
1.158872043466319113e-12
5.839741125564235080e-13
5.451656514459182756e-15
-5.735829020948879364e-13
-1.150000125509087479e-12
-1.720676227369433153e-12
-2.282513154178156256e-12
-2.832460828383620566e-12
-3.367536935069970205e-12
-3.884846871277103375e-12
-4.381604454262166826e-12
-4.855152304500398586e-12
-5.302978976079453233e-12
-5.722733918689382193e-12
-6.112246993261738481e-12
-6.469543217119122502e-12
-6.792854473358644896e-12
-7.080629485511913401e-12
-7.331549430056316652e-12
-7.544530104819369143e-12
-7.718731903638698100e-12
-7.853564153170733420e-12
-7.948687714975921637e-12
-8.004015852880463910e-12
-8.019708161444150107e-12
-7.996178372216000696e-12
-7.934078741222982956e-12
-7.834297446884797012e-12
-7.697951651119971928e-12
-7.526371019472843926e-12
-7.321096853751818401e-12
-7.083854770134623280e-12
-6.816551663402226069e-12
-6.521250987129301180e-12
-6.200162345343374071e-12
-5.855620675843109524e-12
-5.490066300878337913e-12
-5.106025845191819457e-12
-4.706095322465353448e-12
-4.292916282871983569e-12
-3.869159766883845109e-12
-3.437502669664804777e-12
-3.000611694878307922e-12
-2.561119719080018342e-12
-2.121614299174789942e-12
-1.684612410506047819e-12
-1.252548845892542673e-12
-8.277583262925047869e-13
-4.124616230158362207e-13
-8.751866283551387737e-15
3.814158461724198590e-13
7.562367073700448916e-13
1.114064244502055434e-12
1.453416922404804357e-12
1.772985838005558534e-12
2.071638000034070615e-12
2.348418551637032614e-12
2.602551637739813906e-12
2.833441597668850953e-12
3.040668194662088375e-12
3.223988350592454921e-12
3.383324870265269624e-12
3.518764489854331323e-12
3.630551805369752749e-12
3.719077996955366672e-12
3.784874757356559982e-12
3.828600197292031382e-12
3.851034074964232445e-12
3.853060665665042350e-12
3.835661389200994975e-12
3.799903534190685050e-12
3.746923344510877385e-12
3.677919080402602958e-12
3.594136490162047615e-12
3.496857751278392712e-12
3.387389761050352277e-12
3.267054812447489631e-12
3.137175848960671587e-12
2.999071477272075015e-12
2.854042306307813526e-12
2.703363357822730073e-12
2.548275826463886062e-12
2.389978839834050461e-12
2.229623386959533882e-12
2.068303861513243191e-12
1.907055242889033053e-12
1.746845723626933022e-12
1.588573239966195594e-12
1.433063411861168479e-12
1.281066507215211647e-12
1.133255056635917857e-12
9.902253713181541350e-13
8.524970551530841600e-13
7.205140889303407459e-13
5.946485708355209177e-13
4.752032101151826282e-13
3.624150946793941452e-13
2.564609765873249181e-13
1.574619883266958897e-13
6.548868435388155440e-14
-1.943311776688577686e-14
-9.731782437197300517e-14
-1.682148479753911574e-13
-2.322045821682300337e-13
-2.893949186191790979e-13
-3.399180080205371768e-13
-3.839282949717748306e-13
-4.216014202248347109e-13
-4.531326756960357693e-13
-4.787370586761818814e-13
-4.986488110446385402e-13
-5.131215005844957933e-13
-5.224271536208302535e-13
-5.268556858145645450e-13
-5.267135469097516953e-13
-5.223209018079266741e-13
-5.140090284828924272e-13
-5.021156559113781892e-13
-4.869808441047840386e-13
-4.689412378376667245e-13
-4.483241035357909965e-13
-4.254417998450499283e-13
-4.005854621538101901e-13
-3.740201507881901755e-13
-3.459802702578812506e-13
-3.166664250698475458e-13
-2.862432513239809850e-13
-2.548387661917977942e-13
-2.225455876438825475e-13
-1.894229537764344218e-13
-1.555002193632734619e-13
-1.207817483181439222e-13
-8.525186036712623094e-14
-4.888064508278694431e-14
-1.162965479261724236e-14
2.654278198328894472e-14
6.567673922069916514e-14
1.058067479117741350e-13
1.469587933332697216e-13
1.891485286540511845e-13
2.323802500252269976e-13
2.766468423700402246e-13
3.219306331930793519e-13
3.682045987551951782e-13
4.154336380110534854e-13
4.635758465466877087e-13
5.125834652563998617e-13
5.624032598135209060e-13
6.129761411996503817e-13
6.642359188721580487e-13
7.161073492002734131e-13
7.685036418000890102e-13
8.213222311460877112e-13
8.744426081667977524e-13
9.277215497552337986e-13
9.809897035320536141e-13
1.034048606289583727e-12
1.086668949268343454e-12
1.138588138702156805e-12
1.189510621078804231e-12
1.239107341038936383e-12
1.287019210823026061e-12
1.332857977633106206e-12
1.376209476239287355e-12
1.416638941570402821e-12
1.453693719219439906e-12
1.486907493832012594e-12
1.515803650133096259e-12
1.539898959214414109e-12
1.558705530098347669e-12
1.571733303402933490e-12
1.578491135544035640e-12
1.578486365054476703e-12
1.571225788365993026e-12
1.556213925085758731e-12
1.532955403241165193e-12
1.500951489832869079e-12
1.459703668701961554e-12
1.408713206849099286e-12
1.347485057562325395e-12
1.275530245661848916e-12
1.192372914814165963e-12
1.097554989601401410e-12
9.906450659791232738e-13
8.712463801623104853e-13
7.390079216976208620e-13
5.936333239212054913e-13
4.348923293966827641e-13
2.626306019447993689e-13
7.678012143175899640e-14
-1.226318309052731870e-13
-3.354742427862794640e-13
-5.615054862045942841e-13
-8.003668257663965058e-13
-1.051579288056936345e-12
-1.314540381928963608e-12
-1.588521957203437029e-12
-1.872671288871696760e-12
-2.166010860255029868e-12
-2.467440748249449811e-12
-2.775741442251344893e-12
-3.089577422024647468e-12
-3.407503879754303355e-12
-3.727967587408009820e-12
-4.049315136672726467e-12
-4.369798793646406665e-12
-4.687582353529728962e-12
-5.000750681605214965e-12
-5.307316218450264245e-12
-5.605230255639748194e-12
-5.892393344086865881e-12
-6.166660064532702989e-12
-6.425864614717502477e-12
-6.667820809380664571e-12
-6.890347667432017431e-12
-7.091279820292673008e-12
-7.268481823363703853e-12
-7.419873743197413773e-12
-7.543441565838193696e-12
-7.637256278780757413e-12
-7.699494687651853297e-12
-7.728461100253714022e-12
-7.722596867543174426e-12
-7.680502935036859213e-12
-7.600953720598990770e-12
-7.482918798484838874e-12
-7.325568970872886609e-12
-7.128295783503935112e-12
-6.890719331936745462e-12
-6.612703006697584485e-12
-6.294355228003700731e-12
-5.936044190912870278e-12
-5.538397865323396729e-12
-5.102311368548884118e-12
-4.628941327466939981e-12
-4.119712817413079264e-12
-3.576311339084647933e-12
-3.000682818540822971e-12
-2.395021464138280542e-12
-1.761762502376640338e-12
-1.103572853759782202e-12
-4.233372550080383157e-13
2.758585460754803265e-13
9.907432946959504605e-13
1.717879419445289546e-12
2.453684174244519234e-12
3.194449912924390844e-12
3.936369893237090523e-12
4.675558551436864718e-12
5.408081100999329038e-12
6.129978469271435415e-12
6.837289848876659804e-12
7.526082188014093788e-12
8.192480548119274175e-12
8.832684583737204775e-12
9.443001935949268955e-12
1.001987121745928633e-11
1.055989063553086638e-11
1.105983100241347827e-11
1.151666262355632853e-11
1.192757611429007270e-11
1.229001102276416901e-11
1.260165062577645045e-11
1.286046009268959622e-11
1.306467781181375187e-11
1.321285095223778683e-11
1.330383199438234243e-11
1.333678219944678389e-11
1.331117854830310421e-11
1.322683369081589788e-11
1.308387079235195927e-11
1.288274088101504233e-11
1.262421937819890871e-11
1.230938441454387799e-11
1.193962723827768357e-11
1.151664267423635479e-11
1.104240657245902923e-11
1.051917667554969071e-11
9.949464863101553647e-12
9.336035416973587076e-12
8.681883337247064958e-12
7.990211790820378468e-12
7.264419534663835165e-12
6.508079665457078278e-12
5.724914032417816045e-12
4.918780226875751893e-12
4.093641658292623831e-12
3.253548255463534211e-12
2.402614999313934518e-12
1.544995468366616720e-12
6.848615641610877880e-13
-1.736218319722121484e-13
-1.026317269017806844e-12
-1.869140909757649460e-12
-2.698080257476642707e-12
-3.509220691810810422e-12
-4.298762300986025409e-12
-5.063041132180590154e-12
-5.798554345015638489e-12
-6.501965198885129027e-12
-7.170140349510578659e-12
-7.800144211089765633e-12
-8.389271916042773114e-12
-8.935053218139810127e-12
-9.435273742863792279e-12
-9.887969783239913824e-12
-1.029145952485821525e-11
-1.064433523961794137e-11
-1.094546848989796928e-11
-1.119402921051504407e-11
-1.138947269829770903e-11
-1.153155348987411344e-11
-1.162031495333115672e-11
-1.165608755349101244e-11
-1.163949058663460434e-11
-1.157142003743727443e-11
-1.145304944633052102e-11
-1.128580735809681102e-11
-1.107137558714610392e-11
-1.081167273764283010e-11
-1.050884552988851084e-11
-1.016524191210788075e-11
-9.783409325725411776e-12
-9.366061745619269630e-12
-8.916071873865671904e-12
-8.436445118886748418e-12
-7.930303115577519435e-12
-7.400854235006804061e-12
-6.851383176076364379e-12
-6.285223643626158818e-12
-5.705734062305678478e-12
-5.116279795658318363e-12
-4.520208426311844718e-12
-3.920831541381897267e-12
-3.321399145300718558e-12
-2.725084047305870172e-12
-2.134960611077652004e-12
-1.553987082243690754e-12
-9.849885664048319001e-13
-4.306414437289102226e-13
1.065426230312943590e-13
6.242275576648359525e-13
1.120266314609541514e-12
1.592708603892489805e-12
2.039809727377717152e-12
2.460036297932677307e-12
2.852072527800841861e-12
3.214820337021917496e-12
3.547402172357494443e-12
3.849159706248439505e-12
4.119649500006206111e-12
4.358642786972399819e-12
4.566114847337487959e-12
4.742242189215151171e-12
4.887389971897082575e-12
5.002105934320821845e-12
5.087107818324554387e-12
5.143270791901910499e-12
5.171615739818502533e-12
5.173297120547593053e-12
5.149584751673597083e-12
5.101851233146881270e-12
5.031566743113335960e-12
4.940264777125724649e-12
4.829547352314111919e-12
4.701058119171985794e-12
4.556471085853663894e-12
4.397478475109961593e-12
4.225778581223860186e-12
4.043059723818354101e-12
3.850989405834726043e-12
3.651203037829953146e-12
3.445296131721065080e-12
3.234811940880377712e-12
3.021233003358547720e-12
2.805974853511972178e-12
2.590379299949319147e-12
2.375708353999361755e-12
2.163141193944895235e-12
1.953767876650136515e-12
1.748588578619203471e-12
1.548510343389597477e-12
1.354349033096113875e-12
1.166827051646279756e-12
9.865738868214402046e-13
8.141282244709946436e-13
6.499407132279366728e-13
4.943757534424386701e-13
3.477159153057046703e-13
2.101644325149670811e-13
8.185005407820855616e-14
-3.716850029253544740e-14
-1.468977120933773195e-13
-2.474043376849560660e-13
-3.388103057659630490e-13
-4.212874623807372210e-13
-4.950524040182868735e-13
-5.603609481812099613e-13
-6.175035526315153511e-13
-6.667998943797603939e-13
-7.085940449853833645e-13
-7.432499711176876467e-13
-7.711469809067172942e-13
-7.926757123952188344e-13
-8.082335798895168288e-13
-8.182223887147344055e-13
-8.230437815656688194e-13
-8.230969074721206091e-13
-8.187755486631365098e-13
-8.104656811121213611e-13
-7.985435229729276330e-13
-7.833740709069225705e-13
-7.653082811573397315e-13
-7.446833405998221078e-13
-7.218209320189461486e-13
-6.970263667464837720e-13
-6.705888015018368620e-13
-6.427803710302992801e-13
-6.138559170525137443e-13
-5.840536387857753198e-13
-5.535948761035969223e-13
-5.226847600570128094e-13
-4.915124839251217015e-13
-4.602519537363902735e-13
-4.290623845798480218e-13
-3.980890053364993797e-13
-3.674636549905185845e-13
-3.373058397263678510e-13
-3.077232208197749896e-13
-2.788128343651774532e-13
-2.506612539060482092e-13
-2.233457559522311620e-13
-1.969348349759730832e-13
-1.714890301160801322e-13
-1.470614537264769428e-13
-1.236984283449829580e-13
-1.014400084656079393e-13
-8.032036000931233599e-14
-6.036835663520215278e-14
-4.160779658096344646e-14
-2.405783803779721480e-14
-7.733282906456726696e-15
7.355185186494299365e-15
2.120083148209224444e-14
3.380064986040730302e-14
4.515521122164592449e-14
5.526862198153639771e-14
6.414840040451855185e-14
7.180540884110797606e-14
7.825389099734569864e-14
8.351140417216240674e-14
8.759884636243275846e-14
9.054047659176611695e-14
9.236388780545223831e-14
9.309997298914338137e-14
9.278298615522651005e-14
9.145047458018751296e-14
8.914326525208404739e-14
8.590532256901040054e-14
8.178373478657033346e-14
7.682859882139625451e-14
7.109281696324187827e-14
6.463202911234644521e-14
5.750429429504655410e-14
4.977009405190795099e-14
4.149186826367043390e-14
3.273389656663523717e-14
2.356201713772654305e-14
1.404330821010331409e-14
4.245861915362376254e-15
-5.761618057111526914e-15
-1.591005362937096546e-14
-2.613036841753440392e-14
-3.635376979375763706e-14
-4.651213089809300150e-14
-5.653827015936196965e-14
-6.636633923624499221e-14
-7.593214658386734928e-14
-8.517346577379195094e-14
-9.403036753093466094e-14
-1.024455720992703545e-13
-1.103647270686396176e-13
-1.177367800692455391e-13
-1.245141007443981152e-13
-1.306529212076468216e-13
-1.361134918968429086e-13
-1.408604000585275684e-13
-1.448625968529862473e-13
-1.480938445876447962e-13
-1.505324863241078170e-13
-1.521619337691362817e-13
-1.529705724069574391e-13
-1.529518428144277520e-13
-1.521042542135600528e-13
-1.504314928917407923e-13
-1.479422460188770105e-13
-1.446502016473963370e-13
-1.405740080546655224e-13
-1.357369349298115369e-13
-1.301668598211944139e-13
-1.238960377434455973e-13
-1.169607759168161953e-13
-1.094013050181689983e-13
-1.012613522763730622e-13
-9.258782298791554122e-14
-8.343059045273076846e-14
-7.384194709685043545e-14
-6.387634697438762665e-14
-5.358994159348172415e-14
-4.304015978795656949e-14
-3.228528081271504757e-14
-2.138396678155220221e-14
-1.039483068035213648e-14
6.240315656757860954e-16
1.161546614371778557e-14
2.252372584504811620e-14
3.329483905375671404e-14
4.387706222116170840e-14
5.422118103896172991e-14
6.428085602867839032e-14
7.401292577945139950e-14
8.337766105792274174e-14
9.233894437922149367e-14
1.008645071761890555e-13
1.089259162468519948e-13
1.164987838185929658e-13
1.235627811006778654e-13
1.301016450605194108e-13
1.361031513186228281e-13
1.415590192808957593e-13
1.464649527962297304e-13
1.508203420009027185e-13
1.546282904236334632e-13
1.578951948572396291e-13
1.606308131212735857e-13
1.628477084084090087e-13
1.645610866541150075e-13
1.657886203538030956e-13
1.665497302788879197e-13
1.668654770565700107e-13
1.667581816990754140e-13
1.662507208722435736e-13
1.653663371601471477e-13
1.641281105165329213e-13
1.625584974788985004e-13
1.606788703825690057e-13
1.585091243374095460e-13
1.560674739399178779e-13
1.533699382771924746e-13
1.504301376390251854e-13
1.472590089148309578e-13
1.438648055936478376e-13
1.402529351338110963e-13
1.364257285699915778e-13
1.323827793263746000e-13
1.281206315085353653e-13
1.236328883236562093e-13
1.189101578704179762e-13
1.139398769561469904e-13
1.087063517543965241e-13
1.031902495851784451e-13
9.736836852200156378e-14
9.121314950089401408e-14
8.469232395469719621e-14
7.776821585791723890e-14
7.039719284937517862e-14
6.252926643265585560e-14
5.410779382051048025e-14
4.506918994365456677e-14
3.534330692152830300e-14
2.485380675679334239e-14
1.351922351464866084e-14
1.254242660218265939e-15
-1.202828543825406118e-14
-2.641511887154467109e-14
-4.198983554522944805e-14
-5.882967724080145899e-14
-7.700239642964568088e-14
-9.656285374168988023e-14
-1.175495925641659167e-13
-1.399822234038686219e-13
-1.638584829887629324e-13
-1.891526621748337855e-13
-2.158140745105174840e-13
-2.437668936063758229e-13
-2.729108172089267370e-13
-3.031224089008327516e-13
-3.342570903223929246e-13
-3.661524479881689276e-13
-3.986315129985568140e-13
-4.315067725878252158e-13
-4.645837208862302337e-13
-4.976647891528906964e-13
-5.305516226003503810e-13
-5.630484685263670297e-13
-5.949630436756503382e-13
-6.261066968701878288e-13
-6.562941921688103530e-13
-6.853413778325212480e-13
-7.130624758190651225e-13
-7.392659618146724121e-13
-7.637508247365643044e-13
-7.863016336130679296e-13
-8.066839297243832974e-13
-8.246400524242192276e-13
-8.398864828444707609e-13
-8.521111333897879447e-13
-8.609728598465982152e-13
-8.661025997953875066e-13
-8.671048904937417312e-13
-8.635626935760143397e-13
-8.550427076439715002e-13
-8.411018192697183871e-13
-8.212961018737308105e-13
-7.951870498873470083e-13
-7.623528544553614950e-13
-7.223953965400375932e-13
-6.749490289587045666e-13
-6.196874610675529027e-13
-5.563302639746692257e-13
-4.846486168115504700e-13
-4.044682611840239028e-13
-3.156720490473524654e-13
-2.182023686085957093e-13
-1.120607241982679581e-13
2.692233236475591318e-15
1.259372245160025883e-13
2.574977720198184938e-13
3.971396779142710720e-13
5.445724166747156758e-13
6.994482033492732675e-13
8.613611668546738986e-13
1.029846672349898906e-12
1.204377960209446208e-12
1.384364953400940568e-12
1.569151059088724764e-12
1.758009970237450759e-12
1.950145990872731439e-12
2.144690024533102424e-12
2.340700116371108308e-12
2.537161886834171654e-12
2.732992651632848435e-12
2.927040771219524551e-12
3.118094107565361206e-12
3.304883276766812372e-12
3.486091623705611653e-12
3.660359775697896723e-12
3.826295183473327199e-12
3.982481445313768020e-12
4.127485245947193349e-12
4.259866764888542434e-12
4.378184013248409556e-12
4.481001941031292901e-12
4.566900243391236458e-12
4.634472059589223036e-12
4.682339151823589063e-12
4.709147134740465646e-12
4.713578919540717393e-12
4.694352979256466440e-12
4.650231588687603335e-12
4.580029064338297928e-12
4.482616534906558314e-12
4.356933650667693669e-12
4.201998124453432126e-12
4.016919609439728589e-12
3.800912275891965564e-12
3.553309122633629968e-12
3.273581492685417871e-12
2.961352951053042304e-12
2.616418149845034513e-12
2.238758874464896742e-12
1.828562908728903480e-12
1.386235093728260814e-12
9.124154340053869383e-13
4.079890993189533299e-13
-1.259048746336810520e-13
-6.878655631203933751e-13
-1.276225436094846621e-12
-1.889050547931869772e-12
-2.524139968221317254e-12
-3.179029739105998509e-12
-3.850999814175581903e-12
-4.537083816286147098e-12
-5.234080530103213391e-12
-5.938561274676512625e-12
-6.646894406409087352e-12
-7.355256161079015698e-12
-8.059648434755040114e-12
-8.755923069925231061e-12
-9.439801371136091745e-12
-1.010689535535513883e-11
-1.075273550754651808e-11
-1.137279333207619203e-11
-1.196251344509624559e-11
-1.251733612595007372e-11
-1.303273895053580489e-11
-1.350425674062627479e-11
-1.392751192152985595e-11
-1.429826656379473704e-11
-1.461243799572020663e-11
-1.486614824297571857e-11
-1.505574137583565175e-11
-1.517784509186270725e-11
-1.522937331799312233e-11
-1.520757825224094972e-11
-1.511008679289105316e-11
-1.493490921211648725e-11
-1.468048599351234884e-11
-1.434570517933053679e-11
-1.392992665660841567e-11
-1.343299083078619560e-11
-1.285524898336776189e-11
-1.219756153719719904e-11
-1.146130673007617062e-11
-1.064840056408389302e-11
-9.761266447916305822e-12
-8.802856880929521566e-12
-7.776626564925948060e-12
-6.686530235749943429e-12
-5.537000979244366405e-12
-4.332926812483650636e-12
-3.079627481847313497e-12
-1.782825406401733481e-12
-4.486147781382343602e-13
9.165788787679485239e-13
2.306031884544146315e-12
3.712766639268894053e-12
5.129594665698178346e-12
6.549161386815161023e-12
7.963995782289678971e-12
9.366561345980350950e-12
1.074929641825539406e-11
1.210467056450559298e-11
1.342523661684857927e-11
1.470367057276877887e-11
1.593283144307733323e-11
1.710579941582857089e-11
1.821593570427992859e-11
1.925689815940323513e-11
2.022270545465332248e-11
2.110777524988449727e-11
2.190695194692615644e-11
2.261553444515840283e-11
2.322931430542851672e-11
2.374460524035004738e-11
2.415823964485586117e-11
2.446762584207284874e-11
2.467072032774630941e-11
2.476606593415642266e-11
2.475279183011824813e-11
2.463061005153477367e-11
2.439981897084386731e-11
2.406129982757132524e-11
2.361650458526654006e-11
2.306743684954426499e-11
2.241665533753156581e-11
2.166723918339830135e-11
2.082277753001626763e-11
1.988734871227748613e-11
1.886547341956035240e-11
1.776210949155920815e-11
1.658261375436786977e-11
1.533270732601010877e-11
1.401844699350229817e-11
1.264618704893694101e-11
1.122254112556619887e-11
9.754357911673228188e-12
8.248666506782686980e-12
6.712656906021630121e-12
5.153624488968278072e-12
3.578941396714663270e-12
1.996019885833200114e-12
4.122684452937536159e-13
-1.164941840908761961e-12
-2.728316921343787449e-12
-4.270674092143877942e-12
-5.784977098050037014e-12
-7.264373130810852786e-12
-8.702223837364631009e-12
-1.009214326691543206e-11
-1.142801912129565167e-11
-1.270405829145726528e-11
-1.391479119428051803e-11
-1.505511861010777608e-11
-1.612033596887219034e-11
-1.710613942162986234e-11
-1.800866400447631577e-11
-1.882448710799344838e-11
-1.955065449810167166e-11
-2.018469766329467063e-11
-2.072463207991592782e-11
-2.116897802884043500e-11
-2.151675018713383736e-11
-2.176748364890457310e-11
-2.192120790445173384e-11
-2.197847286111720422e-11
-2.194031414881614239e-11
-2.180826179365435991e-11
-2.158432460541703790e-11
-2.127097803450439528e-11
-2.087114162052650101e-11
-2.038816684923894229e-11
-1.982579551917940108e-11
-1.918816321111460610e-11
-1.847974551161257750e-11
-1.770534413525481909e-11
-1.687005223016679878e-11
-1.597920407103714524e-11
-1.503837158967069598e-11
-1.405330105758162418e-11
-1.302988619777956103e-11
-1.197412915349138629e-11
-1.089209712007432884e-11
-9.789891119993399116e-12
-8.673603502096227658e-12
-7.549277175611379676e-12
-6.422868313593621536e-12
-5.300216862624829162e-12
-4.187003174727088606e-12
-3.088713746574045516e-12
-2.010615415479199974e-12
-9.577206649263869664e-13
6.523644471845280179e-14
1.053828682304192021e-12
2.003956028895359509e-12
2.911866277613417431e-12
3.774169778786307106e-12
4.587855269300167294e-12
5.350297028333672600e-12
6.059266369901061822e-12
6.712925788160406526e-12
7.309841967839680876e-12
7.848976676938512753e-12
8.329680695196017837e-12
8.751685140473419722e-12
9.115096698264490982e-12
9.420375070290365471e-12
9.668319964073468498e-12
9.860052878341019067e-12
9.996995418981580173e-12
1.008085455389551299e-11
1.011359052061067132e-11
1.009739514223895185e-11
1.003466407190067855e-11
9.927979445489842902e-12
9.780068248310680445e-12
9.593794508822028888e-12
9.372115063188690698e-12
9.118065677493625287e-12
8.834732424800595396e-12
8.525224796940289451e-12
8.192652285743395879e-12
7.840107035805843338e-12
7.470639558360137045e-12
7.087234878827564089e-12
6.692804296881682546e-12
6.290156329830098869e-12
5.881993243167515928e-12
5.470893703340973246e-12
5.059299333642908181e-12
4.649509076359858994e-12
4.243669218112477992e-12
3.843765583599889624e-12
3.451623752440124981e-12
3.068902553957086887e-12
2.697094500861418886e-12
2.337525355569636254e-12
1.991354780725429485e-12
1.659580676008354239e-12
1.343042430740348792e-12
1.042425911215727474e-12
7.582677975098706113e-13
4.909656123493200131e-13
2.407810550334593680e-13
7.850945100192768811e-15
-2.078059268715778951e-13
-4.062801256445730536e-13
-5.877628570481741033e-13
-7.525358374643742465e-13
-9.009637653989432948e-13
-1.033484712739674016e-12
-1.150600990353078945e-12
-1.252870962357988116e-12
-1.340900480928386429e-12
-1.415335188457989002e-12
-1.476852060783295784e-12
-1.526153010390773890e-12
-1.563956754900563961e-12
-1.590994588678007471e-12
-1.608001817636484088e-12
-1.615715157152197712e-12
-1.614864708968100082e-12
-1.606172009629980302e-12
-1.590345368417123151e-12
-1.568076072634705387e-12
-1.540035135007278289e-12
-1.506870908433988188e-12
-1.469207351265100492e-12
-1.427641208376351223e-12
-1.382742011168947016e-12
-1.335049909165220150e-12
-1.285075127907542303e-12
-1.233297426857238310e-12
-1.180165015192413680e-12
-1.126096937052734059e-12
-1.071480686294645768e-12
-1.016673941214851773e-12
-9.620042392896599459e-13
-9.077714166298711529e-13
-8.542461985179550243e-13
-8.016723678123949259e-13
-7.502679033599690683e-13
-7.002250884159677558e-13
-6.517128416788642298e-13
-6.048767172903146694e-13
-5.598406937687427920e-13
-5.167083124216209633e-13
-4.755636531274254342e-13
-4.364724456428631383e-13
-3.994835603808588598e-13
-3.646299570874561580e-13
-3.319298774642071015e-13
-3.013876583198016323e-13
-2.729954391884892306e-13
-2.467335418008392844e-13
-2.225719202041467892e-13
-2.004710823342789605e-13
-1.803829438248860662e-13
-1.622516818166122587e-13
-1.460148327117952172e-13
-1.316040104584054182e-13
-1.189456519390397204e-13
-1.079619453190315548e-13
-9.857133148995569916e-14
-9.068948662784709347e-14
-8.422983041296919215e-14
-7.910415622232672139e-14
-7.522333586107779468e-14
-7.249782778230226543e-14
-7.083815142545218935e-14
-7.015550385633742558e-14
-7.036217311920389683e-14
-7.137190415496680318e-14
-7.310034603460677238e-14
-7.546541110113949569e-14
-7.838751213884095903e-14
-8.178997572532570315e-14
-8.559928617703563281e-14
-8.974523462703873355e-14
-9.416119685183577115e-14
-9.878430267794974240e-14
-1.035555105208252336e-13
-1.084198310015264954e-13
-1.133263201704738654e-13
-1.182281675988702818e-13
-1.230826963787012840e-13
-1.278513563464714342e-13
-1.324997240832043177e-13
-1.369973741654345600e-13
-1.413177300874091102e-13
-1.454381320237230213e-13
-1.493395522262491726e-13
-1.530063917362309289e-13
-1.564263990691192041e-13
-1.595904127165564956e-13
-1.624921714109966997e-13
-1.651281786004335506e-13
-1.674973229776402506e-13
-1.696007022973164413e-13
-1.714414607457623307e-13
-1.730244501276997915e-13
-1.743560536834193320e-13
-1.754439285907641310e-13
-1.762966942570054485e-13
-1.769237019258809718e-13
-1.773349127048504115e-13
-1.775404909892808192e-13
-1.775507095947564951e-13
-1.773756651540087104e-13
-1.770250748290083664e-13
-1.765082763109659947e-13
-1.758337128242998260e-13
-1.750090957569616634e-13
-1.740413233452739461e-13
-1.729360605455879107e-13
-1.716980100848267132e-13
-1.703307633826867118e-13
-1.688368005516374670e-13
-1.672174090817588055e-13
-1.654730362064468774e-13
-1.636030314043981915e-13
-1.616059716602613605e-13
-1.594797292272728817e-13
-1.572216749151644777e-13
-1.548288678255432815e-13
-1.522982315347448656e-13
-1.496268793544849873e-13
-1.468122227520768375e-13
-1.438525812141530635e-13
-1.407470602739213650e-13
-1.374962426900494528e-13
-1.341023917345723904e-13
-1.305697764535443395e-13
-1.269050782428532420e-13
-1.231177974240355022e-13
-1.192205378473462640e-13
-1.152293863625197812e-13
-1.111643329471112551e-13
-1.070495146519856444e-13
-1.029135476382329883e-13
-9.878975079386648206e-14
-9.471647099447422224e-14
-9.073713053706425335e-14
-8.690044398049906471e-14
-8.326049268439494888e-14
-7.987664349395906527e-14
-7.681341321471787942e-14
-7.414042117867211679e-14
-7.193211141749006332e-14
-7.026737996801077357e-14
-6.922913441511149846e-14
-6.890375856688502054e-14
-6.938052291970836505e-14
-7.075070374397765538e-14
-7.310701387796755824e-14
-7.654241688170512758e-14
-8.114930710907686251e-14
-8.701831708543897315e-14
-9.423711810896406860e-14
-1.028892005231971107e-13
-1.130525320168669634e-13
-1.247981888186436294e-13
-1.381888310378331930e-13
-1.532775100419880854e-13
-1.701057914318959696e-13
-1.887025963005078966e-13
-2.090826291397882009e-13
-2.312447108798743045e-13
-2.551709386323930406e-13
-2.808251135973105495e-13
-3.081512096273636425e-13
-3.370730344148809010e-13
-3.674926573986325717e-13
-3.992902200284503822e-13
-4.323227702478921186e-13
-4.664242082841330017e-13
-5.014051782277484381e-13
-5.370529867175510841e-13
-5.731319282012425909e-13
-6.093836373011196628e-13
-6.455284982768982882e-13
-6.812653739751706183e-13
-7.162751836965741692e-13
-7.502201442542710819e-13
-7.827476188916604460e-13
-8.134908762238990398e-13
-8.420723428444187864e-13
-8.681059885697062217e-13
-8.912004164154940788e-13
-9.109619525729528711e-13
-9.269975195444479787e-13
-9.389189729522295913e-13
-9.463464083550587880e-13
-9.489108717536387516e-13
-9.462602142823461904e-13
-9.380610437731418116e-13
-9.240039289259982525e-13
-9.038057303435709233e-13
-8.772156178532553028e-13
-8.440157752385990531e-13
-8.040267128299471988e-13
-7.571113874726975723e-13
-7.031755819980611832e-13
-6.421724588721866578e-13
-5.741042949196362155e-13
-4.990239992064271490e-13
-4.170382301212777199e-13
-3.283075580059330312e-13
-2.330468717309797100e-13
-1.315262054000024272e-13
-2.407086879265777496e-14
8.893972662299062804e-14
2.070731552807764109e-13
3.298456614179295920e-13
4.567242851277741877e-13
5.871295745592253201e-13
7.204388452995702519e-13
8.559887282495737271e-13
9.930811598404809537e-13
1.130986255169774690e-12
1.268947403751385927e-12
1.406187015787208061e-12
1.541911455286981703e-12
1.675316569499374353e-12
1.805593977284580820e-12
1.931937465907140883e-12
2.053549170988322459e-12
2.169643371213725302e-12
2.279457005094354116e-12
2.382253248833787751e-12
2.477326069977303646e-12
2.564009334710126709e-12
2.641680494144815761e-12
2.709765788491691474e-12
2.767746101750567789e-12
2.815161081679007360e-12
2.851612175558404516e-12
2.876767834364413190e-12
2.890366765373464375e-12
2.892216847960593640e-12
2.882201205131607047e-12
2.860277553001777662e-12
2.826480586040625020e-12
2.780918290784528679e-12
2.723776282645418156e-12
2.655313252261648493e-12
2.575859447614958775e-12
2.485814939306996152e-12
2.385648102676274362e-12
2.275889112585138818e-12
2.157128208696290628e-12
2.030011141823662157e-12
1.895232451878947622e-12
1.753532215265085625e-12
1.605689214402572507e-12
1.452514974617513666e-12
1.294848993652064628e-12
1.133551043829006399e-12
9.694951005195795446e-13
8.035635958719700156e-13
6.366397751859931287e-13
4.696028180033173793e-13
3.033204384276372290e-13
1.386436945067723303e-13
-2.359904941818050106e-14
-1.826076724727176970e-13
-3.376154336567210867e-13
-4.878929833924960935e-13
-6.327537777593705837e-13
-7.715572972188944334e-13
-9.037121636960854243e-13
-1.028679962392087255e-12
-1.145977627028949009e-12
-1.255178903522558009e-12
-1.355915705235355428e-12
-1.447880769271658874e-12
-1.530825921754186414e-12
-1.604565222010356784e-12
-1.668971276284902938e-12
-1.723978490346389503e-12
-1.769577756896567600e-12
-1.805818081873633574e-12
-1.832804090787232276e-12
-1.850692776111939608e-12
-1.859692738345741780e-12
-1.860059632360910875e-12
-1.852094649520963365e-12
-1.836140614552839168e-12
-1.812577106637125457e-12
-1.781819917306970424e-12
-1.744314328394613867e-12
-1.700531967845086978e-12
-1.650967123428825900e-12
-1.596132297512764531e-12
-1.536554846033599819e-12
-1.472771232226277593e-12
-1.405325183480299334e-12
-1.334762053488425249e-12
-1.261625352799722322e-12
-1.186453821473698600e-12
-1.109777959633351241e-12
-1.032115582236259321e-12
-9.539707348724113523e-13
-8.758294653757325854e-13
-7.981579264702831633e-13
-7.214003157861303972e-13
-6.459764364044606744e-13
-5.722800705543207300e-13
-5.006776785700106647e-13
-4.315069623232054008e-13
-3.650760249662710066e-13
-3.016626119907439563e-13
-2.415132709706474534e-13
-1.848432566948013389e-13
-1.318362601162789693e-13
-8.264457775899666792e-14
-3.738926418364423021e-14
3.839383509469246336e-15
4.098108706768535670e-14
7.400486202579353856e-14
1.029080114308897342e-13
1.277151127909714745e-13
1.484765544020050232e-13
1.652672139765276604e-13
1.781850356282962955e-13
1.873493764639744263e-13
1.928992583071290068e-13
1.949917685000260303e-13
1.938002980751002413e-13
1.895126444011532851e-13
1.823293035649320437e-13
1.724617492001798147e-13
1.601307113166874907e-13
1.455644009192361144e-13
1.289969379144467743e-13
1.106667925701576571e-13
9.081504401568449292e-14
6.968399788405063577e-14
4.751570569839526359e-14
2.455065705310281732e-14
1.026191215268662353e-15
-2.282485283406059801e-14
-4.677551748710762070e-14
-7.060601696405946481e-14
-9.410514359951827057e-14
-1.170716626940071503e-13
-1.393155474880072853e-13
-1.606593682959914227e-13
-1.809393970373870952e-13
-2.000068405165478236e-13
-2.177289517299799138e-13
-2.339899649907162260e-13
-2.486919903951084754e-13
-2.617557592118208154e-13
-2.731210982202803006e-13
-2.827475666794532216e-13
-2.906146731682796025e-13
-2.967217129553473276e-13
-3.010878493140550782e-13
-3.037517611569062748e-13
-3.047711280394771460e-13
-3.042219254290046138e-13
-3.021976386578112406e-13
-2.988080703009154959e-13
-2.941782559738592706e-13
-2.884471903951552063e-13
-2.817660926628107187e-13
-2.742968612662322059e-13
-2.662105833082378803e-13
-2.576852576804955497e-13
-2.489039790248837036e-13
-2.400532030100155367e-13
-2.313202255611879199e-13
-2.228913261641610188e-13
-2.149493690678516700e-13
-2.076719059305315307e-13
-2.012286550497760507e-13
-1.957795497985539979e-13
-1.914724618006652390e-13
-1.884414119971561385e-13
-1.868040905338499980e-13
-1.866607319015931021e-13
-1.880918245591653437e-13
-1.911566337078202116e-13
-1.958920493264765250e-13
-2.023114071018558557e-13
-2.104031738333483892e-13
-2.201307983552142078e-13
-2.314316815445194297e-13
-2.442172169787176772e-13
-2.583730484336660416e-13
-2.737590427785707714e-13
-2.902099133922364516e-13
-3.075365212056729858e-13
-3.255267962739422094e-13
-3.439476080249054268e-13
-3.625451989400924058e-13
-3.810484371612188337e-13
-3.991704427934450461e-13
-4.166108918349925583e-13
-4.330585369471950941e-13
-4.481945684812332908e-13
-4.616943220965563643e-13
-4.732312089937573685e-13
-4.824800498362535883e-13
-4.891190534192513262e-13
-4.928342347935987799e-13
-4.933220715611086327e-13
-4.902926480608582605e-13
-4.834730163959244376e-13
-4.726103406196835444e-13
-4.574751493423290238e-13
-4.378633415048904798e-13
-4.136002521373804974e-13
-3.845418720862386897e-13
-3.505776940450344714e-13
-3.116332333245180886e-13
-2.676711933699560397e-13
-2.186937696907476081e-13
-1.647430970938210115e-13
-1.059025846075582755e-13
-4.229782688924647871e-14
2.590348894854644507e-14
9.849110730545534986e-14
1.752130748431876550e-13
2.557758421294770157e-13
3.398456375255237694e-13
4.270495632466286828e-13
5.169772487705059927e-13
6.091826804284494745e-13
7.031860987591342926e-13
7.984776034808405143e-13
8.945185629542773409e-13
9.907448125789919402e-13
1.086570503711081770e-12
1.181390380487756797e-12
1.274584387686572562e-12
1.365520652281404512e-12
1.453559711830920698e-12
1.538058200765968220e-12
1.618373295618480423e-12
1.693865967627994351e-12
1.763906729013164920e-12
1.827877259275023647e-12
1.885176693569579065e-12
1.935225634255854921e-12
1.977470487704580115e-12
2.011385849542968174e-12
2.036478624622972688e-12
2.052294532234322233e-12
2.058419407147127345e-12
2.054483536420570466e-12
2.040165345690292398e-12
2.015194434934475254e-12
1.979355047920794419e-12
1.932487590089460028e-12
1.874492098000168916e-12
1.805331600358839328e-12
1.725032009597393667e-12
1.633684832379189711e-12
1.531448795902279336e-12
1.418549847899408523e-12
1.295282457680624333e-12
1.162010266654578405e-12
1.019164462025268225e-12
8.672441020526888700e-13
7.068138392282707905e-13
5.385038118546625618e-13
3.630078551121462827e-13
1.810797876661968120e-13
-6.468820687850719217e-15
-1.987726660785532617e-13
-3.949161418888291752e-13
-5.939373884204790510e-13
-7.948341420802029766e-13
-9.965678456069770874e-13
-1.198069963549708294e-12
-1.398247836958965706e-12
-1.595991676490993161e-12
-1.790179658157919906e-12
-1.979687247466443978e-12
-2.163392728848911872e-12
-2.340185337179612191e-12
-2.508971762987810550e-12
-2.668685801857084705e-12
-2.818294209117055971e-12
-2.956805807141638098e-12
-3.083277556881203196e-12
-3.196823882001265105e-12
-3.296620572010300343e-12
-3.381914540079300480e-12
-3.452028159850462075e-12
-3.506368372735435557e-12
-3.544427555277063213e-12
-3.565793710649800552e-12
-3.570149818138412812e-12
-3.557279037308402891e-12
-3.527071213219046264e-12
-3.479518539614701034e-12
-3.414723798861318826e-12
-3.332895374616451356e-12
-3.234348769712291904e-12
-3.119507690357847807e-12
-2.988898841968512521e-12
-2.843151712325631131e-12
-2.682990982161292948e-12
-2.509237392520069498e-12
-2.322798637460765647e-12
-2.124665460928598648e-12
-1.915901465254776781e-12
-1.697640400651068138e-12
-1.471074672666772276e-12
-1.237449812757640544e-12
-9.980526604821959857e-13
-7.542038825067431951e-13
-5.072479437352728215e-13
-2.585444336920816877e-13
-9.456673928632218507e-15
2.386573740281033862e-13
4.844553035641963046e-13
7.266187434726290029e-13
9.638633207548208404e-13
1.194948220234470782e-12
1.418683096346406991e-12
1.633938210426899573e-12
1.839650393825609243e-12
2.034830854161229219e-12
2.218570813172782152e-12
2.390047144570917048e-12
2.548526710846599208e-12
2.693371567441538161e-12
2.824039613269491156e-12
2.940088710684518603e-12
3.041177552842722065e-12
3.127066314223547749e-12
3.197615566427614020e-12
3.252784543453235422e-12
3.292631358536857178e-12
3.317309534706103236e-12
3.327061499566741354e-12
3.322219452664421091e-12
3.303196041345990430e-12
3.270481975514716311e-12
3.224638438215077230e-12
3.166292748824073300e-12
3.096129255752977372e-12
3.014884782798210594e-12
2.923339521843093536e-12
2.822311395006549262e-12
2.712649115749199424e-12
2.595221563692073907e-12
2.470915616212265853e-12
2.340623571697730831e-12
2.205240764302507372e-12
2.065657324010206075e-12
1.922750153537933215e-12
1.777378916788252550e-12
1.630381051519191882e-12
1.482563746248166670e-12
1.334702097108286800e-12
1.187533469997059665e-12
1.041753163767700219e-12
8.980136512876102373e-13
7.569192126376245167e-13
6.190255014311418780e-13
4.848369427289112021e-13
3.548064077783796844e-13
2.293341840216289729e-13
1.087679818716387470e-13
-6.596881905080202377e-15
-1.165165647342217281e-13
-2.207972980882225156e-13
-3.192945853460610328e-13
-4.119101977909100931e-13
-4.985908604385191900e-13
-5.793258667924350291e-13
-6.541435145293594822e-13
-7.231096147211624192e-13
-7.863232634464090154e-13
-8.439139144444940399e-13
-8.960392649214055094e-13
-9.428803224298398789e-13
-9.846397785659433133e-13
-1.021537346899970000e-12
-1.053807431941611306e-12
-1.081696364424455936e-12
-1.105458715018603488e-12
-1.125354475405015986e-12
-1.141646347770086667e-12
-1.154597359560860514e-12
-1.164468695080689287e-12
-1.171516768143365805e-12
-1.175992354711385968e-12
-1.178137882390517532e-12
-1.178185370445672397e-12
-1.176356538221123849e-12
-1.172860311475509842e-12
-1.167892605541398510e-12
-1.161634915862463924e-12
-1.154254317993486101e-12
-1.145902491818395763e-12
-1.136716155231143333e-12
-1.126815763093091949e-12
-1.116307025116058949e-12
-1.105280146920795126e-12
-1.093810914239157217e-12
-1.081960367653456156e-12
-1.069775778378412312e-12
-1.057291407202676226e-12
-1.044529046589914856e-12
-1.031498888040549566e-12
-1.018200714714145860e-12
-1.004623684588978882e-12
-9.907493662281163793e-13
-9.765504377368117161e-13
-9.619928551668488481e-13
-9.470370451389320543e-13
-9.316384469437721805e-13
-9.157482714836073789e-13
-8.993151275754618368e-13
-8.822854556320147701e-13
-8.646042866031211638e-13
-8.462167056487446271e-13
-8.270682316097177633e-13
-8.071055759492629100e-13
-7.862776185349473757e-13
-7.645359497397696824e-13
-7.418355209634630576e-13
-7.181350783133644278e-13
-6.933984094369127771e-13
-6.675936930003456560e-13
-6.406949623616320366e-13
-6.126814550491688216e-13
-5.835392932751481965e-13
-5.532600202626247743e-13
-5.218427144397519424e-13
-4.892926883971748797e-13
-4.556224646699857939e-13
-4.208511252164204297e-13
-3.850054769351934914e-13
-3.481188590431089080e-13
-3.102316038609831406e-13
-2.713909283934279326e-13
-2.316512324844477444e-13
-1.910732450082289202e-13
-1.497241458418840931e-13
-1.076773422487541099e-13
-6.501219782786490931e-14
-2.181390207085364547e-14
2.182729704988152497e-14
6.581596433217345998e-14
1.100519415181411276e-13
1.544310604959311939e-13
1.988451043362024495e-13
2.431825628455147603e-13
2.873288358542364085e-13
3.311669515004833642e-13
3.745778914907710311e-13
4.174411467536276454e-13
4.596353137507891429e-13
5.010383926327965920e-13
5.415287359158971192e-13
5.809850755870982209e-13
6.192874446760143758e-13
6.563177193559532885e-13
6.919597815742417612e-13
7.261010911453757988e-13
7.586316015488481224e-13
7.894461451739276381e-13
8.184437827983559455e-13
8.455283998995422046e-13
8.706098992769528699e-13
8.936042552622203150e-13
9.144340016101204505e-13
9.330283941288985972e-13
9.493249285633109658e-13
9.632680937621262984e-13
9.748113774521449670e-13
9.839167241371127304e-13
9.905550771988069769e-13
9.947057283757332335e-13
9.963582693270356394e-13
9.955117242707589575e-13
9.921740078827623321e-13
9.863637684404125139e-13
9.781085446788906346e-13
9.674462836742336869e-13
9.544243650613792873e-13
9.390991673532966821e-13
9.215370437229419842e-13
9.018134004314115604e-13
8.800118294662040430e-13
8.562251927433928156e-13
8.305536705437155387e-13
8.031050867732258958e-13
7.739948005430763445e-13
7.433445135471283827e-13
7.112816737507576814e-13
6.779393669706368364e-13
6.434550700422370095e-13
6.079705966097193048e-13
5.716306876631105371e-13
5.345831199585204807e-13
4.969771339249917652e-13
4.589630541937395058e-13
4.206915306566305635e-13
3.823130234701516139e-13
3.439765020128021655e-13
3.058291196244428134e-13
2.680152378243400024e-13
2.306759655252427210e-13
1.939479935160470792e-13
1.579634047264161234e-13
1.228488068650418485e-13
8.872476998976822071e-14
5.570516243376053001e-14
2.389666969079135006e-14
-6.601596913981093440e-15
-3.569877276817304268e-14
-6.331244664821433776e-14
-8.936892838175974907e-14
-1.138036469531741868e-13
-1.365613758142966705e-13
-1.575963751859754680e-13
-1.768726766611383727e-13
-1.943638121542495822e-13
-2.100530036366898834e-13
-2.239331224791751840e-13
-2.360063912961590793e-13
-2.462846278913216613e-13
-2.547885134211030911e-13
-2.615476737098665350e-13
-2.666002997791377949e-13
-2.699926599566276897e-13
-2.717788017206346218e-13
-2.720200909141212708e-13
-2.707847509587912871e-13
-2.681472936489487369e-13
-2.641881125756834203e-13
-2.589928868156760045e-13
-2.526518490947315954e-13
-2.452593792119650562e-13
-2.369134619387147644e-13
-2.277150364972391205e-13
-2.177670478838156232e-13
-2.071744739737951813e-13
-1.960431735567938483e-13
-1.844795881810953886e-13
-1.725902271576193470e-13
-1.604808544082916844e-13
-1.482561225478115641e-13
-1.360190714401465772e-13
-1.238705725449193440e-13
-1.119087597112669585e-13
-1.002288123374064921e-13
-8.892246070339379638e-14
-7.807744387003726083e-14
-6.777728606219973750e-14
-5.810097140814679539e-14
-4.912255430439098347e-14
-4.091093918712554456e-14
-3.352972129003033153e-14
-2.703686477175185066e-14
-2.148452992118202176e-14
-1.691896134910914062e-14
-1.338032366382611166e-14
-1.090262777926403678e-14
-9.513669081587065868e-15
-9.234944419963565798e-15
-1.008167074129096008e-14
-1.206282490074424979e-14
-1.518107844023907499e-14
-1.943286026886981155e-14
-2.480854470422386160e-14
-3.129257852732374168e-14
-3.886347759449529371e-14
-4.749417412087605928e-14
-5.715213187689610619e-14
-6.779968161332514121e-14
-7.939424806610237417e-14
-9.188868199325184172e-14
-1.052315786592705749e-13
-1.193676776346797030e-13
-1.342382287142576680e-13
-1.497813917165913278e-13
-1.659325617447277024e-13
-1.826248164195701240e-13
-1.997893360082200753e-13
-2.173559726301177442e-13
-2.352531147317704630e-13
-2.534084866858549168e-13
-2.717492843164887040e-13
-2.902026221326264865e-13
-3.086954249078427415e-13
-3.271550782016352521e-13
-3.455093741493164838e-13
-3.636865927771765206e-13
-3.816158814732434346e-13
-3.992271736721203501e-13
-4.164513243802570042e-13
-4.332204896467101163e-13
-4.494675573570028337e-13
-4.651270688049713442e-13
-4.801347579068415694e-13
-4.944281204073697200e-13
-5.079461699343534864e-13
-5.206302511502614028e-13
-5.324237687016897258e-13
-5.432727293204486774e-13
-5.531259586639969417e-13
-5.619355349963106594e-13
-5.696571686586437977e-13
-5.762502020695281502e-13
-5.816783144561854524e-13
-5.859095760646360063e-13
-5.889168818405676742e-13
-5.906781140596617519e-13
-5.911764133781360897e-13
-5.904001788327450928e-13
-5.883427425801279753e-13
-5.850033998888726217e-13
-5.803861623070172282e-13
-5.745008418642227888e-13
-5.673616416089488634e-13
-5.589880771803001913e-13
-5.494039468159628292e-13
-5.386373313522041517e-13
-5.267203773834383540e-13
-5.136888093712488335e-13
-4.995823091151485595e-13
-4.844429436594299698e-13
-4.683161410751202069e-13
-4.512495249426456967e-13
-4.332932125074295815e-13
-4.144995978394572234e-13
-3.949223489462666548e-13
-3.746174377650124399e-13
-3.536419204350216283e-13
-3.320541270331739403e-13
-3.099137157840103907e-13
-2.872806972777780521e-13
-2.642162747271137313e-13
-2.407818139749801079e-13
-2.170387621795027977e-13
-1.930486478139703532e-13
-1.688728096162911418e-13
-1.445719086980157275e-13
-1.202057930190653101e-13
-9.583305693059915309e-14
-7.151129867303054888e-14
-4.729614459407158189e-14
-2.324147615356299268e-14
6.009159836056570357e-16
2.418166917248810999e-14
4.745393666774969099e-14
7.037360467586004087e-14
9.289944302107860929e-14
1.149934097596783111e-13
1.366207223307130958e-13
1.577499930812895079e-13
1.783535341984276990e-13
1.984072628413713346e-13
2.178910806123479649e-13
2.367889142141504921e-13
2.550889458430988244e-13
2.727835047688226267e-13
2.898693925949130668e-13
3.063477477336512544e-13
3.222243435616056750e-13
3.375090734236002588e-13
3.522164385236919992e-13
3.663648974038674622e-13
3.799768117339341611e-13
3.930780126306515632e-13
4.056974753970793435e-13
4.178669129467627030e-13
4.296197458116685075e-13
4.409909395118594144e-13
4.520157848280498269e-13
4.627294099106282754e-13
4.731659400229737411e-13
4.833574404443374828e-13
4.933327509525076149e-13
5.031173502985375467e-13
5.127316756933786301e-13
5.221910143876629107e-13
5.315043652594220180e-13
5.406737340826750504e-13
5.496935914263423317e-13
5.585505473935936660e-13
5.672228637308707189e-13
5.756800743571266477e-13
5.838830395739347257e-13
5.917835123846193479e-13
5.993248974357767711e-13
6.064418715465147436e-13
6.130607631792128753e-13
6.191003655911520021e-13
6.244719368345141852e-13
6.290798502776862033e-13
6.328231124883010317e-13
6.355949837624774723e-13
6.372847128482961310e-13
6.377778622064511627e-13
6.369579343135089999e-13
6.347074016539722141e-13
6.309080861910398852e-13
6.254431109305180758e-13
6.181983635937526866e-13
6.090634181894760690e-13
5.979324023755450135e-13
5.847065453340460905e-13
5.692945572420560207e-13
5.516146892557693970e-13
5.315955466621280490e-13
5.091776609719711466e-13
4.843152246435111774e-13
4.569767416036374374e-13
4.271463282905230141e-13
3.948249604861231443e-13
3.600310967324243938e-13
3.228015999032912697e-13
2.831924961459869605e-13
2.412791917216078330e-13
1.971569608960610509e-13
1.509412576481891644e-13
1.027670651484666187e-13
5.278911598756604040e-14
1.181308570657579188e-15
-5.186389851114837912e-14
-1.061365080025356011e-13
-1.614098123822044206e-13
-2.174415161815268505e-13
-2.739753411119816295e-13
-3.307425405600639134e-13
-3.874631193147293207e-13
-4.438481374970104643e-13
-4.996014994936015530e-13
-5.544214176297912466e-13
-6.080033395153283671e-13
-6.600411948769202564e-13
-7.102302144838812392e-13
-7.582687190817172240e-13
-8.038605046369051710e-13
-8.467165228502604446e-13
-8.865579711331283974e-13
-9.231168347084706127e-13
-9.561395728982513553e-13
-9.853876612245238142e-13
-1.010639814023883698e-12
-1.031693393910293466e-12
-1.048366905440079044e-12
-1.060499886691712579e-12
-1.067955511351026399e-12
-1.070620913971864763e-12
-1.068407406816518357e-12
-1.061252865100503762e-12
-1.049121401731911707e-12
-1.032003584151841569e-12
-1.009917084855704861e-12
-9.829062477123562402e-13
-9.510431721662659932e-13
-9.144256532533923121e-13
-8.731784284336796542e-13
-8.274519849686690076e-13
-7.774218009799771512e-13
-7.232880743987535332e-13
-6.652743677129646649e-13
-6.036267406056561313e-13
-5.386127741729973550e-13
-4.705203240917832375e-13
-3.996565719425332341e-13
-3.263460465405265687e-13
-2.509300818347159900e-13
-1.737646213983284893e-13
-9.521914777921997031e-14
-1.567510363046156763e-14
6.447590399950853257e-14
1.448336622075080404e-13
2.249910191964507589e-13
3.045356122225589823e-13
3.830517717254289245e-13
4.601219036858006373e-13
5.353292136835163806e-13
6.082585064966228305e-13
6.784995200230514723e-13
7.456471421210530970e-13
8.093049884763670043e-13
8.690864868043934877e-13
9.246174789354077994e-13
9.755376844874930065e-13
1.021503302951753955e-12
1.062189398937096740e-12
1.097290661111749444e-12
1.126525196910865834e-12
1.149635616738697852e-12
1.166390985532506086e-12
1.176589641688208232e-12
1.180060064422117083e-12
1.176663692696588992e-12
1.166295684161544610e-12
1.148887517239682854e-12
1.124408292169087886e-12
1.092865706785184354e-12
1.054307899664430614e-12
1.008823558544535981e-12
9.565431129468504601e-13
8.976404688998407266e-13
8.323312200055055232e-13
7.608746532133947582e-13
6.835727188285456446e-13
6.007693799901792087e-13
5.128505042514830414e-13
4.202420204359180733e-13
3.234092410108607707e-13
2.228546936832581649e-13
1.191162647034074706e-13
1.276480684391304021e-14
-9.559863886838063096e-14
-2.053455333290293838e-13
-3.158232410403055690e-13
-4.263588180425381680e-13
-5.362623864933746543e-13
-6.448315731204246060e-13
-7.513554123490806536e-13
-8.551191438971317282e-13
-9.554091458946478710e-13
-1.051516079070280441e-12
-1.142742909847338506e-12
-1.228406807697590697e-12
-1.307845433513865618e-12
-1.380421601679393540e-12
-1.445528701078668821e-12
-1.502594706645488110e-12
-1.551088684575985255e-12
-1.590522852312759028e-12
-1.620458216396170048e-12
-1.640508909273030724e-12
-1.650344899802036469e-12
-1.649695571120934900e-12
-1.638353515354129541e-12
-1.616176593596807542e-12
-1.583091296941674386e-12
-1.539092854899171137e-12
-1.484246102759212427e-12
-1.418688625777486667e-12
-1.342628916031762820e-12
-1.256346155581455903e-12
-1.160190975409147729e-12
-1.054582744915155690e-12
-9.400076203536222863e-13
-8.170167016888219003e-13
-6.862226715684260903e-13
-5.482967053473120078e-13
-4.039637277030577733e-13
-2.539991058193163953e-13
-9.922269982639425612e-14
5.950565019029185887e-14
2.212921279597448998e-13
3.852139148028538296e-13
5.503259523434445022e-13
7.156677594294391653e-13
8.802694359023865989e-13
1.043158181363024184e-12
1.203365423800561995e-12
1.359932999545065968e-12
1.511920363211904927e-12
1.658411797646197616e-12
1.798519666529330152e-12
1.931394931140029136e-12
2.056231053482182602e-12
2.172267790992443715e-12
2.278801062780000386e-12
2.375183600147878771e-12
2.460831668646412673e-12
2.535227453318023016e-12
2.597924479708080270e-12
2.648548481226642437e-12
2.686802169638013993e-12
2.712463717177704403e-12
2.725391960722856055e-12
2.725523582866595795e-12
2.712873979279772918e-12
2.687538126072697153e-12
2.649687544029055708e-12
2.599568563882437289e-12
2.537501025273725119e-12
2.463874807304144987e-12
2.379144841205271810e-12
2.283829158775119161e-12
2.178504555569449330e-12
2.063800519369607400e-12
1.940393809171658823e-12
1.809005527840523708e-12
1.670391255870207203e-12
1.525338882979454525e-12
1.374660585015674563e-12
1.219186752422773967e-12
1.059759701868556725e-12
8.972283094439703621e-13
7.324409633489847860e-13
5.662400344615126091e-13
3.994552084940483638e-13
2.328990136597069993e-13
6.736024092028961019e-14
-9.640035894108861525e-14
-2.576554963308608226e-13
-4.157146361091074160e-13
-5.699289239331772894e-13
-7.196946489283762016e-13
-8.644552088044044069e-13
-1.003705148508449163e-12
-1.136991000481868408e-12
-1.263913453064535730e-12
-1.384127729965600739e-12
-1.497345216566747794e-12
-1.603333243081761506e-12
-1.701913241412833511e-12
-1.792961829352734959e-12
-1.876407666398516305e-12
-1.952231995852593549e-12
-2.020464524854492794e-12
-2.081181147556288025e-12
-2.134502427239559630e-12
-2.180588825825835464e-12
-2.219639185993549368e-12
-2.251885743848047738e-12
-2.277591309995941060e-12
-2.297044282215110478e-12
-2.310556477050362822e-12
-2.318458142483437179e-12
-2.321094054805183937e-12
-2.318819181806874852e-12
-2.311996948056727064e-12
-2.300992729686868188e-12
-2.286171252308122348e-12
-2.267894422605665206e-12
-2.246517208370768515e-12
-2.222384169053848169e-12
-2.195828588402726211e-12
-2.167165535568726931e-12
-2.136695334553628811e-12
-2.104698576879671101e-12
-2.071434603706512334e-12
-2.037141722671664823e-12
-2.002033304762673716e-12
-1.966299952721461963e-12
-1.930108200001723340e-12
-1.893599209726315458e-12
-1.856889858889432254e-12
-1.820073388877907483e-12
-1.783219513891431962e-12
-1.746375830405377805e-12
-1.709567925591015669e-12
-1.672800461517687243e-12
-1.636059885658236457e-12
-1.599314864569878480e-12
-1.562518994399630934e-12
-1.525610909304531138e-12
-1.488517317217719071e-12
-1.451154842992130600e-12
-1.413431329443104456e-12
-1.375248439433596204e-12
-1.336502306395481732e-12
-1.297086895356291958e-12
-1.256895087141385314e-12
-1.215820087836771979e-12
-1.173758139294545089e-12
-1.130608844393532486e-12
-1.086277335443641689e-12
-1.040675683648684124e-12
-9.937234412074613665e-13
-9.453499181383273609e-13
-8.954939112286453007e-13
-8.441053303380463557e-13
-7.911454694489727935e-13
-7.365881450789590890e-13
-6.804193168098715550e-13
-6.226377378092118331e-13
-5.632556053514203853e-13
-5.022981271370074996e-13
-4.398030334015756715e-13
-3.758210919118515347e-13
-3.104153490241651214e-13
-2.436609128440153649e-13
-1.756449803311244118e-13
-1.064649602744265067e-13
-3.622881210524689366e-14
3.494587567454479626e-14
1.069326647628460192e-13
1.795973715882845378e-13
2.527982163880171385e-13
3.263873817483525785e-13
4.002118731902259974e-13
4.741138037722691934e-13
5.479323049971396298e-13
6.215035539165747469e-13
6.946622096992705053e-13
7.672420099420762529e-13
8.390771259227103318e-13
9.100018915492169569e-13
9.798534596552888054e-13
1.048471097268854901e-12
1.115697052973818604e-12
1.181378996364945699e-12
1.245367741223302183e-12
1.307520606542988961e-12
1.367700223908752122e-12
1.425776272219458907e-12
1.481625477688097714e-12
1.535132264363081589e-12
1.586188428867596478e-12
1.634694333021990964e-12
1.680559337524645258e-12
1.723701151430667711e-12
1.764046048992329307e-12
1.801530712802756895e-12
1.836101366434195192e-12
1.867711497613444571e-12
1.896326411870985496e-12
1.921919654673809319e-12
1.944474312468025268e-12
1.963983229519294937e-12
1.980447923710659808e-12
1.993878152861672248e-12
2.004295167334912975e-12
2.011725855344259628e-12
2.016206429242273224e-12
2.017781124477591170e-12
2.016502416435361766e-12
2.012428852032899229e-12
2.005627434964463163e-12
1.996169722573437610e-12
1.984135078458848511e-12
1.969608720911453226e-12
1.952679771349830062e-12
1.933442772203419757e-12
1.911997036391221982e-12
1.888445346279188364e-12
1.862893736839787984e-12
1.835450845130703890e-12
1.806228452395919337e-12
1.775339966182676310e-12
1.742899661399954780e-12
1.709023005579124455e-12
1.673825899932424033e-12
1.637424354092309464e-12
1.599933076648629715e-12
1.561466017249713012e-12
1.522136258182149593e-12
1.482053954386663985e-12
1.441327526080504740e-12
1.400063008236140938e-12
1.358361773756699975e-12
1.316323460821833269e-12
1.274043587642936792e-12
1.231613227202499328e-12
1.189119332514754213e-12
1.146644736625679339e-12
1.104267393671476416e-12
1.062059836777484723e-12
1.020090804361439840e-12
9.784233969897804251e-13
9.371159447393861974e-13
8.962215735167089470e-13
8.557881508476639087e-13
8.158588821888246301e-13
7.764716061960108551e-13
7.376590115647230217e-13
6.994493959716630016e-13
6.618658529231047360e-13
6.249263801751114844e-13
5.886448013053824369e-13
5.530299525616233502e-13
5.180866044333931608e-13
4.838147569206918686e-13
4.502109134715132077e-13
4.172666173089117914e-13
3.849704300999678974e-13
3.533071188041581046e-13
3.222583604047674077e-13
2.918027419088892183e-13
2.619160585030227972e-13
2.325720453895396833e-13
2.037425268644824095e-13
1.753978499984334971e-13
1.475072234496943580e-13
1.200392324603172245e-13
9.296225898444698821e-14
6.624526773489625153e-14
3.985733862095844349e-14
1.376899404903616717e-14
-1.204788747471942020e-14
-3.761963342837487678e-14
-6.297061125575681428e-14
-8.812289548250362703e-14
-1.130962999033174876e-13
-1.379077380720891699e-13
-1.625716840878213554e-13
-1.871003352249545060e-13
-2.115029343070090606e-13
-2.357865964107419554e-13
-2.599562817610923116e-13
-2.840148905988715278e-13
-3.079633716009805289e-13
-3.318013995067675692e-13
-3.555269143321049263e-13
-3.791370971513441379e-13
-4.026279364164470076e-13
-4.259947700580718477e-13
-4.492324481158993521e-13
-4.723352243184153476e-13
-4.952968916081823547e-13
-5.181111616125999575e-13
-5.407714206984159944e-13
-5.632705131312920610e-13
-5.856012289667811288e-13
-6.077557619492413021e-13
-6.297261974028134368e-13
-6.515038075000090245e-13
-6.730800270436654298e-13
-6.944447187434699131e-13
-7.155881247798701050e-13
-7.364992405008152776e-13
-7.571668444138202059e-13
-7.775789018747703008e-13
-7.977220771969439905e-13
-8.175833599542714492e-13
-8.371487639387276136e-13
-8.564033271603321840e-13
-8.753320334189962360e-13
-8.939182402113721171e-13
-9.121453592442207992e-13
-9.299953385513703985e-13
-9.474498009059972858e-13
-9.644892306689967221e-13
-9.810931364193087312e-13
-9.972391835921801118e-13
-1.012904712362205917e-12
-1.028064569238984483e-12
-1.042692950210810654e-12
-1.056761123920113565e-12
-1.070239600067801611e-12
-1.083096069429134722e-12
-1.095296162795245110e-12
-1.106802908872051017e-12
-1.117577167961125717e-12
-1.127577957220349258e-12
-1.136760715940432487e-12
-1.145078389747089531e-12
-1.152481322180820555e-12
-1.158917579957563504e-12
-1.164331977186738865e-12
-1.168666725892553160e-12
-1.171861652854433444e-12
-1.173853657505941062e-12
-1.174577470876292384e-12
-1.173965330329707069e-12
-1.171947846927146042e-12
-1.168453463325225261e-12
-1.163409104297519203e-12
-1.156741044096298854e-12
-1.148374147511010968e-12
-1.138234363533274784e-12
-1.126247424314275047e-12
-1.112340905148889725e-12
-1.096444441316124507e-12
-1.078490812281285294e-12
-1.058417459579019670e-12
-1.036166378393099663e-12
-1.011686069120332210e-12
-9.849331636738178908e-13
-9.558717749616474357e-13
-9.244774000147226722e-13
-8.907356731542581674e-13
-8.546444259759089501e-13
-8.162152052328119911e-13
-7.754733812558034511e-13
-7.324594489960256638e-13
-6.872301122270996210e-13
-6.398584461754508457e-13
-5.904347106719387561e-13
-5.390662417316394173e-13
-4.858782104953662806e-13
-4.310133250740727506e-13
-3.746318847589608092e-13
-3.169112108153404606e-13
-2.580453483270322979e-13
-1.982443750174825436e-13
-1.377336694132966222e-13
-7.675305703502832699e-14
-1.555524508029329511e-14
4.559468579599934568e-14
1.064214431097283697e-13
1.666405186583064246e-13
2.259599435729467420e-13
2.840820569234570048e-13
3.407054369533590865e-13
3.955268187624816356e-13
4.482431136335063293e-13
4.985534554635684401e-13
5.461615317989276797e-13
5.907776980292045454e-13
6.321215794725942860e-13
6.699233724184738836e-13
7.039276930451143777e-13
7.338941737308757318e-13
7.596011493415932847e-13
7.808463077518812412e-13
7.974499966617587532e-13
8.092564704291482780e-13
8.161355705832429308e-13
8.179851652793945771e-13
8.147309866687879598e-13
8.063296666645236588e-13
7.927685201011835936e-13
7.740667373572207577e-13
7.502758180358282125e-13
7.214800046458080818e-13
6.877958489207025572e-13
6.493721576086852743e-13
6.063901551028871850e-13
5.590612066168343386e-13
5.076273602855341238e-13
4.523591245510216741e-13
3.935537876489925146e-13
3.315345502470645744e-13
2.666478962545099085e-13
1.992616548108713803e-13
1.297626556987646618e-13
5.855426278393582873e-14
-1.394610609720819960e-14
-8.730979806324812298e-14
-1.610996492457106299e-13
-2.348727766096625480e-13
-3.081836001672666470e-13
-3.805866483509029452e-13
-4.516392956236542355e-13
-5.209049337706606053e-13
-5.879556281944420260e-13
-6.523748013152752545e-13
-7.137599972867336717e-13
-7.717251859253038138e-13
-8.259037984764683316e-13
-8.759499744472043492e-13
-9.215418142125009204e-13
-9.623820837467711442e-13
-9.982015214404782455e-13
-1.028758892310244200e-12
-1.053842993772868830e-12
-1.073274498789023035e-12
-1.086905955863248785e-12
-1.094622873246131611e-12
-1.096344694716255841e-12
-1.092023932218466609e-12
-1.081648225847997580e-12
-1.065238609126994973e-12
-1.042850484786472798e-12
-1.014572323723705871e-12
-9.805253397415780725e-13
-9.408634895485823435e-13
-8.957710333039325956e-13
-8.454630767186499529e-13
-7.901825894995884170e-13
-7.302010558707383581e-13
-6.658150593363831860e-13
-5.973457947901217313e-13
-5.251369001105232748e-13
-4.495526401224886337e-13
-3.709757652979595033e-13
-2.898057770324424798e-13
-2.064566779255011530e-13
-1.213544239056507656e-13
-3.493485746996691232e-14
5.235856236421310150e-14
1.400772401717598203e-13
2.277698700221125749e-13
3.149851256559199619e-13
4.012738763232298611e-13
4.861918701838663370e-13
5.693020924471547950e-13
6.501774487722988827e-13
7.284029065676711490e-13
8.035781783911899456e-13
8.753197819344471498e-13
9.432640215786824989e-13
1.007068126807064701e-12
1.066413125340448520e-12
1.121005632070959379e-12
1.170578933264165844e-12
1.214896889686900572e-12
1.253752418724218831e-12
1.286970530145481462e-12
1.314409843987396354e-12
1.335962482133801199e-12
1.351555369358270475e-12
1.361151209106070681e-12
1.364747399291987850e-12
1.362376791241848295e-12
1.354107798112735850e-12
1.340043852791905632e-12
1.320321890013742561e-12
1.295112780040630351e-12
1.264618401317085805e-12
