2.727585139087468358e-13
2.822367719309409884e-13
2.911330302269449222e-13
0.000000000000000000e+00
0.000000000000000000e+00
0.000000000000000000e+00
0.000000000000000000e+00
0.000000000000000000e+00
0.000000000000000000e+00
0.000000000000000000e+00
0.000000000000000000e+00
0.000000000000000000e+00
0.000000000000000000e+00
0.000000000000000000e+00
0.000000000000000000e+00
0.000000000000000000e+00
0.000000000000000000e+00
0.000000000000000000e+00
0.000000000000000000e+00
0.000000000000000000e+00
0.000000000000000000e+00
0.000000000000000000e+00
0.000000000000000000e+00
0.000000000000000000e+00
0.000000000000000000e+00
0.000000000000000000e+00
0.000000000000000000e+00
0.000000000000000000e+00
0.000000000000000000e+00
0.000000000000000000e+00
0.000000000000000000e+00
0.000000000000000000e+00
0.000000000000000000e+00
0.000000000000000000e+00
0.000000000000000000e+00
0.000000000000000000e+00
0.000000000000000000e+00
0.000000000000000000e+00
0.000000000000000000e+00
0.000000000000000000e+00
0.000000000000000000e+00
0.000000000000000000e+00
0.000000000000000000e+00
0.000000000000000000e+00
0.000000000000000000e+00
0.000000000000000000e+00
0.000000000000000000e+00
0.000000000000000000e+00
0.000000000000000000e+00
0.000000000000000000e+00
0.000000000000000000e+00
0.000000000000000000e+00
0.000000000000000000e+00
0.000000000000000000e+00
0.000000000000000000e+00
0.000000000000000000e+00
0.000000000000000000e+00
0.000000000000000000e+00
0.000000000000000000e+00
0.000000000000000000e+00
0.000000000000000000e+00
0.000000000000000000e+00
0.000000000000000000e+00
0.000000000000000000e+00
0.000000000000000000e+00
0.000000000000000000e+00
0.000000000000000000e+00
0.000000000000000000e+00
0.000000000000000000e+00
0.000000000000000000e+00
0.000000000000000000e+00
0.000000000000000000e+00
0.000000000000000000e+00
0.000000000000000000e+00
0.000000000000000000e+00
0.000000000000000000e+00
0.000000000000000000e+00
0.000000000000000000e+00
0.000000000000000000e+00
0.000000000000000000e+00
0.000000000000000000e+00
0.000000000000000000e+00
0.000000000000000000e+00
0.000000000000000000e+00
0.000000000000000000e+00
0.000000000000000000e+00
0.000000000000000000e+00
0.000000000000000000e+00
0.000000000000000000e+00
0.000000000000000000e+00
0.000000000000000000e+00
0.000000000000000000e+00
0.000000000000000000e+00
0.000000000000000000e+00
0.000000000000000000e+00
0.000000000000000000e+00
0.000000000000000000e+00
0.000000000000000000e+00
0.000000000000000000e+00
0.000000000000000000e+00
0.000000000000000000e+00
0.000000000000000000e+00
0.000000000000000000e+00
0.000000000000000000e+00
0.000000000000000000e+00
0.000000000000000000e+00
0.000000000000000000e+00
0.000000000000000000e+00
0.000000000000000000e+00
0.000000000000000000e+00
0.000000000000000000e+00
0.000000000000000000e+00
0.000000000000000000e+00
0.000000000000000000e+00
0.000000000000000000e+00
0.000000000000000000e+00
0.000000000000000000e+00
0.000000000000000000e+00
0.000000000000000000e+00
0.000000000000000000e+00
0.000000000000000000e+00
0.000000000000000000e+00
0.000000000000000000e+00
0.000000000000000000e+00
0.000000000000000000e+00
0.000000000000000000e+00
0.000000000000000000e+00
0.000000000000000000e+00
0.000000000000000000e+00
0.000000000000000000e+00
0.000000000000000000e+00
0.000000000000000000e+00
0.000000000000000000e+00
0.000000000000000000e+00
0.000000000000000000e+00
0.000000000000000000e+00
0.000000000000000000e+00
0.000000000000000000e+00
0.000000000000000000e+00
0.000000000000000000e+00
0.000000000000000000e+00
0.000000000000000000e+00
0.000000000000000000e+00
0.000000000000000000e+00
0.000000000000000000e+00
0.000000000000000000e+00
0.000000000000000000e+00
0.000000000000000000e+00
0.000000000000000000e+00
0.000000000000000000e+00
0.000000000000000000e+00
0.000000000000000000e+00
0.000000000000000000e+00
0.000000000000000000e+00
0.000000000000000000e+00
0.000000000000000000e+00
0.000000000000000000e+00
0.000000000000000000e+00
0.000000000000000000e+00
0.000000000000000000e+00
0.000000000000000000e+00
0.000000000000000000e+00
0.000000000000000000e+00
0.000000000000000000e+00
0.000000000000000000e+00
0.000000000000000000e+00
0.000000000000000000e+00
0.000000000000000000e+00
0.000000000000000000e+00
0.000000000000000000e+00
0.000000000000000000e+00
0.000000000000000000e+00
0.000000000000000000e+00
0.000000000000000000e+00
0.000000000000000000e+00
0.000000000000000000e+00
0.000000000000000000e+00
0.000000000000000000e+00
0.000000000000000000e+00
0.000000000000000000e+00
0.000000000000000000e+00
0.000000000000000000e+00
0.000000000000000000e+00
0.000000000000000000e+00
0.000000000000000000e+00
0.000000000000000000e+00
0.000000000000000000e+00
0.000000000000000000e+00
0.000000000000000000e+00
0.000000000000000000e+00
0.000000000000000000e+00
0.000000000000000000e+00
0.000000000000000000e+00
0.000000000000000000e+00
0.000000000000000000e+00
0.000000000000000000e+00
0.000000000000000000e+00
0.000000000000000000e+00
0.000000000000000000e+00
0.000000000000000000e+00
0.000000000000000000e+00
0.000000000000000000e+00
0.000000000000000000e+00
0.000000000000000000e+00
0.000000000000000000e+00
0.000000000000000000e+00
0.000000000000000000e+00
0.000000000000000000e+00
0.000000000000000000e+00
0.000000000000000000e+00
0.000000000000000000e+00
0.000000000000000000e+00
0.000000000000000000e+00
0.000000000000000000e+00
0.000000000000000000e+00
0.000000000000000000e+00
0.000000000000000000e+00
0.000000000000000000e+00
0.000000000000000000e+00
0.000000000000000000e+00
0.000000000000000000e+00
0.000000000000000000e+00
0.000000000000000000e+00
0.000000000000000000e+00
0.000000000000000000e+00
0.000000000000000000e+00
0.000000000000000000e+00
0.000000000000000000e+00
0.000000000000000000e+00
0.000000000000000000e+00
0.000000000000000000e+00
0.000000000000000000e+00
0.000000000000000000e+00
0.000000000000000000e+00
0.000000000000000000e+00
0.000000000000000000e+00
0.000000000000000000e+00
0.000000000000000000e+00
0.000000000000000000e+00
0.000000000000000000e+00
0.000000000000000000e+00
0.000000000000000000e+00
0.000000000000000000e+00
0.000000000000000000e+00
0.000000000000000000e+00
0.000000000000000000e+00
0.000000000000000000e+00
0.000000000000000000e+00
0.000000000000000000e+00
0.000000000000000000e+00
0.000000000000000000e+00
0.000000000000000000e+00
0.000000000000000000e+00
0.000000000000000000e+00
0.000000000000000000e+00
0.000000000000000000e+00
0.000000000000000000e+00
0.000000000000000000e+00
0.000000000000000000e+00
0.000000000000000000e+00
0.000000000000000000e+00
0.000000000000000000e+00
0.000000000000000000e+00
0.000000000000000000e+00
0.000000000000000000e+00
0.000000000000000000e+00
0.000000000000000000e+00
0.000000000000000000e+00
0.000000000000000000e+00
0.000000000000000000e+00
0.000000000000000000e+00
0.000000000000000000e+00
0.000000000000000000e+00
0.000000000000000000e+00
0.000000000000000000e+00
0.000000000000000000e+00
0.000000000000000000e+00
0.000000000000000000e+00
0.000000000000000000e+00
0.000000000000000000e+00
0.000000000000000000e+00
0.000000000000000000e+00
0.000000000000000000e+00
0.000000000000000000e+00
0.000000000000000000e+00
0.000000000000000000e+00
0.000000000000000000e+00
0.000000000000000000e+00
0.000000000000000000e+00
0.000000000000000000e+00
0.000000000000000000e+00
0.000000000000000000e+00
0.000000000000000000e+00
0.000000000000000000e+00
0.000000000000000000e+00
0.000000000000000000e+00
0.000000000000000000e+00
0.000000000000000000e+00
0.000000000000000000e+00
0.000000000000000000e+00
0.000000000000000000e+00
0.000000000000000000e+00
0.000000000000000000e+00
0.000000000000000000e+00
0.000000000000000000e+00
0.000000000000000000e+00
0.000000000000000000e+00
0.000000000000000000e+00
0.000000000000000000e+00
0.000000000000000000e+00
0.000000000000000000e+00
0.000000000000000000e+00
0.000000000000000000e+00
0.000000000000000000e+00
0.000000000000000000e+00
0.000000000000000000e+00
0.000000000000000000e+00
0.000000000000000000e+00
0.000000000000000000e+00
0.000000000000000000e+00
0.000000000000000000e+00
0.000000000000000000e+00
0.000000000000000000e+00
0.000000000000000000e+00
0.000000000000000000e+00
0.000000000000000000e+00
0.000000000000000000e+00
0.000000000000000000e+00
0.000000000000000000e+00
0.000000000000000000e+00
0.000000000000000000e+00
0.000000000000000000e+00
0.000000000000000000e+00
0.000000000000000000e+00
0.000000000000000000e+00
0.000000000000000000e+00
0.000000000000000000e+00
0.000000000000000000e+00
0.000000000000000000e+00
0.000000000000000000e+00
0.000000000000000000e+00
0.000000000000000000e+00
0.000000000000000000e+00
0.000000000000000000e+00
0.000000000000000000e+00
0.000000000000000000e+00
0.000000000000000000e+00
0.000000000000000000e+00
0.000000000000000000e+00
0.000000000000000000e+00
0.000000000000000000e+00
0.000000000000000000e+00
0.000000000000000000e+00
0.000000000000000000e+00
0.000000000000000000e+00
0.000000000000000000e+00
0.000000000000000000e+00
0.000000000000000000e+00
0.000000000000000000e+00
0.000000000000000000e+00
0.000000000000000000e+00
0.000000000000000000e+00
0.000000000000000000e+00
0.000000000000000000e+00
0.000000000000000000e+00
0.000000000000000000e+00
0.000000000000000000e+00
0.000000000000000000e+00
0.000000000000000000e+00
0.000000000000000000e+00
0.000000000000000000e+00
0.000000000000000000e+00
0.000000000000000000e+00
0.000000000000000000e+00
0.000000000000000000e+00
0.000000000000000000e+00
0.000000000000000000e+00
0.000000000000000000e+00
0.000000000000000000e+00
0.000000000000000000e+00
0.000000000000000000e+00
0.000000000000000000e+00
0.000000000000000000e+00
0.000000000000000000e+00
0.000000000000000000e+00
0.000000000000000000e+00
0.000000000000000000e+00
0.000000000000000000e+00
0.000000000000000000e+00
0.000000000000000000e+00
0.000000000000000000e+00
0.000000000000000000e+00
0.000000000000000000e+00
0.000000000000000000e+00
0.000000000000000000e+00
0.000000000000000000e+00
0.000000000000000000e+00
0.000000000000000000e+00
0.000000000000000000e+00
0.000000000000000000e+00
0.000000000000000000e+00
0.000000000000000000e+00
0.000000000000000000e+00
0.000000000000000000e+00
0.000000000000000000e+00
0.000000000000000000e+00
0.000000000000000000e+00
0.000000000000000000e+00
0.000000000000000000e+00
0.000000000000000000e+00
0.000000000000000000e+00
0.000000000000000000e+00
0.000000000000000000e+00
0.000000000000000000e+00
0.000000000000000000e+00
0.000000000000000000e+00
0.000000000000000000e+00
0.000000000000000000e+00
0.000000000000000000e+00
0.000000000000000000e+00
0.000000000000000000e+00
0.000000000000000000e+00
0.000000000000000000e+00
0.000000000000000000e+00
0.000000000000000000e+00
0.000000000000000000e+00
0.000000000000000000e+00
0.000000000000000000e+00
0.000000000000000000e+00
0.000000000000000000e+00
0.000000000000000000e+00
0.000000000000000000e+00
0.000000000000000000e+00
0.000000000000000000e+00
0.000000000000000000e+00
0.000000000000000000e+00
0.000000000000000000e+00
0.000000000000000000e+00
0.000000000000000000e+00
0.000000000000000000e+00
0.000000000000000000e+00
0.000000000000000000e+00
0.000000000000000000e+00
0.000000000000000000e+00
0.000000000000000000e+00
0.000000000000000000e+00
0.000000000000000000e+00
0.000000000000000000e+00
0.000000000000000000e+00
0.000000000000000000e+00
0.000000000000000000e+00
0.000000000000000000e+00
0.000000000000000000e+00
0.000000000000000000e+00
0.000000000000000000e+00
0.000000000000000000e+00
0.000000000000000000e+00
0.000000000000000000e+00
0.000000000000000000e+00
0.000000000000000000e+00
0.000000000000000000e+00
0.000000000000000000e+00
0.000000000000000000e+00
0.000000000000000000e+00
0.000000000000000000e+00
0.000000000000000000e+00
0.000000000000000000e+00
0.000000000000000000e+00
0.000000000000000000e+00
0.000000000000000000e+00
0.000000000000000000e+00
0.000000000000000000e+00
0.000000000000000000e+00
0.000000000000000000e+00
0.000000000000000000e+00
0.000000000000000000e+00
0.000000000000000000e+00
0.000000000000000000e+00
0.000000000000000000e+00
0.000000000000000000e+00
0.000000000000000000e+00
0.000000000000000000e+00
0.000000000000000000e+00
0.000000000000000000e+00
0.000000000000000000e+00
0.000000000000000000e+00
0.000000000000000000e+00
0.000000000000000000e+00
0.000000000000000000e+00
0.000000000000000000e+00
0.000000000000000000e+00
0.000000000000000000e+00
0.000000000000000000e+00
0.000000000000000000e+00
0.000000000000000000e+00
0.000000000000000000e+00
0.000000000000000000e+00
0.000000000000000000e+00
0.000000000000000000e+00
0.000000000000000000e+00
0.000000000000000000e+00
0.000000000000000000e+00
0.000000000000000000e+00
0.000000000000000000e+00
0.000000000000000000e+00
0.000000000000000000e+00
0.000000000000000000e+00
0.000000000000000000e+00
0.000000000000000000e+00
0.000000000000000000e+00
0.000000000000000000e+00
0.000000000000000000e+00
0.000000000000000000e+00
0.000000000000000000e+00
0.000000000000000000e+00
0.000000000000000000e+00
0.000000000000000000e+00
0.000000000000000000e+00
0.000000000000000000e+00
0.000000000000000000e+00
0.000000000000000000e+00
0.000000000000000000e+00
0.000000000000000000e+00
0.000000000000000000e+00
0.000000000000000000e+00
0.000000000000000000e+00
0.000000000000000000e+00
0.000000000000000000e+00
0.000000000000000000e+00
0.000000000000000000e+00
0.000000000000000000e+00
0.000000000000000000e+00
0.000000000000000000e+00
0.000000000000000000e+00
0.000000000000000000e+00
0.000000000000000000e+00
0.000000000000000000e+00
0.000000000000000000e+00
0.000000000000000000e+00
0.000000000000000000e+00
0.000000000000000000e+00
0.000000000000000000e+00
0.000000000000000000e+00
0.000000000000000000e+00
0.000000000000000000e+00
0.000000000000000000e+00
0.000000000000000000e+00
0.000000000000000000e+00
0.000000000000000000e+00
0.000000000000000000e+00
0.000000000000000000e+00
0.000000000000000000e+00
0.000000000000000000e+00
0.000000000000000000e+00
0.000000000000000000e+00
0.000000000000000000e+00
0.000000000000000000e+00
0.000000000000000000e+00
0.000000000000000000e+00
0.000000000000000000e+00
0.000000000000000000e+00
0.000000000000000000e+00
0.000000000000000000e+00
0.000000000000000000e+00
0.000000000000000000e+00
0.000000000000000000e+00
0.000000000000000000e+00
0.000000000000000000e+00
0.000000000000000000e+00
0.000000000000000000e+00
0.000000000000000000e+00
0.000000000000000000e+00
0.000000000000000000e+00
0.000000000000000000e+00
0.000000000000000000e+00
0.000000000000000000e+00
0.000000000000000000e+00
0.000000000000000000e+00
0.000000000000000000e+00
0.000000000000000000e+00
0.000000000000000000e+00
0.000000000000000000e+00
0.000000000000000000e+00
0.000000000000000000e+00
0.000000000000000000e+00
0.000000000000000000e+00
0.000000000000000000e+00
0.000000000000000000e+00
0.000000000000000000e+00
0.000000000000000000e+00
0.000000000000000000e+00
0.000000000000000000e+00
0.000000000000000000e+00
0.000000000000000000e+00
0.000000000000000000e+00
0.000000000000000000e+00
0.000000000000000000e+00
0.000000000000000000e+00
0.000000000000000000e+00
0.000000000000000000e+00
0.000000000000000000e+00
0.000000000000000000e+00
0.000000000000000000e+00
0.000000000000000000e+00
0.000000000000000000e+00
0.000000000000000000e+00
0.000000000000000000e+00
0.000000000000000000e+00
0.000000000000000000e+00
0.000000000000000000e+00
0.000000000000000000e+00
0.000000000000000000e+00
0.000000000000000000e+00
0.000000000000000000e+00
0.000000000000000000e+00
0.000000000000000000e+00
0.000000000000000000e+00
0.000000000000000000e+00
0.000000000000000000e+00
0.000000000000000000e+00
0.000000000000000000e+00
0.000000000000000000e+00
0.000000000000000000e+00
0.000000000000000000e+00
0.000000000000000000e+00
0.000000000000000000e+00
0.000000000000000000e+00
0.000000000000000000e+00
0.000000000000000000e+00
0.000000000000000000e+00
0.000000000000000000e+00
0.000000000000000000e+00
0.000000000000000000e+00
0.000000000000000000e+00
0.000000000000000000e+00
0.000000000000000000e+00
0.000000000000000000e+00
0.000000000000000000e+00
0.000000000000000000e+00
0.000000000000000000e+00
0.000000000000000000e+00
0.000000000000000000e+00
0.000000000000000000e+00
0.000000000000000000e+00
0.000000000000000000e+00
0.000000000000000000e+00
0.000000000000000000e+00
0.000000000000000000e+00
0.000000000000000000e+00
0.000000000000000000e+00
0.000000000000000000e+00
0.000000000000000000e+00
0.000000000000000000e+00
0.000000000000000000e+00
0.000000000000000000e+00
0.000000000000000000e+00
0.000000000000000000e+00
0.000000000000000000e+00
0.000000000000000000e+00
0.000000000000000000e+00
0.000000000000000000e+00
0.000000000000000000e+00
0.000000000000000000e+00
0.000000000000000000e+00
0.000000000000000000e+00
0.000000000000000000e+00
0.000000000000000000e+00
0.000000000000000000e+00
0.000000000000000000e+00
0.000000000000000000e+00
0.000000000000000000e+00
0.000000000000000000e+00
0.000000000000000000e+00
0.000000000000000000e+00
0.000000000000000000e+00
0.000000000000000000e+00
0.000000000000000000e+00
0.000000000000000000e+00
0.000000000000000000e+00
0.000000000000000000e+00
0.000000000000000000e+00
0.000000000000000000e+00
0.000000000000000000e+00
0.000000000000000000e+00
0.000000000000000000e+00
0.000000000000000000e+00
0.000000000000000000e+00
0.000000000000000000e+00
0.000000000000000000e+00
0.000000000000000000e+00
0.000000000000000000e+00
0.000000000000000000e+00
0.000000000000000000e+00
0.000000000000000000e+00
0.000000000000000000e+00
0.000000000000000000e+00
0.000000000000000000e+00
0.000000000000000000e+00
0.000000000000000000e+00
0.000000000000000000e+00
0.000000000000000000e+00
0.000000000000000000e+00
0.000000000000000000e+00
0.000000000000000000e+00
0.000000000000000000e+00
0.000000000000000000e+00
0.000000000000000000e+00
0.000000000000000000e+00
0.000000000000000000e+00
0.000000000000000000e+00
0.000000000000000000e+00
0.000000000000000000e+00
0.000000000000000000e+00
0.000000000000000000e+00
0.000000000000000000e+00
0.000000000000000000e+00
0.000000000000000000e+00
0.000000000000000000e+00
0.000000000000000000e+00
0.000000000000000000e+00
0.000000000000000000e+00
0.000000000000000000e+00
0.000000000000000000e+00
0.000000000000000000e+00
0.000000000000000000e+00
0.000000000000000000e+00
0.000000000000000000e+00
0.000000000000000000e+00
0.000000000000000000e+00
0.000000000000000000e+00
0.000000000000000000e+00
0.000000000000000000e+00
0.000000000000000000e+00
0.000000000000000000e+00
0.000000000000000000e+00
0.000000000000000000e+00
0.000000000000000000e+00
0.000000000000000000e+00
0.000000000000000000e+00
0.000000000000000000e+00
0.000000000000000000e+00
0.000000000000000000e+00
0.000000000000000000e+00
0.000000000000000000e+00
0.000000000000000000e+00
0.000000000000000000e+00
0.000000000000000000e+00
1.401298464324817071e-45
9.809089250273719496e-45
7.006492321624085355e-45
1.401298464324817071e-45
2.522337235784670728e-44
5.885453550164231698e-44
0.000000000000000000e+00
8.015427215937953646e-43
1.378877688895619998e-42
6.726232628759121940e-43
3.168335827838411397e-42
7.496946784137771329e-42
7.027511798588957611e-42
1.617378687523703863e-41
3.620815101968894830e-41
5.894421860335910527e-41
8.211048481557698109e-41
8.512888170773263706e-41
5.481178943206521973e-41
7.192865017379286025e-42
-7.355976158626694732e-41
-1.666059796174348008e-40
-2.804965123054343083e-40
-3.372196728428385785e-40
-3.332245709210485250e-40
-2.139600586223633441e-40
3.821481042060208634e-41
4.286824236093193887e-40
9.207679975354794506e-40
1.407388507450772726e-39
1.723479402048521713e-39
1.647777055110302120e-39
1.008849415107544477e-39
-3.229026064328319225e-40
-2.359967381424889849e-39
-4.835578319916649551e-39
-7.223895370573294774e-39
-8.699545330116722314e-39
-8.285381759896272355e-39
-5.021547441714124674e-39
1.768571785332030001e-39
1.194133301955964765e-38
2.430395240943390830e-38
3.624572823930828259e-38
4.379149626194313055e-38
4.201990187582355191e-38
2.614927751555240151e-38
-7.022485340997424492e-39
-5.712593855760208103e-38
-1.184510865661139111e-37
-1.785134740816779328e-37
-2.181586290811733610e-37
-2.136393854817872530e-37
-1.412014137629570374e-37
1.562142865176333954e-38
2.569617270178744348e-37
5.574879175256959505e-37
8.597468752417875328e-37
1.073626633856951208e-36
1.085217367605930643e-36
7.775962572381922890e-37
6.409386154029409012e-38
-1.069288213811401574e-36
-2.519541992870361870e-36
-4.032852498845006316e-36
-5.196609484047007439e-36
-5.473736366802800004e-36
-4.292277730983939208e-36
-1.193712755471239315e-36
3.971409888394020922e-36
1.083197883521472005e-35
1.832138093873746484e-35
2.460984093195958002e-35
2.722008984883592904e-35
2.339163016105717938e-35
1.072097698402263057e-35
-1.195814317530389159e-35
-4.357824168423003460e-35
-7.994672537299210379e-35
-1.132681905251504178e-34
-1.324328925203178335e-34
-1.243927177905597424e-34
-7.680943541352429814e-35
1.810228583870816478e-35
1.589857027842105434e-34
3.308976419535170214e-34
5.023196387508206162e-34
6.252084814151711340e-34
6.396479142293363292e-34
4.841972351987353415e-34
1.120336000325504629e-34
-4.885574008853244482e-34
-1.272706356102848315e-33
-2.121855832652525255e-33
-2.837907481771952427e-33
-3.155961722957908022e-33
-2.781678076842352936e-33
-1.455695010682376863e-33
9.584620941459993014e-34
4.374677899033977146e-33
8.393427128898504593e-33
1.224856297349192416e-32
1.482475435223497155e-32
1.477644300378411406e-32
1.076774571998705570e-32
1.830564659098916091e-33
-1.219433448035261498e-32
-3.020750705659765180e-32
-4.950553316185785060e-32
-6.568212218058577658e-32
-7.292317325912282174e-32
-6.481390793054018914e-32
-3.570155606335787561e-32
1.746413149107059394e-32
9.305129233263144120e-32
1.828431621743593354e-31
2.708840685283481371e-31
3.337341544541023339e-31
3.427521239356446277e-31
2.688119541064926415e-31
8.944303601564962624e-32
-2.022360683061461551e-31
-5.881662156373248830e-31
-1.017720533489948802e-30
-1.404530491322943980e-30
-1.630691466681037202e-30
-1.560826759276073103e-30
-1.067237245603082973e-30
-6.519964052429076868e-32
1.445440515918001558e-30
3.339606534075961756e-30
5.337638856914387014e-30
6.999739720728491869e-30
7.756757330341660498e-30
6.986940562078546540e-30
4.141615296591146814e-30
-1.087602544171757005e-30
-8.580823633092963354e-30
-1.761649474300496782e-29
-2.676074842901203250e-29
-3.387494105058404301e-29
-3.629405350548024029e-29
-3.121281836642371005e-29
-1.628377980951161261e-29
9.615730364189674329e-30
4.555034967063480146e-29
8.779127762133179620e-29
1.293950116499282740e-28
1.603363160239109172e-28
1.684170847363222717e-28
1.410910999427568903e-28
6.820072424555590931e-29
-5.459328890913771417e-29
-2.221595820554647720e-28
-4.167553991916052536e-28
-6.063383577202460280e-28
-7.453632959445399869e-28
-7.789882512883425667e-28
-6.512614921933046688e-28
-3.172147452032960767e-28
2.421119996121977919e-28
1.003770035111339170e-27
1.889273334569724716e-27
2.757254908580064067e-27
3.406786337904325682e-27
3.595284805281282004e-27
3.073439257188988668e-27
1.636930289536331525e-27
-8.090537992054258765e-28
-4.180968575461195730e-27
-8.156756278367152902e-27
-1.214111629545557766e-26
-1.527459352976592182e-26
-1.650327366378280240e-26
-1.472018763225483456e-26
-8.978770912022824340e-27
1.236111527300293161e-27
1.571257465102286741e-26
3.324343362923732379e-26
5.145303962366041838e-26
6.679557071740058883e-26
7.479716560535615071e-26
7.059373876081345542e-26
4.977638356234720022e-26
9.498395285110255877e-27
-5.027533500341157917e-26
-1.255736275802972886e-25
-2.075456803338648470e-25
-2.822193029258924008e-25
-3.312004900438735330e-25
-3.335569901310917123e-25
-2.689942717169917313e-25
-1.222107258672917594e-25
1.119573953181168618e-25
4.233050297166974452e-25
7.819478705895271974e-25
1.136155143807525505e-24
1.413616851265933272e-24
1.527274845806431974e-24
1.386406672062144912e-24
9.129000134513795649e-25
6.161846764868557157e-26
-1.157449852298287803e-24
-2.658833395726847797e-24
-4.267619562540343326e-24
-5.717097833342397490e-24
-6.663012661753407925e-24
-6.718208470430816900e-24
-5.509124122011740379e-24
-2.751930223810826589e-24
1.658292710642450567e-24
7.557006637535034416e-24
1.443461944222295595e-23
2.139566690941248302e-23
2.717362654488403940e-23
3.021999279068136688e-23
2.887958873952241158e-23
2.165291602832686541e-23
7.530866942579630968e-24
-1.363154484121167195e-23
-4.075517022647918274e-23
-7.126030467996173655e-23
-1.009547394029231401e-22
-1.241678045761673258e-22
-1.341981899187142162e-22
-1.241129503442618775e-22
-8.788719539906466182e-23
-2.181016598345181146e-23
7.398961195073263496e-23
1.941221342503175729e-22
3.269002483218891325e-22
4.540104283438839312e-22
5.512032920381998025e-22
5.902550622902607709e-22
5.423260951213411960e-22
3.826485057575552448e-22
9.623021357623104975e-23
-3.160200010380422999e-22
-8.316218110970005866e-22
-1.402411421317458045e-21
-1.953224044191843435e-21
-2.384570864760187719e-21
-2.580283292108332918e-21
-2.420603506555786832e-21
-1.800507641134766330e-21
-6.521021611563715696e-22
1.031100424489739181e-21
3.171272133879968549e-21
5.588863176276220831e-21
7.995346047385002584e-21
1.000073639038828043e-20
1.113974147565392504e-20
1.091876227527365776e-20
8.883473876770562862e-21
4.703434589094611669e-21
-1.733628796140146928e-21
-1.022908670706693285e-20
-2.019693459017056096e-20
-3.062060422723065632e-20
-4.006058971049041083e-20
-4.672847324123476021e-20
-4.863817155050401050e-20
-4.383674675497740902e-20
-3.070713507412194570e-20
-8.320697023376135584e-21
2.319521066349526514e-20
6.232395556455054802e-20
1.059197471920306743e-19
1.491254003760698722e-19
1.855096504775537072e-19
2.074741779482834565e-19
2.069570220443758893e-19
1.764262767735323412e-19
1.101161184500431461e-19
5.407159706914450383e-21
-1.357947256452272030e-19
-3.058710728983138004e-19
-4.907172469764175526e-19
-6.696124252338734009e-19
-8.159482236175935429e-19
-8.989747198438020206e-19
-8.866401127421409793e-19
-7.494713884006749128e-19
-4.652966425841676135e-19
-2.443960534426612783e-20
5.651508876018486097e-19
1.273517551714443910e-18
2.045837684886576545e-18
2.801902064660817081e-18
3.438665493408984646e-18
3.836434316109196724e-18
3.868954508301412730e-18
3.417267158142850374e-18
2.386657190364044050e-18
7.255450340862137336e-19
-1.555477366344475624e-18
-4.366685212896514266e-18
-7.526954799344651918e-18
-1.075891075280877888e-17
-1.369411566151950717e-17
-1.589033974485189947e-17
-1.686226703843435635e-17
-1.612559983722933117e-17
-1.325315146723177599e-17
-7.939746876330052084e-18
-7.095700051087068175e-20
1.021098548787304080e-17
2.245200123912676979e-17
3.585055699597495464e-17
4.925041308074607285e-17
6.116969527838607662e-17
6.987218457037066297e-17
7.348404555402630683e-17
7.015486196418208443e-17
5.825713940202766278e-17
3.661363772850002309e-17
4.735922508318241036e-18
-3.694694188452214006e-17
-8.689411897372368004e-17
-1.423206066149254796e-16
-1.991531689485694177e-16
-2.520995308853208250e-16
-2.948491778541269563e-16
-3.204170261856756222e-16
-3.216294479705517463e-16
-2.917396669651972163e-16
-2.251442161163900134e-16
-1.181607387999502744e-16
3.019143723114036813e-17
2.174719637337279719e-16
4.372368456556733349e-16
6.786684730263590776e-16
9.264922610032789996e-16
1.161242466016243220e-15
1.359925266981290484e-15
1.497103946855018932e-15
1.546398299769903822e-15
1.482370973407832852e-15
1.282725519498231076e-15
9.307177907397754836e-16
4.176539468409663433e-16
-2.546802549871474662e-16
-1.071823632994330089e-15
-2.004848847361544693e-15
-3.009131343691237755e-15
-4.023827051316238371e-15
-4.972156245216206860e-15
-5.762558687199452814e-15
-6.290736245855238842e-15
-6.442516926706684174e-15
-6.097447138940070149e-15
-5.132940039264018151e-15
-3.428765018288174211e-15
-8.716090788232918295e-16
2.640531192408136080e-15
7.194450520357428824e-15
1.285858016743766929e-14
1.968081052945366838e-14
2.768752498864650302e-14
3.688387689346726839e-14
4.725547007194443039e-14
5.877133361139458279e-14
7.138807231986399326e-14
8.505498280513001941e-14
9.972004369170409110e-14
1.153362209340910716e-13
1.318676748742267368e-13
1.492959537463880992e-13
1.676253537016836326e-13
1.868874656809141332e-13
2.071441163129655871e-13
2.284895092140998285e-13
2.510502385404816961e-13
2.749842725486423278e-13
3.004780126970862941e-13
3.277425802538508348e-13
3.570087205462951774e-13
3.885204874834458089e-13
4.225300122805142333e-13
4.592899411487438854e-13
4.990477974441132059e-13
5.420398830301154103e-13
5.884866704185254260e-13
6.385877070191892102e-13
6.925187420042666631e-13
7.504292868533435357e-13
8.124409348400640773e-13
8.786467647209361687e-13
9.491114491555485699e-13
1.023870224714507060e-12
1.102931439754539777e-12
1.186275361796107486e-12
1.273854502784055320e-12
1.365594486449350775e-12
1.461391012543000745e-12
1.561110182096703269e-12
1.664585136396112830e-12
1.771612262273236649e-12
1.881950541585131198e-12
1.995313853378477553e-12
2.111368154963932930e-12
2.229726386165920005e-12
2.349942289370243742e-12
2.471509975843222406e-12
2.593855035273873177e-12
2.716332367369567180e-12
2.838223146089946525e-12
2.958732651242579337e-12
3.076987883238180288e-12
3.192037779931045094e-12
3.302849964012533057e-12
3.408316814543232987e-12
3.507255033272094202e-12
3.598407596200337011e-12
3.680447439868839155e-12
3.751986568656384691e-12
3.811574320056188014e-12
3.857710158261529187e-12
3.888846709931836898e-12
3.903401039895282310e-12
3.899767227893979893e-12
3.876316368583987426e-12
3.831419990302231682e-12
3.763455259236936357e-12
3.670821025619774858e-12
3.551948882588029655e-12
3.405324416547172994e-12
3.229498049192591758e-12
3.023105854191299180e-12
2.784884302331480654e-12
2.513689994002032968e-12
2.208518741150800047e-12
1.868523348200201717e-12
1.493035621351335163e-12
1.081582089515475964e-12
6.339028152217707213e-13
1.499714116998465685e-13
-3.699874337025760296e-13
-9.254819133275304921e-13
-1.515739682204919614e-12
-2.139691635677509751e-12
-2.795962029608634047e-12
-3.482854846539873428e-12
-4.198350000983452901e-12
-4.940097376310292887e-12
-5.705412704781753774e-12
-6.491278868592242901e-12
-7.294349152475732012e-12
-8.110952881557054184e-12
-8.937112334905794597e-12
-9.768537541365862609e-12
-1.060067311708934312e-11
-1.142868091830173682e-11
-1.224750682815578529e-11
-1.305185560324106930e-11
-1.383627760975780774e-11
-1.459514974155862177e-11
-1.532274654381104995e-11
-1.601326189704099789e-11
-1.666086886509265952e-11
-1.725971796040504103e-11
-1.780402908435618770e-11
-1.828811234394489560e-11
-1.870644091017670263e-11
-1.905367877363950413e-11
-1.932471370424959645e-11
-1.951475613048980762e-11
-1.961935128247382920e-11
-1.963443817254439949e-11
-1.955640684114801076e-11
-1.938214519436876060e-11
-1.910904941226920783e-11
-1.873513323646935902e-11
-1.825900194929452880e-11
-1.767991829326742703e-11
-1.699780767527858671e-11
-1.621333102497235501e-11
-1.532784316138346981e-11
-1.434342922213005522e-11
-1.326291160230752553e-11
-1.208984475031815720e-11
-1.082849955535980513e-11
-9.483847734914618854e-12
-8.061537548620378857e-12
-6.567867777418356923e-12
-5.009744355466416721e-12
-3.394642423062976810e-12
-1.730557103868379798e-12
-2.595177490873762371e-14
1.710303231504395338e-12
3.468980311338576428e-12
5.240572299031187598e-12
7.015348371663954197e-12
8.783430580083795292e-12
1.053485684104904507e-11
1.225965336193457489e-11
1.394791140224560522e-11
1.558986793825933859e-11
1.717595163319707297e-11
1.869689472688840226e-11
2.014377900594332971e-11
2.150810259060609297e-11
2.278186146675853507e-11
2.395760673179481159e-11
2.502850877939000185e-11
2.598839372869310438e-11
2.683182322160693190e-11
2.755411870891677495e-11
2.815138573641906561e-11
2.862056425190218079e-11
2.895944074821077407e-11
2.916667254937443943e-11
2.924178607588423517e-11
2.918515776273444828e-11
2.899802967193387815e-11
2.868248000220674498e-11
2.824139359869359822e-11
2.767844980988698467e-11
2.699806524175674127e-11
2.620534345076919180e-11
2.530605239248195915e-11
2.430656197149883013e-11
2.321376597891333660e-11
2.203503872422185594e-11
2.077816738110804806e-11
1.945129821101510004e-11
1.806283247973716755e-11
1.662140737546113911e-11
1.513578845591112554e-11
1.361482541289982251e-11
1.206736446879297375e-11
1.050217812020859398e-11
8.927926106738759415e-12
7.353080817840140782e-12
5.785860072299309209e-12
4.234193291124954683e-12
2.705647121278853540e-12
1.207394210653300881e-12
-2.538338191981209802e-13
-1.671775565204036695e-12
-3.040675784077295773e-12
-4.355307347408965413e-12
-5.610990838622598176e-12
-6.803608457867094117e-12
-7.929608358825390724e-12
-8.986011587608366824e-12
-9.970405577541807673e-12
-1.088093504186815608e-11
-1.171629980534216742e-11
-1.247571924239965213e-11
-1.315893227715747571e-11
-1.376615141324144531e-11
-1.429805059072197793e-11
-1.475572442011241492e-11
-1.514066823304904830e-11
-1.545472777531031738e-11
-1.570005930817686135e-11
-1.587912093481413933e-11
-1.599459280299253550e-11
-1.604938057453431099e-11
-1.604653909748066098e-11
-1.598926373247433474e-11
-1.588083310688492844e-11
-1.572459003285064938e-11
-1.552389293502098866e-11
-1.528210891166281726e-11
-1.500255301933872687e-11
-1.468848827290702985e-11
-1.434309008369050176e-11
-1.396942457543293159e-11
-1.357043644123478998e-11
-1.314891945325413758e-11
-1.270751906479183901e-11
-1.224872980820634893e-11
-1.177486320252940644e-11
-1.128807203959469874e-11
-1.079032696527093549e-11
-1.028343469405834654e-11
-9.769023263939136115e-12
-9.248574996123526404e-12
-8.723407413091521789e-12
-8.194704463615476442e-12
-7.663513053313142365e-12
-7.130768631818940051e-12
-6.597297361188303455e-12
-6.063833896813308755e-12
-5.531040035700041102e-12
-4.999517726894664449e-12
-4.469827286079919304e-12
-3.942496936554240605e-12
-3.418042108030427961e-12
-2.896978013380846484e-12
-2.379827454893068683e-12
-1.867140556749413705e-12
-1.359502029181502980e-12
-8.575374026327520216e-13
-3.619241679356927088e-13
1.266038733268096128e-13
6.072525295108821553e-13
1.079164752351702283e-12
1.541419986442194023e-12
1.993036595135389000e-12
2.432972226462659648e-12
2.860130101506319633e-12
3.273365519612658758e-12
3.671492797285846876e-12
4.053295026007486257e-12
4.417532745853991472e-12
4.762959558007873184e-12
5.088326895247297088e-12
5.392407007032140598e-12
5.673999464717027763e-12
5.931945473020006077e-12
6.165146518299913225e-12
6.372575210578101945e-12
6.553286559241033871e-12
6.706439657083729244e-12
6.831299848714111889e-12
6.927259113553851932e-12
6.993839101604448771e-12
7.030707613320252847e-12
7.037679900651072629e-12
7.014736014276934384e-12
6.962016900480261228e-12
6.879827436911956084e-12
6.768645106208781570e-12
6.629114358142063068e-12
6.462048344341164707e-12
6.268427617250882378e-12
6.049392757556670830e-12
5.806233098482049826e-12
5.540389327873818104e-12
5.253433972562948640e-12
4.947068362598505686e-12
4.623109187140705956e-12
4.283470279864420860e-12
3.930156113746141600e-12
3.565238815977922471e-12
3.190849494350000981e-12
2.809157854249955122e-12
2.422359621917502537e-12
2.032657028805395782e-12
1.642243524328790283e-12
1.253287187572005301e-12
8.679157110884350157e-13
4.881997583972008670e-13
1.161384627790945645e-13
-2.463541252505779822e-13
-5.974621838933380502e-13
-9.354812931239298024e-13
-1.258828002774492472e-12
-1.566048939832809239e-12
-1.855831460728651905e-12
-2.127007554461601835e-12
-2.378563492000385082e-12
-2.609638633660482654e-12
-2.819533452200206902e-12
-3.007706280214184069e-12
-3.173777430101609731e-12
-3.317522255172344892e-12
-3.438872667529957461e-12
-3.537912150741728823e-12
-3.614867086221273951e-12
-3.670106319547672413e-12
-3.704126848996791566e-12
-3.717550139253900099e-12
-3.711110845711074191e-12
-3.685647707168948628e-12
-3.642092270134122955e-12
-3.581461082563519582e-12
-3.504840731874403481e-12
-3.413379388167436801e-12
-3.308270758034526082e-12
-3.190750181431001309e-12
-3.062080320206939099e-12
-2.923536196117182406e-12
-2.776403022416995547e-12
-2.621957555584697452e-12
-2.461465059555578705e-12
-2.296167813178873196e-12
-2.127276219759943743e-12
-1.955961868166378181e-12
-1.783351786556475194e-12
-1.610521286644905903e-12
-1.438487566909896209e-12
-1.268207869449533565e-12
-1.100573516869818302e-12
-9.364070933590151746e-13
-7.764610352248291214e-13
-6.214156793304947968e-13
-4.718783957330385803e-13
-3.283835063681156408e-13
-1.913923663651728724e-13
-6.129517330982423018e-14
6.158834835352788861e-14
1.770062368162614308e-13
2.847720973961354041e-13
3.847622361777963684e-13
4.769120753693456560e-13
5.612134021393266892e-13
6.377096116796932002e-13
7.064929153852150812e-13
7.676995432588651358e-13
8.215056781536722585e-13
8.681233358044659898e-13
9.077968411708159380e-13
9.407973532160607277e-13
9.674200459816595377e-13
9.879798801987194068e-13
1.002806995428762171e-12
1.012244433239162245e-12
1.016642824612501439e-12
1.016359522584830977e-12
1.011753072814591814e-12
1.003182454641093901e-12
9.910026358556089932e-13
9.755634884991981615e-13
9.572080541392358199e-13
9.362689660022405214e-13
9.130682321334404605e-13
8.879149585722112548e-13
8.611047530408810768e-13
8.329181528515805510e-13
8.036203538556996318e-13
7.734594215103030024e-13
7.426678087611715551e-13
7.114605671092177896e-13
6.800353466104858136e-13
6.485727753469117118e-13
6.172371641577356627e-13
5.861765066395019375e-13
5.555236175583400104e-13
5.253956449589869404e-13
4.958961843590237173e-13
4.671152787488752622e-13
4.391304756889286010e-13
4.120078030914881007e-13
3.858023655319703371e-13
3.605589676651532738e-13
3.363121413302305740e-13
3.130876092237444563e-13
2.909018512187167005e-13
2.697626735707892021e-13
2.496695070738214062e-13
2.306138407407593016e-13
2.125796419319772590e-13
1.955444947675591405e-13
1.794801828859660109e-13
1.643540853543332125e-13
1.501305183686588163e-13
1.367723208994808815e-13
1.242426842830435252e-13
1.125068530634550090e-13
1.015335683368298603e-13
9.129632813631438637e-14
8.177437676656906795e-14
7.295314526090113105e-14
6.482396677819426967e-14
5.738327700380643770e-14
5.063127922564497618e-14
4.456998938212435035e-14
3.920098973079003124e-14
3.452291824266283393e-14
3.052911385064555061e-14
2.720537181221272666e-14
2.452830554769067084e-14
2.246432342445717212e-14
2.096948814947225542e-14
1.999022658288798077e-14
1.946496451163664404e-14
1.932659659750497055e-14
1.950564411596147907e-14
1.993382943519389494e-14
2.054784192459264275e-14
2.129300391334656289e-14
2.212648263937889992e-14
2.301983134818906540e-14
2.396067658248356852e-14
2.495331618743677760e-14
2.601827546542655883e-14
2.719082317431068679e-14
2.851857273012022020e-14
3.005829905724372031e-14
3.187239290851004436e-14
3.402499839494886602e-14
3.657830467554759601e-14
3.958912055601268576e-14
4.310600135301254077e-14
4.716703983225108143e-14
5.179844319311635581e-14
5.701387577111347027e-14
6.281460133939972823e-14
6.919010313690202030e-14
7.611944928542779820e-14
8.357271580501646202e-14
9.151295850664056819e-14
9.989783251920097973e-14
1.086813879993750454e-13
1.178155880146580792e-13
1.272515079420166728e-13
1.369401825008359497e-13
1.468332698267502123e-13
1.568833225221860639e-13
1.670436114735093791e-13
1.772680174308080558e-13
1.875103127239527434e-13
1.977235920564562877e-13
2.078594322487900548e-13
2.178668893513743821e-13
2.276912111544987516e-13
2.372728478538393970e-13
2.465462729805967257e-13
2.554386823588883360e-13
2.638688963510493757e-13
2.717464382857859295e-13
2.789706399913827184e-13
2.854302081148341053e-13
2.910030343864639102e-13
2.955562227249797225e-13
2.989472005446996983e-13
3.010239898060956820e-13
3.016270772645407439e-13
3.005911220887308444e-13
2.977469074245953085e-13
2.929235359046961085e-13
2.859507064727900838e-13
2.766614248892601546e-13
2.648938739798628594e-13
2.504937988805078231e-13
2.333165670213854792e-13
2.132287944302257987e-13
1.901100397981927981e-13
1.638544578881975800e-13
1.343719108421251307e-13
1.015895538265115805e-13
6.545272272307292583e-14
2.592648589306439932e-14
-1.700299887593802878e-14
-6.332713758765151635e-14
-1.130131822542693176e-13
-1.660026418626517342e-13
-2.222095527330478215e-13
-2.815188132523210873e-13
-3.437845711232179191e-13
-4.088287596914347288e-13
-4.764399053232282188e-13
-5.463721380709329889e-13
-6.183444056263864841e-13
-6.920406088462005556e-13
-7.671096830669243971e-13
-8.431661944162394118e-13
-9.197918034858920677e-13
-9.965360784833232621e-13
-1.072919205737099535e-12
-1.148434212311366664e-12
-1.222549513880955008e-12
-1.294712167337896958e-12
-1.364351665499030641e-12
-1.430882972872082881e-12
-1.493711512985662626e-12
-1.552237396777733647e-12
-1.605858675202131991e-12
-1.653977736021383649e-12
-1.696005640615394494e-12
-1.731367653412529961e-12
-1.759507470278087737e-12
-1.779894265828418920e-12
-1.792027572340704200e-12
-1.795442267082947296e-12
-1.789714860686575371e-12
-1.774468484476432462e-12
-1.749376793598600432e-12
-1.714171339595171872e-12
-1.668643521968160570e-12
-1.612651093392536428e-12
-1.546121303902525668e-12
-1.469051334572479828e-12
-1.381514802729910674e-12
-1.283661003013969459e-12
-1.175718485242616129e-12
-1.057993102848708844e-12
-9.308696391832627093e-13
-7.948107775233859140e-13
-6.503559084498899967e-13
-4.981180398710982615e-13
-3.387800836304050156e-13
-1.730931885454353725e-13
-1.870489304894515370e-15
1.740171049792460511e-13
3.536465011892003796e-13
5.360497744473502468e-13
7.202205954022489198e-13
9.051213012596648344e-13
1.089690729143277803e-12
1.272852699976678714e-12
1.453524583680532167e-12
1.630625755949521860e-12
1.803085567138318357e-12
1.969853100081131458e-12
2.129905193187786594e-12
2.282254680380235712e-12
2.425959173130154412e-12
2.560128107773063100e-12
2.683931419125706874e-12
2.796602793092572981e-12
2.897450942368484661e-12
2.985860473800339143e-12
3.061298827281011548e-12
3.123320612558044829e-12
3.171568476595387764e-12
3.205776789860781406e-12
3.225773164208800559e-12
3.231478452880853780e-12
3.222906316824314388e-12
3.200161273128609984e-12
3.163438044503918967e-12
3.113017439312915080e-12
3.049261364240773986e-12
2.972612824295173262e-12
2.883585948146305533e-12
2.782763602882099008e-12
2.670791105635617058e-12
2.548368417329416324e-12
2.416243637462511806e-12
2.275207366259079933e-12
2.126085548934120162e-12
1.969729501033468111e-12
1.807014824231623074e-12
1.638825468559812482e-12
1.466056442911423119e-12
1.289599395153107064e-12
1.110340118459784975e-12
9.291513955803076819e-13
7.468893125500697394e-13
5.643840971826519226e-13
3.824381404008564411e-13
2.018206565410074482e-13
2.326545226816797290e-14
-1.525345876083467056e-13
-3.249276119433180954e-13
-4.933066216801507142e-13
-6.571110300855609321e-13
-8.158260308629983193e-13
-9.689846581367733691e-13
-1.116166620934722076e-12
-1.256998628448857680e-12
-1.391152384261351571e-12
-1.518343718982795298e-12
-1.638331072369159092e-12
-1.750912674396143398e-12
-1.855925135796354652e-12
-1.953240737553874062e-12
-2.042763527776436661e-12
-2.124428671174127814e-12
-2.198199088032648518e-12
-2.264062201606797942e-12
-2.322027986556562951e-12
-2.372125716340600654e-12
-2.414401577971458934e-12
-2.448919322536879939e-12
-2.475755061029372150e-12
-2.494996396984472398e-12
-2.506741992799876861e-12
-2.511101136054572081e-12
-2.508192221625793472e-12
-2.498140149603811366e-12
-2.481078276855841480e-12
-2.457148850706913912e-12
-2.426502575259004146e-12
-2.389298611391033056e-12
-2.345704576758866899e-12
-2.295898497359227797e-12
-2.240067940167955740e-12
-2.178413916267829542e-12
-2.111147845082483876e-12
-2.038495023823361230e-12
-1.960694627489711905e-12
-1.877998841506856031e-12
-1.790678391157263238e-12
-1.699016253207952243e-12
-1.603312968501136027e-12
-1.503885124071180357e-12
-1.401064377362648550e-12
-1.295199624634646440e-12
-1.186654940976694661e-12
-1.075806978223514676e-12
-9.630485428221979838e-13
-8.487826327202574461e-13
-7.334246057699722598e-13
-6.173986018612187543e-13
-5.011358624081030388e-13
-3.850734835164626446e-13
-2.696515157430551257e-13
-1.553106872709958397e-13
-4.249020840035866442e-14
6.837522356032549320e-14
1.768578637489567895e-13
2.825399690684765597e-13
3.850159936962666007e-13
4.838960720836282814e-13
5.788082686752904493e-13
6.694008411814444948e-13
7.553456016044790555e-13
8.363392443866413117e-13
9.121061111255768239e-13
9.824004673988917524e-13
1.047007099075347725e-12
1.105743968610184425e-12
1.158461998204685095e-12
1.205047563471173255e-12
1.245422276592578203e-12
1.279542335801131525e-12
1.307401019043363810e-12
1.329026190315107936e-12
1.344479974400847322e-12
1.353858865293933178e-12
1.357291991473108528e-12
1.354939706439683977e-12
1.346992612935582478e-12
1.333667659815518380e-12
1.315208467307649176e-12
1.291882399667709791e-12
1.263976878891626132e-12
1.231798517353777100e-12
1.195669648360042636e-12
1.155925832482807003e-12
1.112913038635310325e-12
1.066984716725782878e-12
1.018500388194620854e-12
9.678204418439584344e-13
9.153053748961470504e-13
8.613130282782155422e-13
8.061957676962216990e-13
7.502984778612331596e-13
6.939557435636789506e-13
6.374902233700907583e-13
5.812111859501700728e-13
5.254122332522259686e-13
4.703701620908939951e-13
4.163431752135515751e-13
3.635705560396662595e-13
3.122711236726999351e-13
2.626430973748372644e-13
2.148632156527205406e-13
1.690867498099768440e-13
1.254471515815119842e-13
8.405650036690665017e-14
4.500556760492040176e-14
8.364477459190527986e-15
-2.581684764243769720e-14
-5.750781795210713199e-14
-8.669628871142004423e-14
-1.133876589083822328e-13
-1.376036058101798298e-13
-1.593809990669409205e-13
-1.787706674317643407e-13
-1.958361044943762730e-13
-2.106521202046782171e-13
-2.233034314099227591e-13
-2.338836047575953980e-13
-2.424933084194114130e-13
-2.492393769669420944e-13
-2.542332121734103278e-13
-2.575899020994254496e-13
-2.594266489998331426e-13
-2.598619290670317605e-13
-2.590141913883653446e-13
-2.570010447944942600e-13
-2.539383633926028949e-13
-2.499392023642271754e-13
-2.451131745490053859e-13
-2.395660167638091753e-13
-2.333986682308969440e-13
-2.267070672900065031e-13
-2.195817854801218605e-13
-2.121075667535499143e-13
-2.043634630011920139e-13
-1.964224139242021216e-13
-1.883513147966225931e-13
-1.802110706754928016e-13
-1.720566235059034499e-13
-1.639369521209965708e-13
-1.558951806621827751e-13
-1.479687005518856568e-13
-1.401891840460689487e-13
-1.325826791019266149e-13
-1.251697449031544118e-13
-1.179654789650042002e-13
-1.109798491711992685e-13
-1.042177886416244259e-13
-9.767970395209435441e-14
-9.136188171016829118e-14
-8.525707809008131743e-14
-7.935537264195519080e-14
-7.364504242979991178e-14
-6.811350393215107046e-14
-6.274836336292444194e-14
-5.753847376853415962e-14
-5.247484982347574989e-14
-4.755149792261444130e-14
-4.276587357897668196e-14
-3.811921346066546312e-14
-3.361629483350329906e-14
-2.926493750565924146e-14
-2.507497214151912374e-14
-2.105701036984614777e-14
-1.722076596447942587e-14
-1.357339381272441511e-14
-1.011763067803369415e-14
-6.850157038286973366e-15
-3.760254115053223226e-15
-8.289220593530233130e-16
1.971395704626209729e-15
4.676329141354695212e-15
7.328423180525799746e-15
9.975181759162149442e-15
1.266649342379112808e-14
1.545147168579338176e-14
1.837511432345884793e-14
2.147477210162965222e-14
2.477694359902769816e-14
2.829452235117609071e-14
3.202486222714760744e-14
3.594873219090778671e-14
4.003047215537722248e-14
4.421934823514717117e-14
4.845204302334447932e-14
5.265621313001005166e-14
5.675489036529278442e-14
6.067147923383836572e-14
6.433491705950394879e-14
6.768480361688672398e-14
7.067594122792120181e-14
7.328220062025048165e-14
7.549918399881241915e-14
7.734574970514468406e-14
7.886410708507485268e-14
8.011858998501278362e-14
8.119331894101619596e-14
8.218869785052082544e-14
8.321728045155782350e-14
8.439912180593922564e-14
8.585705524354406148e-14
8.771223358088400812e-14
9.008004981042941339e-14
9.306669475871165442e-14
9.676671763143504523e-14
1.012614132627452646e-13
1.066178598858012749e-13
1.128889326853024788e-13
1.201137307020941347e-13
1.283185526151225941e-13
1.375177912082276022e-13
1.477149430334154245e-13
1.589034486675425240e-13
1.710670044204401496e-13
1.841796436500772738e-13
1.982053708443273776e-13
2.130971858390132145e-13
2.287963655339675384e-13
2.452311357453718088e-13
2.623156141086380178e-13
2.799486987711818919e-13
2.980133230034293090e-13
3.163761841482731763e-13
3.348875809907475576e-13
3.533816577035164830e-13
3.716771356833403761e-13
3.895779098622709213e-13
4.068737805441174915e-13
4.233415105015653213e-13
4.387447707660668828e-13
4.528345200986022556e-13
4.653488423593532541e-13
4.760123501965085602e-13
4.845348840036567406e-13
4.906109698187000046e-13
4.939183827559756601e-13
4.941168459636491317e-13
4.908479222034967115e-13
4.837342006992761956e-13
4.723808692298769873e-13
4.563761478101890923e-13
4.352950833987068169e-13
4.087022061928513583e-13
3.761565440640185498e-13
3.372177211947990916e-13
2.914515146151125391e-13
2.384374436174147016e-13
1.777756815455472372e-13
1.090948552741159705e-13
3.205936357315516960e-14
-5.362356541335593085e-14
-1.481971961597369769e-13
-2.518493226466578250e-13
-3.647066643911595074e-13
-4.868305194735689234e-13
-6.182122413815605011e-13
-7.587703252168176427e-13
-9.083470195632437072e-13
-1.066706727288757595e-12
-1.233532481888233168e-12
-1.408425459592521634e-12
-1.590902973594432446e-12
-1.780396901955583200e-12
-1.976251410781837414e-12
-2.177725014207432253e-12
-2.383987321788461067e-12
-2.594118930082656149e-12
-2.807114133154819946e-12
-3.021881139417259554e-12
-3.237242071629786722e-12
-3.451940339474490749e-12
-3.664639772194000500e-12
-3.873934159570602276e-12
-4.078350504532757270e-12
-4.276362250421605893e-12
-4.466390798874009249e-12
-4.646818520248618967e-12
-4.816003065094554003e-12
-4.972283435683566566e-12
-5.113998634287408862e-12
-5.239497637837819966e-12
-5.347151974671726649e-12
-5.435378275936431081e-12
-5.502640010313086805e-12
-5.547474372230576378e-12
-5.568504858610712205e-12
-5.564449942485616418e-12
-5.534142588636825622e-12
-5.476549769234395626e-12
-5.390775499602984411e-12
-5.276083389627039821e-12
-5.131904450006441465e-12
-4.957852271086915508e-12
-4.753729528073069588e-12
-4.519543159858807613e-12
-4.255507404793412718e-12
-3.962054642703272123e-12
-3.639839298019698077e-12
-3.289740658704576326e-12
-2.912865912016449066e-12
-2.510547759265735479e-12
-2.084347234740380195e-12
-1.636045140508690654e-12
-1.167637601190429919e-12
-6.813282034910661533e-13
-1.795174658881723562e-13
3.352084506236946426e-13
8.600928671533003556e-13
1.392224226529070741e-12
1.928553454086379126e-12
2.465912023186245250e-12
3.001034967406446263e-12
3.530581209332250836e-12
4.051155678280737860e-12
4.559336849035977579e-12
5.051698209052046806e-12
5.524835363507341057e-12
5.975388153028893257e-12
6.400071878714941320e-12
6.795698552497508871e-12
7.159200315909330925e-12
7.487661532468159464e-12
7.778329196017619296e-12
8.028650660962810548e-12
8.236282315887688554e-12
8.399113869683727529e-12
8.515285698784680335e-12
8.583202724954386298e-12
8.601556966691958905e-12
8.569322335061357876e-12
8.485780654543528811e-12
8.350522530398141186e-12
8.163449083387064320e-12
7.924779756030009281e-12
7.635045373710624972e-12
7.295097685655616004e-12
6.906088981933899973e-12
6.469475562903559407e-12
5.987007330870985911e-12
5.460715213345679331e-12
4.892890780039405030e-12
4.286081906057503943e-12
3.643069353131966892e-12
2.966846169780157361e-12
2.260604464038307171e-12
1.527703853178297155e-12
7.716572606591975969e-13
-3.897435759542267064e-15
-7.952201180536078162e-13
-1.598491196179441243e-12
-2.409838604708336440e-12
-3.225362468425863050e-12
-4.041159334250421509e-12
-4.853343855276692764e-12
-5.658076437931036651e-12
-6.451580589206251659e-12
-7.230168720673280092e-12
-7.990261230439443807e-12
-8.728399947255383040e-12
-9.441272416643720078e-12
-1.012572317660165311e-11
-1.077877110483571599e-11
-1.139761028612351623e-11
-1.197963343108066070e-11
-1.252242927407554163e-11
-1.302379558365540646e-11
-1.348172875420550199e-11
-1.389444375526904807e-11
-1.426035938639769185e-11
-1.457809740978976976e-11
-1.484647821348161756e-11
-1.506451907662409440e-11
-1.523141855697129898e-11
-1.534654521517797576e-11
-1.540943588007603893e-11
-1.541977483199286070e-11
-1.537737472079303558e-11
-1.528217830060185634e-11
-1.513422200061231848e-11
-1.493363939453207223e-11
-1.468062824083737894e-11
-1.437544701332615915e-11
-1.401839061498932892e-11
-1.360977563286125402e-11
-1.314992732759368010e-11
-1.263915881677402098e-11
-1.207777627909578655e-11
-1.146603038210125547e-11
-1.080415184401273265e-11
-1.009229939202826998e-11
-9.330580579003378006e-12
-8.519037038301480180e-12
-7.657634942814794954e-12
-6.746271510177370700e-12
-5.784778905892906664e-12
-4.772919039164325028e-12
-3.710394404915495770e-12
-2.596855239525575065e-12
-1.431914049138116596e-12
-2.151561399746718117e-13
1.053845379017648298e-12
2.375507126076148445e-12
3.750216283349150359e-12
5.178307869307952060e-12
6.660041441952646579e-12
8.195565753821298927e-12
9.784906392085179760e-12
1.142791677261056904e-11
1.312425342014922336e-11
1.487335081484797428e-11
1.667438929986442275e-11
1.852624650910961179e-11
2.042748088737500467e-11
2.237628485279863355e-11
2.437048479686509950e-11
2.640745608295524960e-11
2.848415774081569651e-11
3.059706654706673135e-11
3.274214580017975607e-11
3.491485919826509132e-11
3.711014481821983679e-11
3.932237174764097176e-11
4.154535743206011489e-11
4.377234685826181249e-11
4.599604030985915415e-11
4.820855173393034931e-11
5.040142608825348702e-11
5.256571913858643086e-11
5.469191419193997206e-11
5.677000883275162835e-11
5.878951492288564395e-11
6.073955227670069235e-11
6.260882090547426060e-11
6.438564958965997675e-11
6.605808261506140866e-11
6.761394222287719913e-11
6.904084248748887376e-11
7.032630033876330344e-11
7.145779801209783955e-11
7.242280386510202561e-11
7.320890421658177161e-11
7.380392824662962425e-11
7.419590636326134359e-11
7.437329918591473188e-11
7.432494203429840240e-11
7.404023921742108882e-11
7.350919178916726082e-11
7.272254326506910616e-11
7.167181431677605019e-11
7.034944154993283405e-11
6.874877750417951461e-11
6.686424330881735045e-11
6.469139113285393705e-11
6.222698745173005364e-11
5.946901998621356711e-11
5.641683994972446214e-11
5.307115857888788923e-11
4.943411305302625181e-11
4.550936363867386092e-11
4.130201042285008839e-11
3.681866964089230976e-11
3.206758122931141486e-11
2.705845790484939783e-11
2.180258924788791575e-11
1.631278966074400927e-11
1.060340443920226861e-11
4.690223470021903651e-12
-1.409510962807614121e-12
-7.677186143750791558e-12
-1.409287183479213112e-11
-2.063539963903515684e-11
-2.728244366534404719e-11
-3.401060336138961304e-11
-4.079548851509962049e-11
-4.761188318602727065e-11
-5.443383244152499856e-11
-6.123473950125912779e-11
-6.798753920955746821e-11
-7.466478824103006673e-11
-8.123884204236375695e-11
-8.768197973241242948e-11
-9.396652900228730232e-11
-1.000650950988557497e-10
-1.059506440914681491e-10
-1.115966416498359592e-10
-1.169772334552732218e-10
-1.220673423452112161e-10
-1.268429944412119426e-10
-1.312811803710900449e-10
-1.353601675191384857e-10
-1.390595971706432010e-10
-1.423606371675489868e-10
-1.452460374196107296e-10
-1.477002686822714850e-10
-1.497096058233893245e-10
-1.512622249677519903e-10
-1.523482728860159341e-10
-1.529600196503722032e-10
-1.530917337344561702e-10
-1.527398901801646502e-10
-1.519031567198680932e-10
-1.505822966318959288e-10
-1.487803630295658763e-10
-1.465025739610936739e-10
-1.437562985318052711e-10
-1.405510707819246363e-10
-1.368984786642712947e-10
-1.328121640442603280e-10
-1.283077116775999116e-10
-1.234025659435644684e-10
-1.181160030894190527e-10
-1.124689993914351760e-10
-1.064839952324980743e-10
-1.001849714299396510e-10
-9.359716474088841665e-11
-8.674703316779996953e-11
-7.966205473053378228e-11
-7.237063032183854716e-11
-6.490185472385334720e-11
-5.728542293303995336e-11
-4.955140811557789959e-11
-4.173023038234191517e-11
-3.385234106922929698e-11
-2.594818110379648601e-11
-1.804796936899499826e-11
-1.018154137388815883e-11
-2.378250591253405766e-12
5.333233854543095731e-12
1.292500134697505132e-11
2.037011531674792764e-11
2.764265552568367923e-11
3.471788134756792488e-11
4.157235319879326596e-11
4.818399845785137359e-11
5.453220167095373938e-11
6.059788781875852237e-11
6.636361599143825174e-11
7.181363143038410612e-11
7.693383430318334604e-11
8.171198440098947913e-11
8.613754848285637422e-11
9.020179742025291603e-11
9.389784783042642857e-11
9.722055799299411660e-11
1.001666319333516242e-10
1.027344181947498214e-10
1.049240555550667864e-10
1.067373620045053428e-10
1.081777306621845014e-10
1.092500881427760362e-10
1.099609153731861966e-10
1.103180741202081094e-10
1.103306820904315089e-10
1.100091684413939674e-10
1.093651003092332985e-10
1.084110717863850937e-10
1.071606553493253955e-10
1.056282838973743310e-10
1.038290564636668023e-10
1.017788284207732374e-10
9.949393392494343402e-11
9.699115816053094363e-11
9.428767488994793666e-11
9.140083828684808509e-11
8.834813436386923513e-11
8.514714627816388770e-11
8.181536698126379292e-11
7.837019228018604622e-11
7.482880287623672189e-11
7.120805334270841058e-11
6.752448600266802714e-11
6.379415745660921289e-11
6.003267327692185518e-11
5.625505269946096121e-11
5.247573556244056192e-11
4.870849557025991317e-11
4.496640559903397616e-11
4.126186198272208117e-11
3.760648389916632084e-11
3.401112377843240608e-11
3.048582566944624261e-11
2.703987381225125830e-11
2.368171284072850824e-11
2.041900849791833394e-11
1.725860426793346392e-11
1.420656214196069911e-11
1.126815914881396097e-11
8.447908171616003159e-12
5.749573560309695353e-12
3.176203224042328799e-12
7.301467915520054586e-13
-1.586917229567941234e-12
-3.773950769947465034e-12
-5.830518793464856131e-12
-7.756761379040799653e-12
-9.553341624723987735e-12
-1.122144391296764354e-11
-1.276270669009482717e-11
-1.417919861385064095e-11
-1.547337952212402001e-11
-1.664806140166952275e-11
-1.770636415265869346e-11
-1.865171905812701425e-11
-1.948777944571489229e-11
-2.021842415711461172e-11
-2.084771071053648228e-11
-2.137984234096279579e-11
-2.181914718346611437e-11
-2.217003490512237107e-11
-2.243699670501086985e-11
-2.262453939472219844e-11
-2.273720968448689206e-11
-2.277951959006596638e-11
-2.275598459666738904e-11
-2.267104733111313664e-11
-2.252910011324438244e-11
-2.233444158783459699e-11
-2.209131141905906759e-11
-2.180381569738543135e-11
-2.147595296042581481e-11
-2.111160031514902613e-11
-2.071449956009274729e-11
-2.028826065481048602e-11
-1.983634610736029202e-11
-1.936206923958128101e-11
-1.886859939126406260e-11
-1.835894804236293254e-11
-1.783597575188977657e-11
-1.730238695374364255e-11
-1.676073689560464430e-11
-1.621342470004005776e-11
-1.566270203812170081e-11
-1.511067659887288528e-11
-1.455930861982146496e-11
-1.401041175436157360e-11
-1.346567041898838468e-11
-1.292662851759551756e-11
-1.239470071717763133e-11
-1.187117331519216279e-11
-1.135722158679408622e-11
-1.085388723343072570e-11
-1.036211481203475060e-11
-9.882732653065939843e-12
-9.416465870937251736e-12
-8.963939833461775919e-12
-8.525690570193589224e-12
-8.102157833533851772e-12
-7.693702445965566739e-12
-7.300600228521414436e-12
-6.923051108082001193e-12
-6.561183020503680297e-12
-6.215056681108110936e-12
-5.884669054129210153e-12
-5.569958123202711775e-12
-5.270803325047035415e-12
-4.987033355718928362e-12
-4.718429206379548546e-12
-4.464726331698809503e-12
-4.225618986664070320e-12
-4.000761961303611614e-12
-3.789777519580539433e-12
-3.592254532031047276e-12
-3.407756065179623484e-12
-3.235816779453837277e-12
-3.075951169120849649e-12
-2.927653562287413358e-12
-2.790399855623348913e-12
-2.663654670095882970e-12
-2.546868965724868872e-12
-2.439486763636256050e-12
-2.340944278700352044e-12
-2.250675991063988413e-12
-2.168113345107913759e-12
-2.092691688340697631e-12
-2.023848102994385556e-12
-1.961027477556664955e-12
-1.903680988887823666e-12
-1.851271306391177873e-12
-1.803273025693941101e-12
-1.759175270732438179e-12
-1.718483103214929475e-12
-1.680717739462045390e-12
-1.645420453534607308e-12
-1.612152794074062090e-12
-1.580497885345089060e-12
-1.550060752496251748e-12
-1.520470598384560112e-12
-1.491380695155253289e-12
-1.462470118965275567e-12
-1.433442882621538406e-12
-1.404029019783092913e-12
-1.373985886003736834e-12
-1.343097074529842061e-12
-1.311173500502527123e-12
-1.278052099915050199e-12
-1.243597672756502348e-12
-1.207701256708548776e-12
-1.170279910304994342e-12
-1.131276712931783557e-12
-1.090659355364176353e-12
-1.048420573447617077e-12
-1.004576088113606769e-12
-9.591644969594859127e-13
-9.122457563653929569e-13
-8.639005851830694471e-13
-8.142280252809719343e-13
-7.633456583847064714e-13
-7.113865703109456540e-13
-6.584989714966682506e-13
-6.048436491240538615e-13
-5.505935334396139247e-13
-4.959306077780001321e-13
-4.410454206710268110e-13
-3.861344566574026471e-13
-3.313991876058297592e-13
-2.770438229954957920e-13
-2.232737513754509684e-13
-1.702941173492567017e-13
-1.183074634352604404e-13
-6.751274750837685246e-14
-1.810342172936345306e-14
2.973385155712743311e-14
7.582102263745116311e-14
1.199897250786161051e-13
1.620828715383562657e-13
2.019557481316991421e-13
2.394773561311541732e-13
2.745312115658149477e-13
3.070167546841834350e-13
3.368496345572402628e-13
3.639629288058887635e-13
3.883072520211722223e-13
4.098514333906316809e-13
4.285825709084145618e-13
4.445062482157091654e-13
4.576465074956903578e-13
4.680453615825419522e-13
4.757628752766196456e-13
4.808757016715181631e-13
4.834775158349402524e-13
4.836774969256552037e-13
4.815996234620867344e-13
4.773816975403577523e-13
4.711739895815747481e-13
4.631379914993294378e-13
4.534455493379607738e-13
4.422769117086444712e-13
4.298197269023834588e-13
4.162674979019120869e-13
4.018178476582201508e-13
3.866712993631088446e-13
3.710292706751716629e-13
3.550930979378391639e-13
3.390621659306314317e-13
3.231319292001932908e-13
3.074930446985563171e-13
2.923299081102059827e-13
2.778180517668676908e-13
2.641238464919093420e-13
2.514029566122455428e-13
2.397984426045357553e-13
2.294399208385006217e-13
2.204428046354012238e-13
2.129068270425790721e-13
2.069154309697340821e-13
2.025350102474038350e-13
1.998143539733501783e-13
1.987842805943260127e-13
1.994575023808037306e-13
2.018283001663234710e-13
2.058725640050745875e-13
2.115484030356176715e-13
2.187959692980315229e-13
2.275382031229067348e-13
2.376811854970517501e-13
2.491153984485183770e-13
2.617158605718733488e-13
2.753434416233324633e-13
2.898460009330416920e-13
3.050594445021953538e-13
3.208089176254258490e-13
3.369101601435192661e-13
3.531709430112939252e-13
3.693928301261306668e-13
3.853722896351996496e-13
4.009025099740992637e-13
4.157750261701148586e-13
4.297817798263464661e-13
4.427163388491528462e-13
4.543756863817360880e-13
4.645623078933236449e-13
4.730857632723184381e-13
4.797643944447205211e-13
4.844268974672771844e-13
4.869140030408503073e-13
4.870801570237837108e-13
4.847943335835325218e-13
4.799422036010081438e-13
4.724261888806868814e-13
4.621675221347376628e-13
4.491065451386194729e-13
4.332036574079822788e-13
4.144397227744817114e-13
3.928166385919196202e-13
3.683575796817328829e-13
3.411065646521244110e-13
3.111295672052899475e-13
2.785130253594308991e-13
2.433642480245690187e-13
2.058104121155368560e-13
1.659981966337445436e-13
1.240926984650073117e-13
8.027668699055190427e-14
3.474926577495991709e-14
-1.227509643952386098e-14
-6.056800568900178039e-14
-1.098884167254760014e-13
-1.599841000779131384e-13
-2.105932480267122542e-13
-2.614459755460873946e-13
-3.122658381871090683e-13
-3.627717700890875641e-13
-4.126794663373428707e-13
-4.617027788735017513e-13
-5.095564812110375819e-13
-5.559565936959220966e-13
-6.006227958564591685e-13
-6.432801340217064734e-13
-6.836599971034307277e-13
-7.215022307903440346e-13
-7.565566554311453640e-13
-7.885838791861499164e-13
-8.173574664316340943e-13
-8.426646424912476174e-13
-8.643083536201412453e-13
-8.821071043746409046e-13
-8.958975054873530297e-13
-9.055346533379249330e-13
-9.108924552136965502e-13
-9.118656350837195390e-13
-9.083695709684314057e-13
-9.003411080912848696e-13
-8.877393720303772273e-13
-8.705456602982331038e-13
-8.487642554934338168e-13
-8.224223710905087525e-13
-7.915696635489577471e-13
-7.562793165154235719e-13
-7.166470650417366972e-13
-6.727900029625255574e-13
-6.248483176186925281e-13
-5.729829046126344583e-13
-5.173752051779167971e-13
-4.582261219771011085e-13
-3.957559377865821348e-13
-3.302023910377316351e-13
-2.618200252955948937e-13
-1.908793490022070438e-13
-1.176651143056442472e-13
-4.247512104950217082e-14
3.438064381257842361e-14
1.125814258441312776e-13
1.917972074563789597e-13
2.716896260919476891e-13
3.519131600709934915e-13
4.321166092047939999e-13
5.119437317645247898e-13
5.910350334148439799e-13
6.690277130037836084e-13
7.455573701811712972e-13
8.202582493441190614e-13
8.927649201503906617e-13
9.627117896274239861e-13
1.029734132164394911e-12
1.093468848453738040e-12
1.153555116012450199e-12
1.209634172341655933e-12
1.261350399128779998e-12
1.308351213827330106e-12
1.350288479119721163e-12
1.386818936598144258e-12
1.417603664663480423e-12
1.442310572190297346e-12
1.460613314324676892e-12
1.472194653510949802e-12
1.476745375289523210e-12
1.473967324062963602e-12
1.463573294675779568e-12
1.445290610281591004e-12
1.418861881284649851e-12
1.384047932685705806e-12
1.340627804082006325e-12
1.288404712779245287e-12
1.227206379052214746e-12
1.156889146113060374e-12
1.077340148515626428e-12
9.884805647619732127e-13
8.902696288504152733e-13
7.827065818394318697e-13
6.658355507574431620e-13
5.397475001667206840e-13
4.045840268709910426e-13
2.605408293623878713e-13
1.078702489202935932e-13
-5.311609442212872345e-14
-2.220441712441623139e-13
-3.984758757766965198e-13
-5.819069726943626453e-13
-7.717651929854685289e-13
-9.674099629014554225e-13
-1.168131238439562569e-12
-1.373149424027664267e-12
-1.581616456726442355e-12
-1.792616077279929332e-12
-2.005165998519853332e-12
-2.218220399030634837e-12
-2.430673501016555882e-12
-2.641360871344367034e-12
-2.849067119378712043e-12
-3.052528499067341805e-12
-3.250440932037190755e-12
-3.441462826520025331e-12
-3.624227003576341311e-12
-3.797344817063619260e-12
-3.959416128296311399e-12
-4.109036895461048999e-12
-4.244810666159670731e-12
-4.365354432100954085e-12
-4.469315542654506146e-12
-4.555376909021191523e-12
-4.622269147297464187e-12
-4.668783155220568304e-12
-4.693776183700704152e-12
-4.696193087183608839e-12
-4.675067624693163282e-12
-4.629537638661807009e-12
-4.558855029590525021e-12
-4.462397899113179633e-12
-4.339676187847807398e-12
-4.190344685822688930e-12
-4.014208670327645834e-12
-3.811234747935765554e-12
-3.581553239748180850e-12
-3.325468806575360148e-12
-3.043460882617976537e-12
-2.736189313318204697e-12
-2.404495439561893377e-12
-2.049401880838130907e-12
-1.672114486803155664e-12
-1.274017892051448886e-12
-8.566719924586740920e-13
-4.218083673145078816e-13
2.867912951933816734e-14
4.927407223562219052e-13
9.681812643269616103e-13
1.452670991310134330e-12
1.943759823236357320e-12
2.438889801920085532e-12
2.935411679352850634e-12
3.430600204953893062e-12
3.921673749629484007e-12
4.405811219326816186e-12
4.880171787513543080e-12
5.341915711859490656e-12
5.788227102482279562e-12
6.216327799735132942e-12
6.623503395059016086e-12
7.007128384473038096e-12
7.364680913723997691e-12
7.693758824478535985e-12
7.992113915111787037e-12
8.257655843835198795e-12
8.488481618995624700e-12
8.682886007416179552e-12
8.839375412184047320e-12
8.956688689332192865e-12
9.033808423541955790e-12
9.069967867036954345e-12
9.064655276391775374e-12
9.017632994490210052e-12
8.928933113716563952e-12
8.798861812764346979e-12
8.627997621912797399e-12
8.417196627197309766e-12
8.167575990536413144e-12
7.880519153902199037e-12
7.557655022638609665e-12
7.200860133865782942e-12
6.812230467223567842e-12
6.394081444871524411e-12
5.948913237019404221e-12
5.479408593522805404e-12
4.988399016775391104e-12
4.478852618644557637e-12
3.953841594406259929e-12
3.416524658669817249e-12
2.870120590844904562e-12
2.317878744842460925e-12
1.763056280829067290e-12
1.208891277013068866e-12
6.585757872205888486e-13
1.152315005567561279e-13
-4.181149512987730743e-13
-9.385580420490091669e-13
-1.443334167461340911e-12
-1.929844088352505871e-12
-2.395674370686551313e-12
-2.838610856786827341e-12
-3.256659482017698615e-12
-3.648057550487138201e-12
-4.011289564398445862e-12
-4.345087657731117048e-12
-4.648448292954299177e-12
-4.920632044186357135e-12
-5.161163597194873276e-12
-5.369835218843599378e-12
-5.546698950836814745e-12
-5.692062706591505261e-12
-5.806483766024328474e-12
-5.890752295678591821e-12
-5.945883976149479722e-12
-5.973103522211031802e-12
-5.973824299815300165e-12
-5.949634881985410573e-12
-5.902274329006029774e-12
-5.833610070699046801e-12
-5.745622293912289180e-12
-5.640372717496955346e-12
-5.519987678753723870e-12
-5.386624740005840906e-12
-5.242461412896526340e-12
-5.089657861834240293e-12
-4.930345194609220272e-12
-4.766598574179603531e-12
-4.600414233585370383e-12
-4.433692996075322412e-12
-4.268217723701894784e-12
-4.105642041618562388e-12
-3.947470388759866111e-12
-3.795048910543163956e-12
-3.649552882123430209e-12
-3.511975649531096089e-12
-3.383128629672049748e-12
-3.263632419869821888e-12
-3.153915930503847775e-12
-3.054219637615984695e-12
-2.964596016591380945e-12
-2.884912577924558796e-12
-2.814865745007222309e-12
-2.753985190936947269e-12
-2.701648149985858005e-12
-2.657087223856269276e-12
-2.619407295234577049e-12
-2.587604609749494244e-12
-2.560576100110734110e-12
-2.537143889078108394e-12
-2.516070034611073147e-12
-2.496072359220447012e-12
-2.475849386618378389e-12
-2.454093568984849760e-12
-2.429511236287651421e-12
-2.400840810878879239e-12
-2.366870154729694420e-12
-2.326451965101172803e-12
-2.278519170215154155e-12
-2.222096638637705013e-12
-2.156316791790402476e-12
-2.080428928089017582e-12
-1.993808763922633176e-12
-1.895964505185809834e-12
-1.786544111433141513e-12
-1.665340066368814487e-12
-1.532289594687041845e-12
-1.387474445231628994e-12
-1.231122734139666886e-12
-1.063603090149800590e-12
-8.854210225249514732e-13
-6.972119279483046661e-13
-4.997339889990792816e-13
-2.938591210643881624e-13
-8.056139848104659773e-14
1.390911989534657223e-13
3.639513278426431686e-13
5.928044513603403232e-13
8.243813617858641862e-13
1.057373156046481633e-12
1.290443446544387029e-12
1.522242293154618675e-12
1.751422574677863331e-12
1.976649746660008589e-12
2.196616803382123173e-12
2.410056095664137032e-12
2.615753317072866402e-12
2.812554225975483213e-12
2.999375270720805453e-12
3.175216166384497996e-12
3.339165315779935028e-12
3.490406097830800469e-12
3.628222288581950394e-12
3.752002614848537476e-12
3.861245958386438915e-12
3.955559838009214957e-12
4.034663662194626355e-12
4.098390030127241346e-12
4.146675190719317783e-12
4.179568149909052011e-12
4.197217660234509040e-12
4.199872220833622549e-12
4.187874439592897957e-12
4.161654094253508518e-12
4.121723361921736384e-12
4.068666410728116745e-12
4.003134195657009897e-12
3.925838387014435327e-12
3.837538360002001880e-12
3.739038158950824808e-12
3.631172836374152446e-12
3.514804766679979764e-12
3.390813020989758009e-12
3.260087295606228786e-12
3.123517720513002693e-12
2.981989221523262401e-12
2.836375665588031225e-12
2.687530970338358749e-12
2.536284550436196383e-12
2.383436763925272928e-12
2.229752190177625160e-12
2.075957461489252864e-12
1.922737143111863389e-12
1.770728312242009217e-12
1.620521967483912196e-12
1.472658583620556350e-12
1.327628545294556872e-12
1.185869761763380659e-12
1.047768751101518792e-12
9.136608570409210373e-13
7.838306284417562164e-13
6.585134998057795563e-13
5.378968754785051765e-13
4.221227588394743657e-13
3.112906525430669813e-13
2.054583581176036566e-13
1.046462992215085874e-13
8.840537927634704168e-15
-8.200481716206728389e-14
-1.679635434643361735e-13
-2.491344533016998097e-13
-3.256379812067305979e-13
-3.976123087463118155e-13
-4.652108234227958494e-13
-5.285987034371608662e-13
-5.879498819229278528e-13
-6.434444990710552759e-13
-6.952652971577155672e-13
-7.435963195016881411e-13
-7.886201457488195565e-13
-8.305160487283302917e-13
-8.694578260484697729e-13
-9.056131495752128835e-13
-9.391421017593271081e-13
-9.701952782825706834e-13
-9.989141675284529676e-13
-1.025430283220496452e-12
-1.049864297060498775e-12
-1.072326363989184461e-12
-1.092915688505335936e-12
-1.111721175187097010e-12
-1.128820995011103889e-12
-1.144282910613136917e-12
-1.158166227852031049e-12
-1.170520061086199881e-12
-1.181385393157763364e-12
-1.190795075392547808e-12
-1.198775237062910115e-12
-1.205344418025999786e-12
-1.210516062388755643e-12
-1.214298518507905822e-12
-1.216695147410185029e-12
-1.217706057515810514e-12
-1.217328863580002807e-12
-1.215558686692985724e-12
-1.212389563742810594e-12
-1.207814230574921766e-12
-1.201825856715632579e-12
-1.194418912733863358e-12
-1.185587435517665433e-12
-1.175328714561607590e-12
-1.163640798301779355e-12
-1.150525204621222208e-12
-1.135985945067974345e-12
-1.120030392216808668e-12
-1.102668845988363788e-12
-1.083915184170447521e-12
-1.063786428737167888e-12
-1.042304588992626346e-12
-1.019493517384617576e-12
-9.953811863291917028e-13
-9.699992545297853042e-13
-9.433823080357006674e-13
-9.155680770825402881e-13
-8.865975445124241183e-13
-8.565140784122515782e-13
-8.253638115844619261e-13
-7.931952620762738881e-13
-7.600590621291425375e-13
-7.260082292293024153e-13
-6.910970819055950454e-13
-6.553821070912069224e-13
-6.189208759214970268e-13
-5.817724774148658184e-13
-5.439967053211258730e-13
-5.056547086428053728e-13
-4.668081784835187431e-13
-4.275194293631295883e-13
-3.878516431632395012e-13
-3.478682186058845716e-13
-3.076333133546216292e-13
-2.672114916488221859e-13
-2.266679004865254643e-13
-1.860683509396013346e-13
-1.454796163093477479e-13
-1.049691678522111926e-13
-6.460579141977229600e-14
-2.445958237654814044e-14
1.539770542243346779e-14
5.489251902416475426e-14
9.394926243216916717e-14
1.324899933687062603e-13
1.704343995578491699e-13
2.076994717707669746e-13
2.441994089580346028e-13
2.798457266698500812e-13
3.145469724529642574e-13
3.482090646638597020e-13
3.807352111535877714e-13
4.120262074233660421e-13
4.419805450447955586e-13
4.704947911306212038e-13
4.974639407004377567e-13
5.227819045716675106e-13
5.463419430404292676e-13
5.680370453522987084e-13
5.877604718033946352e-13
6.054069463627687053e-13
6.208721145713191891e-13
6.340541156349410734e-13
6.448541245256123045e-13
6.531767314521541579e-13
6.589309176421864755e-13
6.620304348128880356e-13
6.623949977933862865e-13
6.599504471550832196e-13
6.546299418340451037e-13
6.463748807028490972e-13
6.351345773099315029e-13
6.208681030232809928e-13
6.035445038708731058e-13
5.831437763226254845e-13
5.596572467611582447e-13
5.330879509525543458e-13
5.034519350889665734e-13
4.707784184189434118e-13
4.351098745625919806e-13
3.965033325541850173e-13
3.550300515815091318e-13
3.107759275616794881e-13
2.638417912967372381e-13
2.143434491312309897e-13
1.624116693996896510e-13
1.081920130200329788e-13
5.184477589533116604e-14
-6.455488389260936530e-15
-6.652025528715646563e-14
-1.281476010375759422e-13
-1.911228608101472881e-13
-2.552193211543402063e-13
-3.201989996932941285e-13
-3.858135599194012499e-13
-4.518055309217505755e-13
-5.179090121175400352e-13
-5.838510556098464033e-13
-6.493529672302322808e-13
-7.141313907409185813e-13
-7.779000967683691314e-13
-8.403705791144855386e-13
-9.012542773710607857e-13
-9.602637695421689656e-13
-1.017114235717098136e-12
-1.071524596482631431e-12
-1.123219898167826525e-12
-1.171932017575427754e-12
-1.217401179864907590e-12
-1.259378018536594368e-12
-1.297624334373193022e-12
-1.331914721743043817e-12
-1.362036677020339592e-12
-1.387793959611860473e-12
-1.409006700377191112e-12
-1.425511618469155195e-12
-1.437163430796639663e-12
-1.443836586748070694e-12
-1.445424617670110212e-12
-1.441841437910262869e-12
-1.433022103758396781e-12
-1.418922488186091790e-12
-1.399519389266856706e-12
-1.374812156479388037e-12
-1.344821281244745759e-12
-1.309588180085918818e-12
-1.269176495670432114e-12
-1.223670253666653274e-12
-1.173174188004444396e-12
-1.117813198774075811e-12
-1.057732026965574335e-12
-9.930935197452472885e-13
-9.240793893972032436e-13
-8.508877738684639258e-13
-7.737337246599418350e-13
-6.928476347332901408e-13
-6.084742085188388216e-13
-5.208713235033135547e-13
-4.303090815529347912e-13
-3.370684265556478376e-13
-2.414403041644391790e-13
-1.437241439142949995e-13
-4.422660222530745699e-14
5.673938966235803072e-14
1.588563536356751849e-13
2.618030575315954955e-13
3.652559483167949761e-13
4.688907682265375243e-13
5.723831781809241015e-13
6.754105738235316458e-13
7.776526276224993151e-13
8.787932946445475846e-13
9.785207583448696234e-13
1.076530032652345259e-12
1.172522582498780608e-12
1.266208058542384052e-12
1.357305435580047348e-12
1.445543663068649121e-12
1.530661881965489357e-12
1.612411376292199883e-12
1.690555139453875366e-12
1.764869934223201042e-12
1.835144666437193983e-12
1.901183203922851561e-12
1.962803183874761714e-12
2.019837205477492681e-12
2.072133697267330987e-12
2.119555399249239969e-12
2.161981097620335746e-12
2.199303673205976750e-12
2.231432703544977691e-12
2.258293595527871567e-12
2.279827151716040667e-12
2.295987618777806105e-12
2.306745940094945269e-12
2.312087153677477858e-12
2.312010392163665884e-12
2.306529099660448168e-12
2.295669947541267852e-12
2.279473918648244890e-12
2.257993271526093082e-12
2.231293058305161559e-12
2.199450474180131287e-12
2.162552905846104601e-12
2.120698798860343182e-12
2.073997440801833569e-12
2.022566576026507690e-12
1.966533706709849838e-12
1.906035008644724194e-12
1.841214247039202334e-12
1.772223318617649479e-12
1.699220625317465760e-12
1.622372050071041460e-12
1.541849330502498283e-12
1.457830275768123851e-12
1.370498441295719960e-12
1.280042369843081840e-12
1.186656025178867147e-12
1.090538033141075225e-12
9.918913563763953611e-13
8.909235653907499053e-13
7.878460253976649064e-13
6.828742215789218584e-13
5.762278132946663245e-13
4.681294956711268274e-13
3.588059753825700859e-13
2.484873743401061486e-13
1.374068366684008669e-13
2.580042706172222533e-14
-8.609242875892708646e-14
-1.980297165398575698e-13
-3.097670503351274141e-13
-4.210576386252246062e-13
-5.316527925368352836e-13
-6.413023324186584162e-13
-7.497544794211885577e-13
-8.567571023292142041e-13
-9.620574736163289842e-13
-1.065403082596561024e-12
-1.166542231735567814e-12
-1.265224578751722451e-12
-1.361202166608177500e-12
-1.454229748773516739e-12
-1.544065873423927648e-12
-1.630473642384722144e-12
-1.713221903752726316e-12
-1.792084601374976938e-12
-1.866844786396759659e-12
-1.937292557277481286e-12
-2.003226794514145759e-12
-2.064458846928740599e-12
-2.120808736960633212e-12
-2.172110147996564322e-12
-2.218209340168475485e-12
-2.258967535598288556e-12
-2.294259183674429714e-12
-2.323976514700953899e-12
-2.348026504131461856e-12
-2.366335209377790072e-12
-2.378844950884362319e-12
-2.385517564734707108e-12
-2.386333535289719698e-12
-2.381291344666358611e-12
-2.370410725344163083e-12
-2.353731359122646083e-12
-2.331310708716949343e-12
-2.303226403002622824e-12
-2.269577754898666200e-12
-2.230480557197100921e-12
-2.186070768850356671e-12
-2.136502129726491894e-12
-2.081947244811366282e-12
-2.022594331602123319e-12
-1.958649388511535250e-12
-1.890332074899747639e-12
-1.817877987898841585e-12
-1.741534759285012779e-12
-1.661563464941395729e-12
-1.578236022772849800e-12
-1.491833241142048738e-12
-1.402645577811001409e-12
-1.310970212595186091e-12
-1.217110505262464226e-12
-1.121374260809604451e-12
-1.024071994738806612e-12
-9.255169330577017739e-13
-8.260221391435951244e-13
-7.259004053232487319e-13
-6.254620844685365721e-13
-5.250138431639461700e-13
-4.248579569751664842e-13
-3.252909823014266122e-13
-2.266021436247642185e-13
-1.290727236463035110e-13
-3.297500280100527925e-14
6.142881478011022467e-14
1.538875634993913666e-13
2.441617058274864194e-13
3.320241759481590282e-13
4.172610607727778032e-13
4.996722978954648564e-13
5.790720008537475483e-13
6.552888657043731691e-13
7.281664962839606847e-13
7.975645426212818467e-13
8.633569120036765909e-13
9.254339915915066328e-13
9.837018352665261034e-13
1.038082272052098798e-12
1.088511984541351563e-12
1.134943809939781278e-12
1.177345439022647877e-12
1.215699958236060585e-12
1.250004657074588188e-12
1.280271244921693530e-12
1.306525742629516262e-12
1.328807073056048615e-12
1.347166952644918148e-12
1.361670108265822243e-12
1.372392000389965894e-12
1.379420557813537673e-12
1.382852491370323289e-12
1.382795570756267800e-12
1.379366456125130647e-12
1.372690047567182159e-12
1.362899268268769060e-12
1.350133763469707482e-12
1.334539141521762229e-12
1.316266540207777780e-12
1.295472518321461042e-12
1.272316778842819129e-12
1.246962927879680105e-12
1.219576523103782506e-12
1.190325507431644336e-12
1.159378149040435346e-12
1.126903800309497772e-12
1.093070512575566866e-12
1.058046445595595131e-12
1.021997265461538351e-12
9.850866867014418382e-13
9.474751712368334466e-13
9.093201452231580717e-13
8.707747522172792909e-13
8.319872568662844969e-13
7.931008822771590250e-13
7.542531594954826613e-13
7.155760901357555159e-13
6.771945742882479191e-13
6.392269526200866636e-13
6.017841390135170165e-13
5.649696205659027193e-13
5.288790781189656176e-13
4.936003862587856617e-13
4.592128001641715418e-13
4.257872266572038100e-13
3.933866307790495620e-13
3.620647347473554545e-13
3.318671292634745029e-13
3.028307314113798387e-13
2.749839743930448943e-13
2.483471056840408364e-13
2.229320379557378495e-13
1.987428234137555982e-13
1.757753962999472619e-13
1.540186299895177080e-13
1.334539575202631223e-13
1.140560627714559683e-13
9.579309052801590618e-14
7.862724956796823816e-14
6.251498206903335908e-14
4.740765817564350504e-14
3.325188093080376495e-14
1.998997924926738251e-14
7.560607616862412284e-15
-4.100821075672233390e-15
-1.506178740214546286e-14
-2.539199285675388523e-14
-3.516289906815850408e-14
-4.444735256388908373e-14
-5.331896220112791740e-14
-6.185180270517828816e-14
-7.011996235387063514e-14
-7.819708557977103625e-14
-8.615605109766125147e-14
-9.406851789487899462e-14
-1.020046677333019680e-13
-1.100327917972696024e-13
-1.182190196430399354e-13
-1.266268855179206176e-13
-1.353172402688423981e-13
-1.443478854241259102e-13
-1.537731259600855216e-13
-1.636437431959750222e-13
-1.740066017707000978e-13
-1.849044599074381456e-13
-1.963756712580408403e-13
-2.084537918797466083e-13
-2.211675395775991593e-13
-2.345406041690673016e-13
-2.485909969627414506e-13
-2.633312947038224383e-13
-2.787680026053451776e-13
-2.949016356633415992e-13
-3.117262036608087206e-13
-3.292294551131974556e-13
-3.473922267471091230e-13
-3.661885790255670070e-13
-3.855856877277991090e-13
-4.055440336846183325e-13
-4.260167793621733034e-13
-4.469505006984147988e-13
-4.682849160525526244e-13
-4.899533469909789218e-13
-5.118829622327569773e-13
-5.339945065990781004e-13
-5.562041170519005373e-13
-5.784227263827546039e-13
-6.005568763643720498e-13
-6.225100730034016649e-13
-6.441827865404092801e-13
-6.654738067025933734e-13
-6.862814353261748046e-13
-7.065041368777003061e-13
-7.260416768663235931e-13
-7.447968565672813401e-13
-7.626761093330880481e-13
-7.795911268967947727e-13
-7.954598893640529855e-13
-8.102079662557215567e-13
-8.237697633403651132e-13
-8.360898778869696457e-13
-8.471234781357028787e-13
-8.568379838112816227e-13
-8.652138250644925144e-13
-8.722447677328437621e-13
-8.779384012315427643e-13
-8.823172227556685954e-13
-8.854182578094116352e-13
-8.872925181049873267e-13
-8.880060315547000371e-13
-8.876387038586619482e-13
-8.862830716722946978e-13
-8.840448447074156224e-13
-8.810403036470237925e-13
-8.773963543554086364e-13
-8.732478173727187265e-13
-8.687370484442014096e-13
-8.640109569642284715e-13
-8.592198675640150274e-13
-8.545150264466228052e-13
-8.500458908815289316e-13
-8.459590992125620712e-13
-8.423946761502987268e-13
-8.394840812081527659e-13
-8.373470645160752124e-13
-8.360902573577300156e-13
-8.358029979921299812e-13
-8.365557595604866670e-13
-8.383965180089325564e-13
-8.413486921043933364e-13
-8.454079992482876893e-13
-8.505405581227254430e-13
-8.566799613446418604e-13
-8.637239144390629342e-13
-8.715342358391053867e-13
-8.799331705985902197e-13
-8.887018182988926096e-13
-8.975791572669866714e-13
-9.062602014317522325e-13
-9.143956208532144636e-13
-9.215907117304800167e-13
-9.274063721836922625e-13
-9.313582891024019261e-13
-9.329191065499120583e-13
-9.315190762845815264e-13
-9.265479009035182401e-13
-9.173586369704000987e-13
-9.032704055209062055e-13
-8.835731625522758037e-13
-8.575305179489567386e-13
-8.243864575360748681e-13
-7.833714688217086053e-13
-7.337082872684030921e-13
-6.746200820195724646e-13
-6.053378826843813787e-13
-5.251090361146903973e-13
-4.332061510729789955e-13
-3.289371813125496757e-13
-2.116548445839014359e-13
-8.076645499318149679e-14
6.425518754224479601e-14
2.238612534276665511e-13
3.984157025561235743e-13
