5.881858585257693228e-13
7.933311126084863218e-13
1.013892528961557460e-12
1.249783805092052891e-12
0.000000000000000000e+00
0.000000000000000000e+00
0.000000000000000000e+00
0.000000000000000000e+00
0.000000000000000000e+00
0.000000000000000000e+00
0.000000000000000000e+00
0.000000000000000000e+00
0.000000000000000000e+00
0.000000000000000000e+00
0.000000000000000000e+00
0.000000000000000000e+00
0.000000000000000000e+00
0.000000000000000000e+00
0.000000000000000000e+00
0.000000000000000000e+00
0.000000000000000000e+00
0.000000000000000000e+00
0.000000000000000000e+00
0.000000000000000000e+00
0.000000000000000000e+00
0.000000000000000000e+00
0.000000000000000000e+00
0.000000000000000000e+00
0.000000000000000000e+00
0.000000000000000000e+00
0.000000000000000000e+00
0.000000000000000000e+00
0.000000000000000000e+00
0.000000000000000000e+00
0.000000000000000000e+00
0.000000000000000000e+00
0.000000000000000000e+00
0.000000000000000000e+00
0.000000000000000000e+00
0.000000000000000000e+00
0.000000000000000000e+00
0.000000000000000000e+00
0.000000000000000000e+00
0.000000000000000000e+00
0.000000000000000000e+00
0.000000000000000000e+00
0.000000000000000000e+00
0.000000000000000000e+00
0.000000000000000000e+00
0.000000000000000000e+00
0.000000000000000000e+00
0.000000000000000000e+00
0.000000000000000000e+00
0.000000000000000000e+00
0.000000000000000000e+00
0.000000000000000000e+00
0.000000000000000000e+00
0.000000000000000000e+00
0.000000000000000000e+00
0.000000000000000000e+00
0.000000000000000000e+00
0.000000000000000000e+00
0.000000000000000000e+00
0.000000000000000000e+00
0.000000000000000000e+00
0.000000000000000000e+00
0.000000000000000000e+00
0.000000000000000000e+00
0.000000000000000000e+00
0.000000000000000000e+00
0.000000000000000000e+00
0.000000000000000000e+00
0.000000000000000000e+00
0.000000000000000000e+00
0.000000000000000000e+00
0.000000000000000000e+00
0.000000000000000000e+00
0.000000000000000000e+00
0.000000000000000000e+00
0.000000000000000000e+00
0.000000000000000000e+00
0.000000000000000000e+00
0.000000000000000000e+00
0.000000000000000000e+00
0.000000000000000000e+00
0.000000000000000000e+00
0.000000000000000000e+00
0.000000000000000000e+00
0.000000000000000000e+00
0.000000000000000000e+00
0.000000000000000000e+00
0.000000000000000000e+00
0.000000000000000000e+00
0.000000000000000000e+00
0.000000000000000000e+00
0.000000000000000000e+00
0.000000000000000000e+00
0.000000000000000000e+00
0.000000000000000000e+00
0.000000000000000000e+00
0.000000000000000000e+00
0.000000000000000000e+00
0.000000000000000000e+00
0.000000000000000000e+00
0.000000000000000000e+00
0.000000000000000000e+00
0.000000000000000000e+00
0.000000000000000000e+00
0.000000000000000000e+00
0.000000000000000000e+00
0.000000000000000000e+00
0.000000000000000000e+00
0.000000000000000000e+00
0.000000000000000000e+00
0.000000000000000000e+00
0.000000000000000000e+00
0.000000000000000000e+00
0.000000000000000000e+00
0.000000000000000000e+00
0.000000000000000000e+00
0.000000000000000000e+00
0.000000000000000000e+00
0.000000000000000000e+00
0.000000000000000000e+00
0.000000000000000000e+00
0.000000000000000000e+00
0.000000000000000000e+00
0.000000000000000000e+00
0.000000000000000000e+00
0.000000000000000000e+00
0.000000000000000000e+00
0.000000000000000000e+00
0.000000000000000000e+00
0.000000000000000000e+00
0.000000000000000000e+00
0.000000000000000000e+00
0.000000000000000000e+00
0.000000000000000000e+00
0.000000000000000000e+00
0.000000000000000000e+00
0.000000000000000000e+00
0.000000000000000000e+00
0.000000000000000000e+00
0.000000000000000000e+00
0.000000000000000000e+00
0.000000000000000000e+00
0.000000000000000000e+00
0.000000000000000000e+00
0.000000000000000000e+00
0.000000000000000000e+00
0.000000000000000000e+00
0.000000000000000000e+00
0.000000000000000000e+00
0.000000000000000000e+00
0.000000000000000000e+00
0.000000000000000000e+00
0.000000000000000000e+00
0.000000000000000000e+00
0.000000000000000000e+00
0.000000000000000000e+00
0.000000000000000000e+00
0.000000000000000000e+00
0.000000000000000000e+00
0.000000000000000000e+00
0.000000000000000000e+00
0.000000000000000000e+00
0.000000000000000000e+00
0.000000000000000000e+00
0.000000000000000000e+00
0.000000000000000000e+00
0.000000000000000000e+00
0.000000000000000000e+00
0.000000000000000000e+00
0.000000000000000000e+00
0.000000000000000000e+00
0.000000000000000000e+00
0.000000000000000000e+00
0.000000000000000000e+00
0.000000000000000000e+00
0.000000000000000000e+00
0.000000000000000000e+00
0.000000000000000000e+00
0.000000000000000000e+00
0.000000000000000000e+00
0.000000000000000000e+00
0.000000000000000000e+00
0.000000000000000000e+00
0.000000000000000000e+00
0.000000000000000000e+00
0.000000000000000000e+00
0.000000000000000000e+00
0.000000000000000000e+00
0.000000000000000000e+00
0.000000000000000000e+00
0.000000000000000000e+00
0.000000000000000000e+00
0.000000000000000000e+00
0.000000000000000000e+00
0.000000000000000000e+00
0.000000000000000000e+00
0.000000000000000000e+00
0.000000000000000000e+00
0.000000000000000000e+00
0.000000000000000000e+00
0.000000000000000000e+00
0.000000000000000000e+00
0.000000000000000000e+00
0.000000000000000000e+00
0.000000000000000000e+00
0.000000000000000000e+00
0.000000000000000000e+00
0.000000000000000000e+00
0.000000000000000000e+00
0.000000000000000000e+00
0.000000000000000000e+00
0.000000000000000000e+00
0.000000000000000000e+00
0.000000000000000000e+00
0.000000000000000000e+00
0.000000000000000000e+00
0.000000000000000000e+00
0.000000000000000000e+00
0.000000000000000000e+00
0.000000000000000000e+00
0.000000000000000000e+00
0.000000000000000000e+00
0.000000000000000000e+00
0.000000000000000000e+00
0.000000000000000000e+00
0.000000000000000000e+00
0.000000000000000000e+00
0.000000000000000000e+00
0.000000000000000000e+00
0.000000000000000000e+00
0.000000000000000000e+00
0.000000000000000000e+00
0.000000000000000000e+00
0.000000000000000000e+00
0.000000000000000000e+00
0.000000000000000000e+00
0.000000000000000000e+00
0.000000000000000000e+00
0.000000000000000000e+00
0.000000000000000000e+00
0.000000000000000000e+00
0.000000000000000000e+00
0.000000000000000000e+00
0.000000000000000000e+00
0.000000000000000000e+00
0.000000000000000000e+00
0.000000000000000000e+00
0.000000000000000000e+00
0.000000000000000000e+00
0.000000000000000000e+00
0.000000000000000000e+00
0.000000000000000000e+00
0.000000000000000000e+00
0.000000000000000000e+00
0.000000000000000000e+00
0.000000000000000000e+00
0.000000000000000000e+00
0.000000000000000000e+00
0.000000000000000000e+00
0.000000000000000000e+00
0.000000000000000000e+00
0.000000000000000000e+00
0.000000000000000000e+00
0.000000000000000000e+00
0.000000000000000000e+00
0.000000000000000000e+00
0.000000000000000000e+00
0.000000000000000000e+00
0.000000000000000000e+00
0.000000000000000000e+00
0.000000000000000000e+00
0.000000000000000000e+00
0.000000000000000000e+00
0.000000000000000000e+00
0.000000000000000000e+00
0.000000000000000000e+00
0.000000000000000000e+00
0.000000000000000000e+00
0.000000000000000000e+00
0.000000000000000000e+00
0.000000000000000000e+00
0.000000000000000000e+00
0.000000000000000000e+00
0.000000000000000000e+00
0.000000000000000000e+00
0.000000000000000000e+00
0.000000000000000000e+00
0.000000000000000000e+00
0.000000000000000000e+00
0.000000000000000000e+00
0.000000000000000000e+00
0.000000000000000000e+00
0.000000000000000000e+00
0.000000000000000000e+00
0.000000000000000000e+00
0.000000000000000000e+00
0.000000000000000000e+00
0.000000000000000000e+00
0.000000000000000000e+00
0.000000000000000000e+00
0.000000000000000000e+00
0.000000000000000000e+00
0.000000000000000000e+00
0.000000000000000000e+00
0.000000000000000000e+00
0.000000000000000000e+00
0.000000000000000000e+00
0.000000000000000000e+00
0.000000000000000000e+00
0.000000000000000000e+00
0.000000000000000000e+00
0.000000000000000000e+00
0.000000000000000000e+00
0.000000000000000000e+00
0.000000000000000000e+00
0.000000000000000000e+00
0.000000000000000000e+00
0.000000000000000000e+00
0.000000000000000000e+00
0.000000000000000000e+00
0.000000000000000000e+00
0.000000000000000000e+00
0.000000000000000000e+00
0.000000000000000000e+00
0.000000000000000000e+00
0.000000000000000000e+00
0.000000000000000000e+00
0.000000000000000000e+00
0.000000000000000000e+00
0.000000000000000000e+00
0.000000000000000000e+00
0.000000000000000000e+00
0.000000000000000000e+00
0.000000000000000000e+00
0.000000000000000000e+00
0.000000000000000000e+00
0.000000000000000000e+00
0.000000000000000000e+00
0.000000000000000000e+00
0.000000000000000000e+00
0.000000000000000000e+00
0.000000000000000000e+00
0.000000000000000000e+00
0.000000000000000000e+00
0.000000000000000000e+00
0.000000000000000000e+00
0.000000000000000000e+00
0.000000000000000000e+00
0.000000000000000000e+00
0.000000000000000000e+00
0.000000000000000000e+00
0.000000000000000000e+00
0.000000000000000000e+00
0.000000000000000000e+00
0.000000000000000000e+00
0.000000000000000000e+00
0.000000000000000000e+00
0.000000000000000000e+00
0.000000000000000000e+00
0.000000000000000000e+00
0.000000000000000000e+00
0.000000000000000000e+00
0.000000000000000000e+00
0.000000000000000000e+00
0.000000000000000000e+00
0.000000000000000000e+00
0.000000000000000000e+00
0.000000000000000000e+00
0.000000000000000000e+00
0.000000000000000000e+00
0.000000000000000000e+00
0.000000000000000000e+00
0.000000000000000000e+00
0.000000000000000000e+00
0.000000000000000000e+00
0.000000000000000000e+00
0.000000000000000000e+00
0.000000000000000000e+00
0.000000000000000000e+00
0.000000000000000000e+00
0.000000000000000000e+00
0.000000000000000000e+00
0.000000000000000000e+00
0.000000000000000000e+00
0.000000000000000000e+00
0.000000000000000000e+00
0.000000000000000000e+00
0.000000000000000000e+00
0.000000000000000000e+00
0.000000000000000000e+00
0.000000000000000000e+00
0.000000000000000000e+00
0.000000000000000000e+00
0.000000000000000000e+00
0.000000000000000000e+00
0.000000000000000000e+00
0.000000000000000000e+00
0.000000000000000000e+00
0.000000000000000000e+00
0.000000000000000000e+00
0.000000000000000000e+00
0.000000000000000000e+00
0.000000000000000000e+00
0.000000000000000000e+00
0.000000000000000000e+00
0.000000000000000000e+00
0.000000000000000000e+00
0.000000000000000000e+00
0.000000000000000000e+00
0.000000000000000000e+00
0.000000000000000000e+00
0.000000000000000000e+00
0.000000000000000000e+00
0.000000000000000000e+00
0.000000000000000000e+00
0.000000000000000000e+00
0.000000000000000000e+00
0.000000000000000000e+00
0.000000000000000000e+00
0.000000000000000000e+00
0.000000000000000000e+00
0.000000000000000000e+00
0.000000000000000000e+00
0.000000000000000000e+00
0.000000000000000000e+00
0.000000000000000000e+00
0.000000000000000000e+00
0.000000000000000000e+00
0.000000000000000000e+00
0.000000000000000000e+00
0.000000000000000000e+00
0.000000000000000000e+00
0.000000000000000000e+00
0.000000000000000000e+00
0.000000000000000000e+00
0.000000000000000000e+00
0.000000000000000000e+00
0.000000000000000000e+00
0.000000000000000000e+00
0.000000000000000000e+00
0.000000000000000000e+00
0.000000000000000000e+00
0.000000000000000000e+00
0.000000000000000000e+00
0.000000000000000000e+00
0.000000000000000000e+00
0.000000000000000000e+00
0.000000000000000000e+00
0.000000000000000000e+00
0.000000000000000000e+00
0.000000000000000000e+00
0.000000000000000000e+00
0.000000000000000000e+00
0.000000000000000000e+00
0.000000000000000000e+00
0.000000000000000000e+00
0.000000000000000000e+00
0.000000000000000000e+00
0.000000000000000000e+00
0.000000000000000000e+00
0.000000000000000000e+00
0.000000000000000000e+00
0.000000000000000000e+00
0.000000000000000000e+00
0.000000000000000000e+00
0.000000000000000000e+00
0.000000000000000000e+00
0.000000000000000000e+00
0.000000000000000000e+00
0.000000000000000000e+00
0.000000000000000000e+00
0.000000000000000000e+00
0.000000000000000000e+00
0.000000000000000000e+00
0.000000000000000000e+00
0.000000000000000000e+00
0.000000000000000000e+00
0.000000000000000000e+00
0.000000000000000000e+00
0.000000000000000000e+00
0.000000000000000000e+00
0.000000000000000000e+00
0.000000000000000000e+00
0.000000000000000000e+00
0.000000000000000000e+00
0.000000000000000000e+00
0.000000000000000000e+00
0.000000000000000000e+00
0.000000000000000000e+00
0.000000000000000000e+00
0.000000000000000000e+00
0.000000000000000000e+00
0.000000000000000000e+00
0.000000000000000000e+00
0.000000000000000000e+00
0.000000000000000000e+00
0.000000000000000000e+00
0.000000000000000000e+00
0.000000000000000000e+00
0.000000000000000000e+00
0.000000000000000000e+00
0.000000000000000000e+00
0.000000000000000000e+00
0.000000000000000000e+00
0.000000000000000000e+00
0.000000000000000000e+00
0.000000000000000000e+00
0.000000000000000000e+00
0.000000000000000000e+00
0.000000000000000000e+00
0.000000000000000000e+00
0.000000000000000000e+00
0.000000000000000000e+00
0.000000000000000000e+00
0.000000000000000000e+00
0.000000000000000000e+00
0.000000000000000000e+00
0.000000000000000000e+00
0.000000000000000000e+00
0.000000000000000000e+00
0.000000000000000000e+00
0.000000000000000000e+00
0.000000000000000000e+00
0.000000000000000000e+00
0.000000000000000000e+00
0.000000000000000000e+00
0.000000000000000000e+00
0.000000000000000000e+00
0.000000000000000000e+00
0.000000000000000000e+00
0.000000000000000000e+00
0.000000000000000000e+00
0.000000000000000000e+00
0.000000000000000000e+00
0.000000000000000000e+00
0.000000000000000000e+00
0.000000000000000000e+00
0.000000000000000000e+00
0.000000000000000000e+00
0.000000000000000000e+00
0.000000000000000000e+00
0.000000000000000000e+00
0.000000000000000000e+00
0.000000000000000000e+00
0.000000000000000000e+00
0.000000000000000000e+00
0.000000000000000000e+00
0.000000000000000000e+00
0.000000000000000000e+00
0.000000000000000000e+00
0.000000000000000000e+00
0.000000000000000000e+00
2.802596928649634142e-45
5.605193857299268284e-45
-1.401298464324817071e-45
-2.242077542919707313e-44
-7.847271400218975597e-44
-1.401298464324817071e-43
-7.286752014489048769e-44
3.321077360449816458e-43
7.777206477002734744e-43
-2.200038588989962801e-42
-9.436343858763318156e-42
-1.093713451405519724e-41
-1.591734925626559711e-41
-2.567178786643064874e-42
1.520268703945994040e-41
4.794682825533794090e-41
7.957693719207771182e-41
9.944314552081064344e-41
8.518633494476995456e-41
2.908394962706157831e-41
-8.642087889184011840e-41
-2.353550835756746511e-40
-3.553398632850227880e-40
-4.315396711780776907e-40
-3.338691682146379409e-40
-4.414090162623173773e-42
5.984118975037342068e-40
1.348229890182371924e-39
2.004095024723423630e-39
2.200091838331607144e-39
1.494524048559418501e-39
-4.342974265558689307e-40
-3.582956221358231247e-39
-7.350445233588004679e-39
-1.042785500797177167e-38
-1.086022845173612263e-38
-6.543695286900778294e-39
3.913205835639518185e-39
2.013613764931889248e-38
3.876315532527395916e-38
5.304223533650969803e-38
5.338318246326764062e-38
2.969887302437045183e-38
-2.428927801191549882e-38
-1.057311416730306794e-37
-1.974805532637614888e-37
-2.658439862534560056e-37
-2.640790900739958996e-37
-1.439774869142739314e-37
1.239819331320899619e-37
5.248613844873318033e-37
9.755415707558256039e-37
1.314168999246312608e-36
1.316651248135629875e-36
7.509504212040156026e-37
-5.289886905114401173e-37
-2.462839313711312171e-36
-4.670999066294137020e-36
-6.401333710113237454e-36
-6.597368773564303179e-36
-4.139218092410744699e-36
1.730216441491037708e-36
1.084946560511986629e-35
2.159859519096861732e-35
3.060754256969735768e-35
3.299298967141596396e-35
2.336842591405138445e-35
-2.285811328105695691e-36
-4.409748244936657185e-35
-9.572193417736783051e-35
-1.427064261605791326e-34
-1.630563111514135039e-34
-1.311738049091177345e-34
-2.574148096350717179e-35
1.590755752966381576e-34
4.014304942863457621e-34
6.427535611206591970e-34
7.873780749334311538e-34
7.163827160830767299e-34
3.191400581747796041e-34
-4.586159067309499415e-34
-1.558444512710272225e-33
-2.761026110466343872e-33
-3.669542184329873441e-33
-3.750274401660378884e-33
-2.450067079713554678e-33
6.066774099051827984e-34
5.366927374242455310e-33
1.110483121471282413e-32
1.627933604119742508e-32
1.860773761889094984e-32
1.545780214119092920e-32
4.605482174056102346e-33
-1.470040321296529733e-32
-4.057129120418875134e-32
-6.757248754338888413e-32
-8.655870789462171705e-32
-8.574961513295073656e-32
-5.338968388044941054e-32
1.802493045848913675e-32
1.265377115764692736e-31
2.558099051315953852e-31
3.723880762515137127e-31
4.273891512979573314e-31
3.645745417917109512e-31
1.356872423857555977e-31
-2.780811737505796910e-31
-8.423854888331615817e-31
-1.450652375750903384e-30
-1.918804567830291475e-30
-2.003432826004747045e-30
-1.450534920355369221e-30
-7.565236551320095954e-32
2.133896712222849775e-30
4.916515090506312475e-30
7.667622132786604213e-30
9.446459929987649454e-30
9.098235245081977634e-30
5.515387896770022884e-30
-1.970731701639447796e-30
-1.312376360964241475e-29
-2.637250803561340869e-29
-3.857662655511599686e-29
-4.517032156288966636e-29
-4.084415026779569004e-29
-2.083934892120810640e-29
1.722548582531128737e-29
7.128705105556075961e-29
1.330525692814383784e-28
1.872108387643876257e-28
2.124192154358506315e-28
1.847073224296786578e-28
8.352717844649231287e-29
-1.000161961842337665e-28
-3.541327518625091717e-28
-6.388599959471577700e-28
-8.832155835739451675e-28
-9.902875625356563254e-28
-8.528734239685992409e-28
-3.804438437977553943e-28
4.647579993492418652e-28
1.628544405372480623e-27
2.932580978102383889e-27
4.062279290778443546e-27
4.588649811275074693e-27
4.035063204362329762e-27
1.992322527360097035e-27
-1.726883736483853957e-27
-6.918894080747411743e-27
-1.284668612318568580e-26
-1.817846755908224177e-26
-2.106539032340004302e-26
-1.940581494957760638e-26
-1.131437234822846893e-26
4.234715117233221444e-27
2.668406752827625470e-26
5.325183353981480851e-26
7.859132771448469185e-26
9.499307713680708774e-26
9.333910082651897367e-26
6.491368139823764478e-26
3.992831797727795331e-27
-8.911436241158366698e-26
-2.051769035988091656e-25
-3.241557402931203041e-25
-4.153066210872418776e-25
-4.401922244185702212e-25
-3.591917648033471356e-25
-1.414437340563072989e-25
2.227667761520075579e-25
7.092667134288616141e-25
1.250049303581524748e-24
1.730013380347202992e-24
1.994336609429154808e-24
1.869541180805906403e-24
1.199200315707109853e-24
-1.080334655900794642e-25
-2.024559842860434822e-24
-4.355017067799326613e-24
-6.707051610648276130e-24
-8.497870784000367323e-24
-9.011166008948670063e-24
-7.513144393482935717e-24
-3.425674234854746584e-24
3.460025971833500764e-24
1.276314387977813075e-23
2.333679485078448058e-23
3.319716962420356985e-23
3.962206304399420492e-23
3.946988861993345086e-23
2.974008768126835390e-23
8.348499182735863516e-24
-2.497094545949877361e-23
-6.779375956160748934e-23
-1.143771319746117547e-22
-1.555273353434330322e-22
-1.792050269680779104e-22
-1.720455652060071944e-22
-1.218379638460258642e-22
-2.080779671878911193e-23
1.306949406801618458e-22
3.207586948065921596e-22
5.235937662006395990e-22
6.993181495282651523e-22
7.967666798865195327e-22
7.599601213666879157e-22
5.383338783392966336e-22
1.000580065020785862e-22
-5.531622419251425532e-22
-1.372369578562724549e-21
-2.252084641845322418e-21
-3.029247686474992883e-21
-3.493891353976080844e-21
-3.414024400115315099e-21
-2.575206713436858795e-21
-8.324527277548007410e-22
1.831325571558943498e-21
5.249734877104034938e-21
9.032605493925923953e-21
1.255509839472687301e-20
1.498986333030479571e-20
1.539246441289657186e-20
1.284361398406525400e-20
6.642031713221366422e-21
-3.470718179921091874e-21
-1.708499873080224233e-20
-3.294100094180675264e-20
-4.884118622974895866e-20
-6.170927635889268604e-20
-6.783958942670560098e-20
-6.335986357245396820e-20
-4.490011974415700394e-20
-1.041810797835166997e-20
3.991399456513526117e-20
1.029025348219096146e-19
1.717816964081383042e-19
2.361113646253253417e-19
2.823029136384822245e-19
2.949030974155610723e-19
2.586765673924363715e-19
1.614013164283308620e-19
-2.863208142169878450e-21
-2.304388701771663853e-19
-5.051760021923264844e-19
-7.967429509504904846e-19
-1.060740435181356634e-18
-1.241247168067218918e-18
-1.276195548947584337e-18
-1.105634835747059658e-18
-6.824914722749591881e-19
1.511408905620406798e-20
9.714742054019309607e-19
2.122807668065248323e-18
3.350987036815354510e-18
4.483843766136074894e-18
5.304148439847255526e-18
5.568627860182510383e-18
5.037313622717755923e-18
3.511956177223020558e-18
8.805371741827247411e-19
-2.836973902247606039e-18
-7.448040114545867972e-18
-1.255982273986024159e-17
-1.757229902391517403e-17
-2.169957790161383454e-17
-2.402487690209022638e-17
-2.359139621080426244e-17
-1.952686229129019929e-17
-1.119425342765359969e-17
1.644590567710578987e-18
1.867122335694289725e-17
3.888191916935313474e-17
6.051371458285192398e-17
8.105043205317136157e-17
9.733052441340722173e-17
1.057710489141187144e-16
1.027104277081133086e-16
8.485941348552084214e-17
4.983235118528937888e-17
-3.286214865744542816e-18
-7.339921652784776873e-17
-1.569517905246532339e-16
-2.476612370603859014e-16
-3.364990584200417854e-16
-4.119912668907753286e-16
-4.608799439634846118e-16
-4.691626556382107877e-16
-4.234821158532271670e-16
-3.127986265696132331e-16
-1.302277819247718506e-16
1.251132514054625758e-16
4.464458143280016899e-16
8.180714084800181154e-16
1.214731961360641845e-15
1.601794678036808691e-15
1.936414090937554379e-15
2.169781197026770733e-15
2.250457697120953823e-15
2.128733556886353712e-15
1.761799837047856466e-15
1.119466377541187500e-15
1.900274874377578019e-16
-1.014154877088178745e-15
-2.451846133077768136e-15
-4.049393893796162172e-15
-5.698871973961296480e-15
-7.258269370735356829e-15
-8.553946023997106157e-15
-9.385417281944450490e-15
-9.532341075876339664e-15
-8.763396096029413274e-15
-6.846602041007347067e-15
-3.560372127193100686e-15
1.295373309587513882e-15
7.888909116888706552e-15
1.634799676815575087e-14
2.675348820518202997e-14
3.913587322593690965e-14
5.347519234605128957e-14
6.970446220005629967e-14
8.771653650825605997e-14
1.073741112299006484e-13
1.285223013083869326e-13
1.510029623043307456e-13
1.746696998193922323e-13
1.994031567469078947e-13
2.251244844838837245e-13
2.518069574467679539e-13
2.794851481323357145e-13
3.082597382648294415e-13
3.382993483871249429e-13
3.698376782775014693e-13
4.031678962033991009e-13
4.386330437321922515e-13
4.766145702932156336e-13
5.175187535455538779e-13
5.617628215902337185e-13
6.097606143964928727e-13
6.619101967919593932e-13
7.185816611882112070e-13
7.801084539633962311e-13
8.467816834008268234e-13
9.188446444680087311e-13
9.964926019762065934e-13
1.079873061630987063e-12
1.169089022638736264e-12
1.264200116118940898e-12
1.365229869258743900e-12
1.472167006355551422e-12
1.584970436147026263e-12
1.703569577071739616e-12
1.827865333051126306e-12
1.957728900867095057e-12
2.092998083874642035e-12
2.233474906757071388e-12
2.378915857706442871e-12
2.529026901093578417e-12
2.683454587010247749e-12
2.841779329215698979e-12
3.003505647317106231e-12
3.168053709992624256e-12
3.334753263459222516e-12
3.502838860983126246e-12
3.671441622943305561e-12
3.839585333703654513e-12
4.006189043698205055e-12
4.170057528452009166e-12
4.329884974868525305e-12
4.484259318038308351e-12
4.631654001302498713e-12
4.770441854040630147e-12
4.898887719095856852e-12
5.015167968414058208e-12
5.117357492617768955e-12
5.203450951368759902e-12
5.271369712261941842e-12
5.318964886591448504e-12
5.344029472414968396e-12
5.344313099703290604e-12
5.317539377575064563e-12
5.261414134233310946e-12
5.173644932604526403e-12
5.051963188063002264e-12
4.894138479899501348e-12
4.698008041620349573e-12
4.461489337692636781e-12
4.182612155928522313e-12
3.859542459933029690e-12
3.490604723668799814e-12
3.074315758563872514e-12
2.609400542863404837e-12
2.094832120269618514e-12
1.529849272437211471e-12
9.139912134428773705e-13
2.471150183352283092e-13
-4.705708479130210620e-13
-1.238486201614319437e-12
-2.055657293692503274e-12
-2.920694935903966893e-12
-3.831777343338282904e-12
-4.786633762965397665e-12
-5.782533740034123682e-12
-6.816274541326938774e-12
-7.884177685713034123e-12
-8.982092847276135217e-12
-1.010538874801625298e-11
-1.124897831134008541e-11
-1.240730521795407881e-11
-1.357438120241916124e-11
-1.474381033927940621e-11
-1.590879858404115055e-11
-1.706218326347208603e-11
-1.819650506662551237e-11
-1.930400977956381325e-11
-2.037671073540359146e-11
-2.140644432546690012e-11
-2.238490642847423828e-11
-2.330375128978268151e-11
-2.415460019500326183e-11
-2.492914208396257436e-11
-2.561920467436529236e-11
-2.621680650349844655e-11
-2.671421937827656024e-11
-2.710410021422582361e-11
-2.737949450493104564e-11
-2.753393346655030882e-11
-2.756151210037138810e-11
-2.745695684702731398e-11
-2.721566548513632000e-11
-2.683385284807382476e-11
-2.630847623086296494e-11
-2.563740886252219298e-11
-2.481942255883051729e-11
-2.385423455986135366e-11
-2.274259600087980004e-11
-2.148622772757402544e-11
-2.008793305308120836e-11
-1.855153010377197376e-11
-1.688190039150772037e-11
-1.508496105806500509e-11
-1.316766747722075692e-11
-1.113797075402711556e-11
-9.004773489362793981e-12
-6.777922841039174529e-12
-4.468109476157833271e-12
-2.086823335661902590e-12
3.537222598160028042e-13
2.840664986222818378e-12
5.360590877440118973e-12
7.899632337160511497e-12
1.044356701812576560e-11
1.297792255605667577e-11
1.548809344664725529e-11
1.795943775639852191e-11
2.037741156368788609e-11
2.272766523592206767e-11
2.499616139073346233e-11
2.716929285717650799e-11
2.923396247300757977e-11
3.117771665839264017e-11
3.298882347846365803e-11
3.465635417532197948e-11
3.617029592506426638e-11
3.752158653225201590e-11
3.870225320778963862e-11
3.970536399666713123e-11
4.052521165864853003e-11
4.115725121822677579e-11
4.159821098692617625e-11
4.184605786883288658e-11
4.190004593285223677e-11
4.176073375994349135e-11
4.142993587086252205e-11
4.091074354284351955e-11
4.020747623734166609e-11
3.932562955832885621e-11
3.827186137450588888e-11
3.705387038865914917e-11
3.568037185153194457e-11
3.416103511177936980e-11
3.250630667417375719e-11
3.072739979126382082e-11
2.883617303273133814e-11
2.684501232419478356e-11
2.476671992490686591e-11
2.261444850826244135e-11
2.040154850613262738e-11
1.814149698520228782e-11
1.584779703300842613e-11
1.353384765367948717e-11
1.121286483801720024e-11
8.897789623152352334e-12
6.601206560541417190e-12
4.335266954452743349e-12
2.111575671259746656e-12
-5.883789007225803669e-14
-2.165613608579031180e-12
-4.199104172014633818e-12
-6.150432160095808953e-12
-8.011537613872299346e-12
-9.775198012151875560e-12
-1.143507771111940130e-11
-1.298572967906030939e-11
-1.442261848144665848e-11
-1.574211941357539501e-11
-1.694150895958923542e-11
-1.801895611885928616e-11
-1.897349465040942817e-11
-1.980500659304329503e-11
-2.051418063198084951e-11
-2.110246526132453226e-11
-2.157203582431321820e-11
-2.192574594106488917e-11
-2.216707720159583062e-11
-2.230006630743464058e-11
-2.232927384659966208e-11
-2.225971490465994407e-11
-2.209680355358401016e-11
-2.184629387114167542e-11
-2.151421749085891122e-11
-2.110682809086661393e-11
-2.063055976053718155e-11
-2.009194893792809467e-11
-1.949760318475934895e-11
-1.885412312385703615e-11
-1.816808162247163239e-11
-1.744596654640329092e-11
-1.669411310578627905e-11
-1.591872293704721386e-11
-1.512576522366693155e-11
-1.432099491077698517e-11
-1.350987897941191562e-11
-1.269758950761534777e-11
-1.188899846626956247e-11
-1.108863782045554913e-11
-1.030069345792083979e-11
-9.528991311291701294e-12
-8.776994755987921337e-12
-8.047798538690642545e-12
-7.344123573171934538e-12
-6.668318241337400920e-12
-6.022375306780070048e-12
-5.407920205396932190e-12
-4.826237933602817165e-12
-4.278264374713014462e-12
-3.764616656604102829e-12
-3.285599006405681699e-12
-2.841217712490351488e-12
-2.431201290634121825e-12
-2.055014795485088364e-12
-1.711879769883406510e-12
-1.400791700516268445e-12
-1.120546364030694519e-12
-8.697526206191685816e-13
-6.468589769728638750e-13
-4.501726140297701573e-13
-2.778798512906993645e-13
-1.280670041585788010e-13
1.257705860302233553e-15
1.121446482226819141e-13
2.066822732925410744e-13
2.869773646149709201e-13
3.551371978612050118e-13
4.132514642984919107e-13
4.633738596819536593e-13
5.075072848949313542e-13
5.475866613445512510e-13
5.854651615941341980e-13
6.228993557934325853e-13
6.615369601940812583e-13
7.029064288087416568e-13
7.484054066579648445e-13
7.992917308921598796e-13
8.566757871662777912e-13
9.215135165357990488e-13
9.946018618076091222e-13
1.076572424957289442e-12
1.167890979238139781e-12
1.268856005508245399e-12
1.379596849086783816e-12
1.500076104998804283e-12
1.630092870581745235e-12
1.769286431772820745e-12
1.917138973614451736e-12
2.072986530696208085e-12
2.236022781862412323e-12
2.405309241712560997e-12
2.579786861564570266e-12
2.758286437795631763e-12
2.939538803342633955e-12
3.122190223373011442e-12
3.304814755189511288e-12
3.485926824975393856e-12
3.664001393954841035e-12
3.837485017255115594e-12
4.004810372215672487e-12
4.164417508750739572e-12
4.314765558732780448e-12
4.454347047461171272e-12
4.581707409301305489e-12
4.695459299153270649e-12
4.794288663984014320e-12
4.876983799445566703e-12
4.942435349875040629e-12
4.989649318720701388e-12
5.017765283138464483e-12
5.026058562396240603e-12
5.013951059895660478e-12
4.981014732619026830e-12
4.926982866831908225e-12
4.851749644402270079e-12
4.755371877523950630e-12
4.638072911844481894e-12
4.500239157018137703e-12
4.342418351982457736e-12
4.165317396553902540e-12
3.969794978853080636e-12
3.756857672176927565e-12
3.527648659296112044e-12
3.283442745125042528e-12
3.025631828412755908e-12
2.755715360763799637e-12
2.475290155137810366e-12
2.186033905976492164e-12
1.889696298745802139e-12
1.588078193254238712e-12
1.283021215311985763e-12
9.763918189589770869e-13
6.700660534243729760e-13
3.659133543040815617e-13
6.578241505119861166e-14
-2.285150150702075500e-13
-5.152167212828240306e-13
-7.926260559357189983e-13
-1.059124467815697468e-12
-1.313183828170749745e-12
-1.553378519564274640e-12
-1.778396982628216438e-12
-1.987050281260227536e-12
-2.178280993081482819e-12
-2.351170690431669819e-12
-2.504945469800068381e-12
-2.638980180214023363e-12
-2.752804711611545052e-12
-2.846100525394357206e-12
-2.918706292279193981e-12
-2.970613555489109991e-12
-3.001966730753480306e-12
-3.013057034775834531e-12
-3.004325087319070775e-12
-2.976344865013302865e-12
-2.929824568717598332e-12
-2.865596215179122552e-12
-2.784607830777496851e-12
-2.687912175822204652e-12
-2.576659371977818580e-12
-2.452081506593151161e-12
-2.315487211690392400e-12
-2.168244533570784505e-12
-2.011771608675938516e-12
-1.847523870002198976e-12
-1.676981904036312088e-12
-1.501640283473049120e-12
-1.322993797847615838e-12
-1.142525202051103417e-12
-9.616961090322395656e-13
-7.819325156983858438e-13
-6.046180808620682523e-13
-4.310800035076806092e-13
-2.625815146914400877e-13
-1.003128989921463210e-13
5.461621687677040149e-14
2.011848397294804802e-13
3.384663426267420228e-13
4.656344212115859360e-13
5.819667664441752208e-13
6.868497198948830817e-13
7.797804828062193661e-13
8.603690676567410378e-13
9.283382439509435535e-13
9.835243513708902263e-13
1.025875673472953498e-12
1.055450215073361342e-12
1.072413967524721290e-12
1.077035487705158001e-12
1.069682536991578559e-12
1.050815576046637556e-12
1.020983102749395410e-12
9.808143880407627080e-13
9.310118865082928075e-13
8.723439180215175615e-13
8.056369698965226700e-13
7.317663185471556808e-13
6.516478437586237238e-13
5.662291924397877541e-13
4.764807797451309224e-13
3.833860583602605177e-13
2.879336580361574471e-13
1.911078310575312078e-13
9.388004967598312378e-14
-2.799141499913292835e-15
-9.800844760331911543e-14
-1.908630046544568248e-13
-2.805214556738516718e-13
-3.661925092584422670e-13
-4.471410763352834383e-13
-5.226927289429805779e-13
-5.922389315071718840e-13
-6.552408355481320612e-13
-7.112316920306060997e-13
-7.598204834410871022e-13
-8.006926827293370241e-13
-8.336107411993642913e-13
-8.584150642913790374e-13
-8.750233068503809886e-13
-8.834291805037697287e-13
-8.836996347356962378e-13
-8.759735016343472847e-13
-8.604577553944503521e-13
-8.374236091894526890e-13
-8.072031541447866054e-13
-7.701840467472242935e-13
-7.268049009856447640e-13
-6.775496504997369218e-13
-6.229422901994630113e-13
-5.635411842036530672e-13
-4.999327774674044989e-13
-4.327257953004592927e-13
-3.625449278895492844e-13
-2.900251111319362973e-13
-2.158054144456647561e-13
-1.405228743697056748e-13
-6.480746657638175590e-14
1.072427313375838229e-14
8.547374911798896746e-14
1.588652440934895660e-13
2.303505693482255090e-13
2.994138140546831472e-13
3.655740261291479110e-13
4.283893389762233328e-13
4.874594651538277645e-13
5.424284610887342151e-13
5.929858925939057723e-13
6.388689490627319501e-13
6.798628500448433698e-13
7.158010620865462581e-13
7.465652987308224464e-13
7.720848699960258799e-13
7.923353271231670103e-13
8.073369446928713167e-13
8.171527148513602068e-13
8.218864499566491677e-13
8.216789878709440664e-13
8.167063488169479246e-13
8.071761033005830921e-13
7.933237942438220447e-13
7.754100638489302977e-13
7.537161541594505909e-13
7.285410339244458022e-13
7.001976581010038725e-13
6.690091731466341063e-13
6.353055559925324669e-13
5.994201445966296227e-13
5.616868190179424847e-13
5.224369114403826231e-13
4.819966040875423019e-13
4.406842187172632652e-13
3.988087258436495697e-13
3.566675492276683013e-13
3.145449666789451593e-13
2.727110258535919707e-13
2.314204871570885169e-13
1.909119157249630772e-13
1.514070986641247174e-13
1.131103267689240188e-13
7.620808958929206622e-14
4.086813691823489025e-14
7.239367830517377117e-15
-2.454879019248706884e-14
-5.438669466498700922e-14
-8.218490314291712617e-14
-1.078743146784404139e-13
-1.314059673790737848e-13
-1.527506826538502227e-13
-1.718983028836662541e-13
-1.888564716938379018e-13
-2.036490008745783786e-13
-2.163138375019246773e-13
-2.269007464555938824e-13
-2.354687896489321419e-13
-2.420835613133748287e-13
-2.468146130182868880e-13
-2.497332581615635538e-13
-2.509107017208828116e-13
-2.504163868453923580e-13
-2.483179135405466642e-13
-2.446807405125095425e-13
-2.395690525298921347e-13
-2.330473325169030163e-13
-2.251821233818784851e-13
-2.160442506317361566e-13
-2.057105435429237850e-13
-1.942657325152211123e-13
-1.818037230092925394e-13
-1.684274600214155648e-13
-1.542487112430462881e-13
-1.393859393140559066e-13
-1.239616590799352824e-13
-1.080988800534164740e-13
-9.191674250072848218e-14
-7.552581471467409435e-14
-5.902347160286966488e-14
-4.248970018059031184e-14
-2.598342514184472790e-14
-9.540101591739083564e-15
6.829645711952736856e-15
2.313997111329582634e-14
3.942844857031391204e-14
5.575340604230434594e-14
7.219036837497611048e-14
8.882766077593709508e-14
1.057616789827166282e-13
1.230919663072760351e-13
1.409166972563338782e-13
1.593287405222271191e-13
1.784121217733233844e-13
1.982395367652878271e-13
2.188707792479330227e-13
2.403517651832637325e-13
2.627143294575695620e-13
2.859762665390064296e-13
3.101417506059384044e-13
3.352018369904424810e-13
3.611345705985258281e-13
3.879051485404516608e-13
4.154655135549245593e-13
4.437533511220809190e-13
4.726915473624027086e-13
5.021864543132414926e-13
5.321271309872976918e-13
5.623842862755024097e-13
5.928091134296820108e-13
6.232326937513632537e-13
6.534667555332940303e-13
6.833034030089002453e-13
7.125162005544583010e-13
7.408620700428969474e-13
7.680818329448835247e-13
7.939025413634948070e-13
8.180388332869326096e-13
8.401948841524342626e-13
8.600654910484450966e-13
8.773370484965736793e-13
8.916895000155022899e-13
9.027960670704437973e-13
9.103260679987901227e-13
9.139442674888087481e-13
9.133135870850739302e-13
9.080962978108564343e-13
8.979580317161617309e-13
8.825688660799024809e-13
8.616088528409782121e-13
8.347715964654445209e-13
8.017694581169410029e-13
7.623381635159243164e-13
7.162428744718341012e-13
6.632831762130864117e-13
6.032980105069585264e-13
5.361702835188220106e-13
4.618308231500722894e-13
3.802617400648633517e-13
2.914988942500501556e-13
1.956336839487732293e-13
9.281368262923500589e-14
-1.675672743465562997e-14
-1.328169345338192642e-13
-2.550508632417902710e-13
-3.830877672375554432e-13
-5.165041029424333185e-13
-6.548247729644407489e-13
-7.975249692419861258e-13
-9.440317451370194846e-13
-1.093725912788834354e-12
-1.245943127316240240e-12
-1.399977789945383577e-12
-1.555083102219856350e-12
-1.710475619649820533e-12
-1.865336444334397825e-12
-2.018816754392749324e-12
-2.170038671325813517e-12
-2.318102307330427436e-12
-2.462088258964323373e-12
-2.601064762880467285e-12
-2.734090948433576251e-12
-2.860224860776194866e-12
-2.978526930305647191e-12
-3.088067562079244155e-12
-3.187934074708187460e-12
-3.277234820325825027e-12
-3.355107424524161885e-12
-3.420721822119943134e-12
-3.473291749697682285e-12
-3.512074745609661264e-12
-3.536381907795482782e-12
-3.545580929548153293e-12
-3.539102821567552404e-12
-3.516447766652164297e-12
-3.477188589146029685e-12
-3.420976826470911725e-12
-3.347545981732813480e-12
-3.256716511051971352e-12
-3.148401461414152003e-12
-3.022607121191955848e-12
-2.879435622230031022e-12
-2.719092529260280777e-12
-2.541884020976215020e-12
-2.348219058437295281e-12
-2.138613288196755668e-12
-1.913685789695085404e-12
-1.674161352084591048e-12
-1.420867980564399780e-12
-1.154735595337852416e-12
-8.767933211070721988e-13
-5.881662344664473352e-13
-2.900718673506247347e-13
1.618542404052333850e-14
3.292194533481562768e-13
6.475686415048642619e-13
9.697027252356105187e-13
1.294031396793793309e-12
1.618911927257771222e-12
1.942657623307808556e-12
2.263548940298343304e-12
2.579843240077539512e-12
2.889784765647274156e-12
3.191615591605079238e-12
3.483589501931949606e-12
3.763979579407550347e-12
4.031095336004542062e-12
4.283289001261181284e-12
4.518971134792604261e-12
4.736620817791248328e-12
4.934797362410314747e-12
5.112153755870707528e-12
5.267440997269723368e-12
5.399525444815811426e-12
5.507394453679870239e-12
5.590164615931758618e-12
5.647090000476806537e-12
5.677568658268850044e-12
5.681153464331956116e-12
5.657547780951732719e-12
5.606615866016184668e-12
5.528382439334844634e-12
5.423034417362249116e-12
5.290923081602283418e-12
5.132558874437753715e-12
4.948610965449518062e-12
4.739906817735617395e-12
4.507422213251288667e-12
4.252277349681143903e-12
3.975732069949611258e-12
3.679174152837472178e-12
3.364110639364481514e-12
3.032161327576332610e-12
2.685044894756849487e-12
2.324565453321048025e-12
1.952603660357321580e-12
1.571103165100284915e-12
1.182056189041880145e-12
7.874892144626999269e-13
3.894492150643968920e-13
-1.000999989549198471e-14
-4.088419869579390520e-13
-8.050229319961355046e-13
-1.196565090934298414e-12
-1.581529937393078011e-12
-1.958042452135377864e-12
-2.324301775352699551e-12
-2.678595843394471210e-12
-3.019309628704558435e-12
-3.344937608146247854e-12
-3.654092653460061513e-12
-3.945511452274619302e-12
-4.218066868011405290e-12
-4.470769240927374710e-12
-4.702773327008857862e-12
-4.913381767418512069e-12
-5.102046823218797655e-12
-5.268370809052846937e-12
-5.412109562591416179e-12
-5.533165505638981685e-12
-5.631591113580691754e-12
-5.707581109126724783e-12
-5.761469860227075301e-12
-5.793726175901126041e-12
-5.804942030535054087e-12
-5.795833431243568867e-12
-5.767227407443842324e-12
-5.720049000429439090e-12
-5.655324299136399446e-12
-5.574158322418920619e-12
-5.477731983283273820e-12
-5.367286476376520454e-12
-5.244118073816084191e-12
-5.109566849487157114e-12
-4.964999331807939953e-12
-4.811806335325297113e-12
-4.651387348203472882e-12
-4.485143593330187528e-12
-4.314466318933174449e-12
-4.140728992324538282e-12
-3.965274289474685077e-12
-3.789410191884501344e-12
-3.614401312967974178e-12
-3.441461525477418348e-12
-3.271745721566965415e-12
-3.106344608622135794e-12
-2.946281456653321307e-12
-2.792505593082750259e-12
-2.645889583818838986e-12
-2.507226848011412379e-12
-2.377228405445186432e-12
-2.256522659699333744e-12
-2.145654313945311031e-12
-2.045083937265990137e-12
-1.955189265698265011e-12
-1.876266936956527687e-12
-1.808532924113537277e-12
-1.752127522930413406e-12
-1.707115893957722452e-12
-1.673493158285688232e-12
-1.651187541730492203e-12
-1.640065145323832407e-12
-1.639933740020527164e-12
-1.650548296129594750e-12
-1.671614019080336355e-12
-1.702795673561019463e-12
-1.743715415114532874e-12
-1.793965800564456536e-12
-1.853108812233106306e-12
-1.920682579995003358e-12
-1.996205934925998626e-12
-2.079183613473700731e-12
-2.169107341659648469e-12
-2.265462123451911225e-12
-2.367729493371606431e-12
-2.475389034375941044e-12
-2.587921630464729006e-12
-2.704811418244301713e-12
-2.825547955331852990e-12
-2.949624702472397608e-12
-3.076544878230502711e-12
-3.205815387458121890e-12
-3.336950073901112646e-12
-3.469468635997063899e-12
-3.602894458470951022e-12
-3.736753094452094359e-12
-3.870569663388945258e-12
-4.003867550006479092e-12
-4.136162766454898332e-12
-4.266962217586156569e-12
-4.395761098868744554e-12
-4.522035523812917290e-12
-4.645239054523742084e-12
-4.764799232254146588e-12
-4.880113674277097857e-12
-4.990541833949091455e-12
-5.095399796539723525e-12
-5.193960279231690791e-12
-5.285441789099065701e-12
-5.369002551575130511e-12
-5.443742245175853256e-12
-5.508692026839900890e-12
-5.562811929843425318e-12
-5.604981756501814516e-12
-5.634004547616644487e-12
-5.648600944624382336e-12
-5.647398347574661415e-12
-5.628941757152006176e-12
-5.591680330568893353e-12
-5.533973453097917883e-12
-5.454085100220495974e-12
-5.350193378605982986e-12
-5.220377515685603598e-12
-5.062631737440259627e-12
-4.874865268400530027e-12
-4.654909704221443789e-12
-4.400519879044217930e-12
-4.109381671751899390e-12
-3.779124582714565861e-12
-3.407326070598015733e-12
-2.991523261747230933e-12
-2.529230297421136697e-12
-2.017944622165201984e-12
-1.455163788945113001e-12
-8.384063842487021745e-13
-1.652216368277018010e-13
5.667859844654676849e-13
1.359938962657014638e-12
2.216462256787732343e-12
3.138465182184191349e-12
4.127916758411842579e-12
5.186618929481356943e-12
6.316180651416702929e-12
7.518000978701255832e-12
8.793224828829160344e-12
1.014272953819839174e-11
1.156709710653514023e-11
1.306657126248778056e-11
1.464104879000949211e-11
1.629003702763309747e-11
1.801263478651282668e-11
1.980750459484870163e-11
2.167284234022570644e-11
2.360634951403817183e-11
2.560522974204282320e-11
2.766614715099535715e-11
2.978520208252177781e-11
3.195793629728882479e-11
3.417929828053445362e-11
3.644364324206783579e-11
3.874470536069374305e-11
4.107564635646987483e-11
4.342895487674525157e-11
4.579654364067486938e-11
4.816969392806846884e-11
5.053911109054176620e-11
5.289490720428169368e-11
5.522662535617506308e-11
5.752327780772503729e-11
5.977334599505113033e-11
6.196483604004043855e-11
6.408533426149887191e-11
6.612201758349200986e-11
6.806173680207194820e-11
6.989100964638339519e-11
7.159616649543565359e-11
7.316334343920871675e-11
7.457860023984963505e-11
7.582792033167251589e-11
7.689740511018783309e-11
7.777328087099633080e-11
7.844191962647073524e-11
7.889007502814848749e-11
7.910486848894393574e-11
7.907388632766298997e-11
7.878532548577510397e-11
7.822804209967060274e-11
7.739165558406924106e-11
7.626663189874705040e-11
7.484440844862660924e-11
7.311747041160998606e-11
7.107941318862387448e-11
6.872503954813424798e-11
6.605044289287320680e-11
6.305311828214144043e-11
5.973193467623261199e-11
5.608735698103828327e-11
5.212130727016983656e-11
4.783737642122254385e-11
4.324078942130604730e-11
3.833842965317302287e-11
3.313890828415821943e-11
2.765253130643241519e-11
2.189133249674846127e-11
1.586905259975956994e-11
9.601117643975864979e-12
3.104623329253097808e-12
-3.601730242178136088e-12
-1.049767304334148221e-11
-1.756144535347559099e-11
-2.476984936605752807e-11
-3.209837257101000318e-11
-3.952123350803304902e-11
-4.701156131048378484e-11
-5.454144427763374381e-11
-6.208208946922866289e-11
-6.960395454447265706e-11
-7.707688653990629746e-11
-8.447029881120116102e-11
-9.175326470822753322e-11
-9.889473268076542922e-11
-1.058636373008070564e-10
-1.126291698794190665e-10
-1.191607784667425562e-10
-1.254285147966882619e-10
-1.314030551036182715e-10
-1.370560331892534123e-10
-1.423600543004610586e-10
-1.472888616627088254e-10
-1.518176417913963405e-10
-1.559230661252186678e-10
-1.595834159262565777e-10
-1.627788182023692798e-10
-1.654913150961334622e-10
-1.677050026627213697e-10
-1.694061002588398424e-10
-1.705831309539718177e-10
-1.712268937748007147e-10
-1.713306996276031668e-10
-1.708902186425831360e-10
-1.699036467073256063e-10
-1.683717471001600074e-10
-1.662977672234333681e-10
-1.636874386035103157e-10
-1.605491295464389623e-10
-1.568935259488313250e-10
-1.527337423201657884e-10
-1.480851830049090267e-10
-1.429655838158794268e-10
-1.373947761118543553e-10
-1.313945618974798890e-10
-1.249886999454830061e-10
-1.182027670187935087e-10
-1.110639080703634818e-10
-1.036008293042733897e-10
-9.584350674218811150e-11
-8.782310989552399860e-11
-7.957184910978298831e-11
-7.112277433662939075e-11
-6.250955308928496379e-11
-5.376632819520388296e-11
-4.492759983487637498e-11
-3.602791676104999397e-11
-2.710181384868448617e-11
-1.818352760030172988e-11
-9.306932828578862171e-12
-5.052642874404933426e-13
8.188999825464726712e-12
1.674431600318104785e-11
2.513021214733957009e-11
3.331741479928318483e-11
4.127806776943465650e-11
4.898572172895576671e-11
5.641556666269309517e-11
6.354447523726491909e-11
7.035109994557586788e-11
7.681591474018034660e-11
8.292132952503195042e-11
8.865173872774079200e-11
9.399346578842227018e-11
9.893490193757514817e-11
1.034665061960815535e-10
1.075806457806471883e-10
1.112718528428757736e-10
1.145365469135128933e-10
1.173731667414301683e-10
1.197820453935349860e-10
1.217653894380887891e-10
1.233271818001924203e-10
1.244731262506348912e-10
1.252106196503177671e-10
1.255485715390136647e-10
1.254973902575784450e-10
1.250687886589219033e-10
1.242757563524321540e-10
1.231324070483097444e-10
1.216538952908408078e-10
1.198562360471555621e-10
1.177563047072283098e-10
1.153716358559542243e-10
1.127202636785895606e-10
1.098207358385394627e-10
1.066919053105408466e-10
1.033528679306172648e-10
9.982282361820082883e-11
9.612105555945049673e-11
9.226673591822276421e-11
8.827896746943508788e-11
8.417651992109753678e-11
7.997794093661525494e-11
7.570141735691038321e-11
7.136460172807446156e-11
6.698476495703431510e-11
6.257856732805322508e-11
5.816206544162483283e-11
5.375069486723837997e-11
4.935921116278052523e-11
4.500162742449020925e-11
4.069125938976903001e-11
3.644062829266658810e-11
3.226150943613781408e-11
2.816488361978564114e-11
2.416092326207319729e-11
2.025903403368722877e-11
1.646781842834510456e-11
1.279512260032866777e-11
9.248012945717309918e-12
5.832823373602691319e-12
2.555160510259169016e-12
-5.800831820099161540e-13
-3.568692650418592294e-12
-6.407116590750883134e-12
-9.092419525624784171e-12
-1.162229080337029430e-11
-1.399497965431928392e-11
-1.620930820123156479e-11
-1.826460857556888584e-11
-2.016070990706886334e-11
-2.189795046680931279e-11
-2.347710047201356787e-11
-2.489935688188005258e-11
-2.616635380592313709e-11
-2.728009484975757459e-11
-2.824297740122716505e-11
-2.905771803729528813e-11
-2.972741497409003841e-11
-3.025545092238957068e-11
-3.064553819043247529e-11
-3.090167705055435476e-11
-3.102811757527135228e-11
-3.102941167898443098e-11
-3.091033679014643099e-11
-3.067593054573158895e-11
-3.033142487174345092e-11
-2.988229455547219970e-11
-2.933420173434342360e-11
-2.869299416119464041e-11
-2.796469306121096565e-11
-2.715548966247816054e-11
-2.627171744040701640e-11
-2.531983303577511890e-11
-2.430641625472684808e-11
-2.323813190485690683e-11
-2.212173326465727285e-11
-2.096401004181291938e-11
-1.977180225098962296e-11
-1.855196378464096796e-11
-1.731132771853882701e-11
-1.605669937287945714e-11
-1.479480080113226848e-11
-1.353228726991284603e-11
-1.227569261519345645e-11
-1.103140495617438432e-11
-9.805633735537888640e-12
-8.604394974298656962e-12
-7.433474842610809930e-12
-6.298405373639237581e-12
-5.204435840622245735e-12
-4.156507603381154325e-12
-3.159227653787288759e-12
-2.216848449601571680e-12
-1.333242652563904063e-12
-5.118889795548142718e-13
2.441504572299468823e-13
9.322433233358018434e-13
1.550202024039326609e-12
2.096291673234218500e-12
2.569238658628458793e-12
2.968237201167456263e-12
3.292945994007312471e-12
3.543494924568291182e-12
3.720470979906576048e-12
3.824919114076008597e-12
3.858329020861583913e-12
3.822617569704256368e-12
3.720119264721821750e-12
3.553563693303729565e-12
3.326052541025026343e-12
3.041035305517691967e-12
2.702285444022844985e-12
2.313867847325568050e-12
1.880111084179292291e-12
1.405571947894757034e-12
8.950041228972249741e-13
3.533168766237104741e-13
-2.144529264455977136e-13
-8.031835830105138463e-13
-1.407704898828687767e-12
-2.022834807643980604e-12
-2.643418253386875527e-12
-3.264362304772339129e-12
-3.880675294998248148e-12
-4.487496312044481073e-12
-5.080135097312865611e-12
-5.654098283319752838e-12
-6.205124955527274722e-12
-6.729211805833745785e-12
-7.222639153425802760e-12
-7.681996531949675244e-12
-8.104199603065076474e-12
-8.486511840488653036e-12
-8.826555805696578716e-12
-9.122329627797576279e-12
-9.372209605618131434e-12
-9.574964085490300647e-12
-9.729749124443021202e-12
-9.836108490202111199e-12
-9.893971059105055588e-12
-9.903648214015792206e-12
-9.865816497089952009e-12
-9.781510670880955161e-12
-9.652104636381775293e-12
-9.479292351066703759e-12
-9.265073083741803828e-12
-9.011725393692771036e-12
-8.721781977194531521e-12
-8.398007116106054326e-12
-8.043359381315617895e-12
-7.660976887591264273e-12
-7.254138262302589624e-12
-6.826234456164259612e-12
-6.380737084532572823e-12
-5.921169370787238151e-12
-5.451075788670545208e-12
-4.973988668860451767e-12
-4.493400877075837130e-12
-4.012737624820017501e-12
-3.535325894879481901e-12
-3.064376009886959906e-12
-2.602947805213640109e-12
-2.153932631213106852e-12
-1.720033837582235492e-12
-1.303746824041218666e-12
-9.073412594179375290e-13
-5.328500769959110261e-13
-1.820559490921941359e-13
1.435160584123407190e-13
4.426073494257637408e-13
7.142271800028576756e-13
9.576555043758205876e-13
1.172441158915626946e-12
1.358398745050781731e-12
1.515602205369448452e-12
1.644376258422286519e-12
1.745286640902898867e-12
1.819128181423934620e-12
1.866909188005805298e-12
1.889836160826052769e-12
1.889296444984589485e-12
1.866839148545462734e-12
1.824155843738184402e-12
1.763058991334498504e-12
1.685461123966669472e-12
1.593353378924466934e-12
1.488782296228674529e-12
1.373829218789812678e-12
1.250586982061430152e-12
1.121140832081868322e-12
9.875459824892907079e-13
8.518086409836644890e-13
7.158673610493937467e-13
5.815762910317545664e-13
4.506876913768637083e-13
3.248391410460432782e-13
2.055395784128499770e-13
9.415837114992373080e-14
-8.083714836295934070e-15
-1.001224182229677739e-13
-1.810559216658749748e-13
-2.501477215470504500e-13
-3.068292419184520670e-13
-3.506996938944934028e-13
-3.815249711210805250e-13
-3.992340312508613209e-13
-4.039129328312768275e-13
-3.957999834998393585e-13
-3.752767953162094994e-13
-3.428595027245989746e-13
-2.991882457926975381e-13
-2.450159758242420605e-13
-1.811967459755536858e-13
-1.086723755688162596e-13
-2.845931430513030935e-14
5.836448674616939725e-14
1.506740153651986436e-13
2.473103373566015728e-13
3.470949927215222219e-13
4.488434905865201774e-13
5.513779537114071871e-13
6.535399933900454261e-13
7.542027440944620853e-13
8.522817326016285389e-13
9.467453947545334536e-13
1.036624128550323043e-12
1.121019401438549945e-12
1.199110906055511627e-12
1.270161601764352444e-12
1.333524978809619288e-12
1.388647551982258310e-12
1.435072438486784119e-12
1.472441201084973006e-12
1.500494281776731942e-12
1.519070351278795084e-12
1.528105983764072029e-12
1.527632729515782106e-12
1.517774187581588663e-12
1.498740910023388384e-12
1.470827366151228333e-12
1.434404895209184794e-12
1.389917477986890582e-12
1.337873822143675895e-12
1.278840098054012664e-12
1.213434843057303869e-12
1.142319420478765668e-12
1.066190863895088992e-12
9.857748298203183879e-13
9.018171951390152596e-13
8.150773892628970785e-13
7.263196663033488765e-13
6.363068166988228302e-13
5.457933909512602266e-13
4.555180560007754398e-13
3.661982555299564401e-13
2.785242739569704362e-13
1.931537476620656668e-13
1.107069216030667769e-13
3.176223796778551711e-14
-4.314730267952066045e-14
-1.135373262420302787e-13
-1.789748769109519855e-13
-2.390803755056986057e-13
-2.935293609736266962e-13
-3.420531815689215049e-13
-3.844397131365362430e-13
-4.205332913495563041e-13
-4.502340069777871490e-13
-4.734968927361249413e-13
-4.903306493470038774e-13
-5.007952060855080934e-13
-5.050001757912758737e-13
-5.031019004175796283e-13
-4.953008489461119268e-13
-4.818383105703594183e-13
-4.629929252486508773e-13
-4.390774582026940598e-13
-4.104350323150263158e-13
-3.774349810557048324e-13
-3.404691350898658708e-13
-2.999479733600124431e-13
-2.562964218025959307e-13
-2.099499502201951362e-13
-1.613509130991841456e-13
-1.109442873399417440e-13
-5.917433833517102282e-14
-6.481021350422970159e-15
4.670368570504866701e-14
9.995873079997677491e-14
1.528771277322163447e-13
2.050686145416494299e-13
2.561626312545112194e-13
3.058100376662070685e-13
3.536855324674098577e-13
3.994896048079704665e-13
4.429492796859113568e-13
4.838198526709025504e-13
5.218859198963254897e-13
5.569615948997075350e-13
5.888909151985366464e-13
6.175483301812390025e-13
6.428382674263100061e-13
6.646943195506849200e-13
6.830793526299561158e-13
6.979841509456574666e-13
7.094259533123314920e-13
7.174480736067689879e-13
7.221174613131209341e-13
7.235238341611605062e-13
7.217771844612863585e-13
7.170066949023501390e-13
7.093577569956821538e-13
6.989909952931361303e-13
6.860793942513321308e-13
6.708060214070943328e-13
6.533629973853871675e-13
6.339481348725806154e-13
6.127634749435173500e-13
5.900131186571677677e-13
5.659010586522850161e-13
5.406292275834945205e-13
5.143960344483611280e-13
4.873944672335872585e-13
4.598102497713196790e-13
4.318207033268683936e-13
4.035932558207194765e-13
3.752842221010910251e-13
3.470377197417606752e-13
3.189850727308707334e-13
2.912438085839186286e-13
2.639174686083767263e-13
2.370948489621715893e-13
2.108503801244443476e-13
1.852433950590842704e-13
1.603190778916296910e-13
1.361083419365236025e-13
1.126284802184171485e-13
8.988379566468238102e-14
6.786630583682437545e-14
4.655683729704908347e-14
2.592591499285794993e-14
5.934912104273810593e-15
-1.346264425487091534e-14
-3.232004304487036406e-14
-5.069563340084556891e-14
-6.865201359869746445e-14
-8.625402231647247286e-14
-1.035678162154829440e-13
-1.206592741302345284e-13
-1.375925605005476338e-13
-1.544290682744392518e-13
-1.712259078013450564e-13
-1.880346871046753576e-13
-2.049005632049141767e-13
-2.218610223921752000e-13
-2.389451212846810391e-13
-2.561723348639549647e-13
-2.735521770040605372e-13
-2.910834550826080225e-13
-3.087538905099940223e-13
-3.265396308384238555e-13
-3.444054666023460554e-13
-3.623043705325290631e-13
-3.801778770268215979e-13
-3.979563260956414661e-13
-4.155592428327359311e-13
-4.328957710960507077e-13
-4.498655950795765746e-13
-4.663596982548701142e-13
-4.822612036277373893e-13
-4.974465934656779886e-13
-5.117864140292971431e-13
-5.251473626614877599e-13
-5.373927214682994169e-13
-5.483843088828488366e-13
-5.579835638674923715e-13
-5.660533348474106052e-13
-5.724588012824549654e-13
-5.770696420714926944e-13
-5.797609571242534621e-13
-5.804150562949139669e-13
-5.789228688449221671e-13
-5.751848108047352692e-13
-5.691129533781646987e-13
-5.606312397828105976e-13
-5.496774910240809220e-13
-5.362036227356259399e-13
-5.201773799028142076e-13
-5.015825537031670667e-13
-4.804199572883138813e-13
-4.567076426244265352e-13
-4.304817136438487957e-13
-4.017961907198247529e-13
-3.707235256625307507e-13
-3.373545204039124501e-13
-3.017980288420873958e-13
-2.641807671059648310e-13
-2.246468392167952355e-13
-1.833574118275185794e-13
-1.404896300205918380e-13
-9.623595323415834457e-14
-5.080343020184494018e-14
-4.412144223787288835e-15
4.270565970082226825e-14
9.030695977260347340e-14
1.381395404965665707e-13
1.859433424291137560e-13
2.334521465030547915e-13
2.803951190157027984e-13
3.264988377316840884e-13
3.714888097659796440e-13
4.150912740700368753e-13
4.570352343108430304e-13
4.970541664893468603e-13
5.348877807689889075e-13
5.702839459345576678e-13
6.030003970106112554e-13
6.328066868253878763e-13
6.594854328433041868e-13
6.828340518884312704e-13
7.026667659185137360e-13
7.188154693867077061e-13
7.311313555448395451e-13
7.394859464354697209e-13
7.437726649850429084e-13
7.439071602645397352e-13
7.398288253725182617e-13
7.315008516452226051e-13
7.189119091699502917e-13
7.020752794233142691e-13
6.810299394734153910e-13
6.558403993495165452e-13
6.265965936218254040e-13
5.934140440318202980e-13
5.564332631810553487e-13
5.158187245390966069e-13
4.717590250738479263e-13
4.244647981623689281e-13
3.741688220110922503e-13
3.211240951969673851e-13
2.656023458894735123e-13
2.078928798858112326e-13
1.483006697045735622e-13
8.714460630974280031e-14
2.475556279337310511e-14
-3.852553516546335100e-14
-1.023496744171140116e-13
-1.663619735676677425e-13
-2.302038225841795960e-13
-2.935150495049498875e-13
-3.559360109168380193e-13
-4.171099229899333238e-13
-4.766848808041013186e-13
-5.343162978038717981e-13
-5.896685592067518744e-13
-6.424173259328425090e-13
-6.922519740597266047e-13
-7.388771669156191102e-13
-7.820146982230602450e-13
-8.214052268223914766e-13
-8.568110413872953579e-13
-8.880162772652300252e-13
-9.148294101424259139e-13
-9.370847197168186149e-13
-9.546435907406558563e-13
-9.673945672306061283e-13
-9.752557919226467753e-13
-9.781754399529329902e-13
-9.761316104375805658e-13
-9.691334106748383803e-13
-9.572204140440021547e-13
-9.404637442075869380e-13
-9.189645572282856278e-13
-8.928536078880999760e-13
-8.622913581085578372e-13
-8.274658627564768221e-13
-7.885916312316831878e-13
-7.459089227355997220e-13
-6.996814694466835238e-13
-6.501941996958637837e-13
-5.977521537643692984e-13
-5.426778817985145054e-13
-4.853088959345941422e-13
-4.259956103147555240e-13
-3.650990913674906357e-13
-3.029879136213359248e-13
-2.400362352460161386e-13
-1.766208300489971461e-13
-1.131187564408150936e-13
-4.990454528569152060e-14
1.265229037533156797e-14
7.418969139114800493e-14
1.343557426772279406e-13
1.928108280674356578e-13
2.492302425636389041e-13
3.033062895892862931e-13
3.547503003159535595e-13
4.032948020676885292e-13
4.486953072545957211e-13
4.907318041508235140e-13
5.292101392523340664e-13
5.639639146307051654e-13
5.948544608280759149e-13
6.217725444755684006e-13
6.446385309236135619e-13
6.634026552924943143e-13
6.780452393127800459e-13
6.885765286950007447e-13
6.950360426083435073e-13
6.974923026301094175e-13
6.960415859132151883e-13
6.908070578244551729e-13
6.819379045827633767e-13
6.696070564346512377e-13
6.540104287126868865e-13
6.353643739603898055e-13
6.139042182592979735e-13
5.898827433459263858e-13
5.635668255850323494e-13
5.352364601876602457e-13
5.051816712349499472e-13
4.737003974839004705e-13
4.410963510680793176e-13
4.076754938405618978e-13
3.737446821212159209e-13
3.396086038255641260e-13
3.055671763795703155e-13
2.719132970001314487e-13
2.389299966643748663e-13
2.068885020982749734e-13
1.760455659288034935e-13
1.466415964351819312e-13
1.188985162495909131e-13
9.301781079325971424e-14
6.917922045759569705e-14
4.753897538752223373e-14
2.822885696897314833e-14
1.135521272957506003e-14
-3.001692065073740048e-15
-1.478804668238360709e-14
-2.397668381112078029e-14
-3.056682375745731206e-14
-3.458373859640748171e-14
-3.607806734568994034e-14
-3.512497570904403454e-14
-3.182299055889438455e-14
-2.629275310385252584e-14
-1.867554843952047572e-14
-9.131599624134963122e-15
2.161598011723346938e-15
1.501122122926027563e-14
2.921110686779533616e-14
4.454371780823231097e-14
6.078226436707565017e-14
7.769292479330169865e-14
9.503687306523442291e-14
1.125724337423632260e-13
1.300573011916647537e-13
1.472504030600868541e-13
1.639140347975756584e-13
1.798157705634045866e-13
1.947304486714027116e-13
2.084417436831048631e-13
2.207437927110103559e-13
2.314429843521675911e-13
2.403590564428736975e-13
2.473263835487543583e-13
2.521952644548436373e-13
2.548327759747948118e-13
2.551233963671295513e-13
2.529698184868672817e-13
2.482933834663941797e-13
2.410342975558976697e-13
2.311520386991811060e-13
2.186250177204848710e-13
2.034507816123937163e-13
1.856456476176035486e-13
1.652442966531067481e-13
1.422993396293231738e-13
1.168806940338509848e-13
8.907498084400819471e-14
5.898467749388541792e-14
2.672736740315460185e-14
-7.565247663347471341e-15
-4.374827255559758654e-14
-8.166464195418637884e-14
-1.211461080107348320e-13
-1.620144990388538986e-13
-2.040826410859911122e-13
-2.471556217065878913e-13
-2.910319012693063367e-13
-3.355041125561314397e-13
-3.803608361434285268e-13
-4.253869934252307861e-13
-4.703651747609005618e-13
-5.150765339419216549e-13
-5.593015200283657506e-13
-6.028211241813907773e-13
-6.454168796632409055e-13
-6.868722170899621560e-13
-7.269724102212937744e-13
-7.655051722718630991e-13
-8.022613064324890519e-13
-8.370343263994217686e-13
-8.696205647945598471e-13
-8.998198236867538391e-13
-9.274353203816976254e-13
-9.522725490096473067e-13
-9.741407984084626825e-13
-9.928517426607830210e-13
-1.008220308455765046e-12
-1.020063590886910454e-12
-1.028202371335107390e-12
-1.032459816426023469e-12
-1.032662779072712755e-12
-1.028641798475615765e-12
-1.020231642223645707e-12
-1.007272173655926473e-12
-9.896091108033133743e-13
-9.670958695320863718e-13
-9.395941056450363149e-13
-9.069758290757012897e-13
-8.691250301916253473e-13
-8.259398481987034746e-13
-7.773349021758524380e-13
-7.232435678995730033e-13
-6.636210136100328949e-13
-5.984462057850858940e-13
-5.277257580579841623e-13
-4.514963435672120218e-13
-3.698278933528947876e-13
-2.828266863329903513e-13
-1.906381546764104873e-13
-9.345008897569326289e-14
8.504802019430358906e-15
1.149463011752838160e-13
2.255446263782490135e-13
3.399178996003199282e-13
4.576311660349496879e-13
5.781951523467498966e-13
7.010653450996440217e-13
8.256420178619217065e-13
9.512708546224879491e-13
1.077243112421188975e-12
1.202798602904786573e-12
1.327128402832389309e-12
1.449376209328168130e-12
1.568643327211349803e-12
1.683993656326210342e-12
1.794458245191199453e-12
1.899042988834365175e-12
1.996732206660523090e-12
2.086500893935805401e-12
2.167319275436785375e-12
2.238161695908291726e-12
2.298020064170347432e-12
2.345909924650335654e-12
2.380881082564290097e-12
2.402030397502530334e-12
2.408510673887476194e-12
2.399544321921021073e-12
2.374433332244518802e-12
2.332569250598770516e-12
2.273446188250094480e-12
2.196669061926836974e-12
2.101967254766745619e-12
1.989201121530004279e-12
1.858371529578350945e-12
1.709629399854195597e-12
1.543281561572351634e-12
1.359795631129812055e-12
1.159806625739001618e-12
9.441185897310355735e-13
7.137064919095215121e-13
4.697169844920801030e-13
2.134658958928212225e-13
-5.356515740944506332e-14
-3.297327688667195389e-13
-6.132405781095195962e-13
-9.021466299691249802e-13
-1.194375110966094944e-12
-1.487729427498973855e-12
-1.779905758371447266e-12
-2.068508558883408455e-12
-2.351071160672235649e-12
-2.625072251585813810e-12
-2.887957668146201584e-12
-3.137164356417643241e-12
-3.370137936081762930e-12
-3.584364792821870260e-12
-3.777388124515113077e-12
-3.946837648372003571e-12
-4.090454103905516448e-12
-4.206112454857580119e-12
-4.291848994253388838e-12
-4.345879992678769455e-12
-4.366633356983617986e-12
-4.352761207027100454e-12
-4.303165029168054545e-12
-4.217015191904094351e-12
-4.093761354212466230e-12
-3.933155884316974493e-12
-3.735255160730588386e-12
-3.500439304734981327e-12
-3.229410445657054929e-12
-2.923202912369360362e-12
-2.583176511236628947e-12
-2.211020429243593099e-12
-1.808743801436085707e-12
-1.378666712043008502e-12
-9.234084850928692134e-13
-4.458717737469003461e-13
5.077562380425247601e-14
5.631235495268116509e-13
1.087542816219366770e-12
1.620212861444536578e-12
2.157150543261043829e-12
2.694244350190388992e-12
3.227284975718114346e-12
3.752002614848537476e-12
4.264102959616877797e-12
4.759303194601383069e-12
5.233372762925014854e-12
5.682170879650616513e-12
6.101682093612170732e-12
6.488056619735615982e-12
6.837646334550973037e-12
7.147041205385340490e-12
7.413097045938510377e-12
7.632979318050736595e-12
7.804172239000983780e-12
7.924527353764254656e-12
7.992273509671576903e-12
8.006037673091714879e-12
7.964867480836357316e-12
7.868237311692283242e-12
7.716064766294383759e-12
7.508709799763924053e-12
7.246973854346805410e-12
6.932109400392683085e-12
6.565794349183695644e-12
6.150133787657940942e-12
5.687640029089502391e-12
5.181215699534558183e-12
4.634129018021848623e-12
4.049985607296191503e-12
3.432703340328080444e-12
2.786476561641992866e-12
2.115742477049042947e-12
1.425142339209206632e-12
7.194832295047415283e-13
3.697359801137223290e-15
-7.172000623598129287e-13
-1.438153090539684431e-12
-2.154109789848090983e-12
-2.860063531492929023e-12
-3.551096482840021551e-12
-4.222414952403941157e-12
-4.869400022089465097e-12
-5.487638121692839377e-12
-6.072957674935208772e-12
-6.621466396017350320e-12
-7.129576009429205996e-12
-7.594036510738533252e-12
-8.011954814868271768e-12
-8.380820343267814110e-12
-8.698519335381682538e-12
-8.963352629565157770e-12
-9.174036530446016968e-12
-9.329719288797555521e-12
-9.429972427921207156e-12
-9.474795080455233887e-12
-9.464607916842560087e-12
-9.400241002266440660e-12
-9.282918184139177242e-12
-9.114247551123000335e-12
-8.896192810192715683e-12
-8.631055939400944510e-12
-8.321452034387721852e-12
-7.970276348634453001e-12
-7.580678272611773849e-12
-7.156037481331756211e-12
-6.699909724239283548e-12
-6.216012513743374157e-12
-5.708186961300709683e-12
-5.180353108286128716e-12
-4.636488675630046075e-12
-4.080581792603732438e-12
-3.516607578052388661e-12
-2.948491060680846765e-12
-2.380074652988395378e-12
-1.815090070432512359e-12
-1.257131443214987154e-12
-7.096269101850016803e-13
-1.758183307059776879e-13
3.412629337104511329e-13
8.388122553319721231e-13
1.314269222965624984e-12
1.765328985423031405e-12
2.189954597872634245e-12
2.586383147581972075e-12
2.953131662819519221e-12
3.288996679173816773e-12
3.593056624798252052e-12
3.864667700442803167e-12
4.103458458443176582e-12
4.309319828060820257e-12
4.482397092386847248e-12
4.623078395799007367e-12
4.731979998812141375e-12
4.809931966609504173e-12
4.857959087084529060e-12
4.877268294095626899e-12
4.869224381337522445e-12
4.835333522468232559e-12
4.777224622831699463e-12
4.696627201733472035e-12
4.595354478886815031e-12
4.475279088284045415e-12
4.338319200408724541e-12
4.186415103468732468e-12
4.021514458246722157e-12
3.845553216141883723e-12
3.660440440339529644e-12
3.468040958576334987e-12
3.270164954799481549e-12
3.068554741900153537e-12
2.864869149202253773e-12
2.660679402494148249e-12
2.457456980964334292e-12
2.256569063552316123e-12
2.059270072171659471e-12
1.866699286465212104e-12
1.679879000661410604e-12
1.499710186765590425e-12
1.326973795602592876e-12
1.162331732598720357e-12
1.006328592505212338e-12
8.593945325340024421e-13
7.218495549562997660e-13
5.939077354910615725e-13
4.756830779967247125e-13
3.671956131084258557e-13
2.683779305560907158e-13
1.790823348987724550e-13
9.908815033678880502e-14
2.810926608121620818e-14
-3.419820985639879241e-14
-8.822810375081618917e-14
-1.344165257615229092e-13
-1.732342839056572048e-13
-2.051793657935688242e-13
-2.307699929586515264e-13
-2.505376006482762374e-13
-2.650206985289893513e-13
-2.747584061310592851e-13
-2.802853435457386411e-13
-2.821261290992388426e-13
-2.807911509642574410e-13
-2.767721219310709246e-13
-2.705386912757457019e-13
-2.625354360991094538e-13
-2.531791779263742326e-13
-2.428571395634432362e-13
-2.319251290582718950e-13
-2.207065774714397910e-13
-2.094919561174829470e-13
-1.985384919618235489e-13
-1.880703980137315989e-13
-1.782793205597210662e-13
-1.693252336303421868e-13
-1.613377129377341346e-13
-1.544171420505419112e-13
-1.486365284325552594e-13
-1.440431704035488591e-13
-1.406606900183557385e-13
-1.384911472611036198e-13
-1.375171542394512669e-13
-1.377040706939877679e-13
-1.390022401652132866e-13
-1.413492939231555945e-13
-1.446722516090792610e-13
-1.488897438499392489e-13
-1.539138960596556083e-13
-1.596525510535670711e-13
-1.660108275890539997e-13
-1.728929364041772998e-13
-1.802037929684099926e-13
-1.878503456302985097e-13
-1.957427817923795832e-13
-2.037957069810428234e-13
-2.119290122082687078e-13
-2.200685515979863838e-13
-2.281468200124314727e-13
-2.361035629158680926e-13
-2.438855866392086735e-13
-2.514473004811001999e-13
-2.587505405250711821e-13
-2.657645425344773438e-13
-2.724655895867955646e-13
-2.788367139180264465e-13
-2.848672090317166949e-13
-2.905519520726013161e-13
-2.958909701457346220e-13
-3.008887626901324275e-13
-3.055535696423056224e-13
-3.098964498644135590e-13
-3.139308203583407453e-13
-3.176713720635243599e-13
-3.211335277558680090e-13
-3.243327102112752991e-13
-3.272834477388575358e-13
-3.299989405000647302e-13
-3.324900847267303616e-13
-3.347654456160170655e-13
-3.368301189181355237e-13
-3.386857851464530889e-13
-3.403301403713532292e-13
-3.417567606949639680e-13
-3.429547498854518262e-13
-3.439086580618588851e-13
-3.445982648536682902e-13
-3.449993112372706783e-13
-3.450827948045520621e-13
-3.448155931791430096e-13
-3.441608976972876377e-13
-3.430780236724634280e-13
-3.415232235470105904e-13
-3.394503374134355544e-13
-3.368107116992480332e-13
-3.335543375792421328e-13
-3.296302575513110344e-13
-3.249872972729134224e-13
-3.195744721368881658e-13
-3.133423425241699256e-13
-3.062431222240064033e-13
-2.982317626361308260e-13
-2.892665219769025020e-13
-2.793099410612620570e-13
-2.683292498785461166e-13
-2.562973433744425433e-13
-2.431932151318594304e-13
-2.290026078922285935e-13
-2.137186234192275935e-13
-1.973419935493228583e-13
-1.798817578181274857e-13
-1.613552499078740876e-13
-1.417885313282837845e-13
-1.212162152337131760e-13
-9.968165615853452621e-14
-7.723680093933704693e-14
-5.394189394746125299e-14
-2.986499936241671094e-14
-5.081854211665690416e-15
2.032497061551109124e-14
4.626660315173829197e-14
7.264852510801417251e-14
9.937141848314137715e-14
1.263319554219502483e-13
1.534236469423119753e-13
1.805375781597368112e-13
2.075635399233916045e-13
2.343906590086125563e-13
2.609082925836975209e-13
2.870070175443883986e-13
3.125791726149573790e-13
3.375197528149992410e-13
3.617272497161150291e-13
3.851038682823465509e-13
4.075566381774031743e-13
4.289978203404765100e-13
4.493451780367835324e-13
4.685228442193045684e-13
4.864615112641634820e-13
5.030991899121484145e-13
5.183807484827884782e-13
5.322590241815805534e-13
5.446948773100979135e-13
5.556570286356643518e-13
5.651224930722231754e-13
5.730768507308803272e-13
5.795135963986008942e-13
5.844349526898384717e-13
5.878508400544713020e-13
5.897790936182367716e-13
5.902450295018624171e-13
5.892809027199796823e-13
5.869254735002549239e-13
5.832234109721945448e-13
5.782247510660587508e-13
5.719837581005804417e-13
5.645584911020962160e-13
5.560097738124825106e-13
5.464004357476348606e-13
5.357943364155126620e-13
5.242557147948356810e-13
5.118478882924770712e-13
4.986330359030288761e-13
4.846707345358691743e-13
4.700179590151620790e-13
4.547275641968162585e-13
4.388483662836478727e-13
4.224245194091313937e-13
4.054944856453357449e-13
3.880915228939019190e-13
3.702427904192506780e-13
3.519692133233109921e-13
3.332857264910088491e-13
3.142008138043439480e-13
2.947169689283130056e-13
2.748306682058554440e-13
2.545326146033421999e-13
2.338081984964990312e-13
2.126378364835854184e-13
1.909976219066980563e-13
1.688599618205471886e-13
1.461940784359613832e-13
1.229668493765712078e-13
9.914358694912070447e-14
7.468906135926767220e-14
4.956815800915073678e-14
2.374690410132142271e-14
-2.806801007097076660e-15
-3.012202303993155583e-14
-5.822426552394913135e-14
-8.713442836184859264e-14
-1.168682121563402454e-13
-1.474355576860930661e-13
-1.788398395303689159e-13
-2.110775475846343729e-13
-2.441380702201262354e-13
-2.780032063928739028e-13
-3.126472876164437809e-13
-3.480370830942491889e-13
-3.841319081397676083e-13
-4.208838952270838041e-13
-4.582382108313243219e-13
-4.961335704246894185e-13
-5.345026179472134320e-13
-5.732726034331225851e-13
-6.123658437967582913e-13
-6.517007528246410164e-13
-6.911920038057961513e-13
-7.307513968934920001e-13
-7.702888348871950175e-13
-8.097131905943077967e-13
-8.489324694604949428e-13
-8.878551648223986792e-13
-9.263908000087250905e-13
-9.644504162312217410e-13
-1.001947548366632912e-12
-1.038799146528546213e-12
-1.074925413437066712e-12
-1.110250997041206666e-12
-1.144705857880623512e-12
-1.178225052245185367e-12
-1.210749057435622777e-12
-1.242224422284832208e-12
-1.272604417679179534e-12
-1.301848060776544802e-12
-1.329921416048929217e-12
-1.356796944761151646e-12
-1.382452746029327884e-12
-1.406873641023043131e-12
-1.430049329821658777e-12
-1.451974716674964139e-12
-1.472650452104262708e-12
-1.492079029774551202e-12
-1.510267713840385273e-12
-1.527224744238275811e-12
-1.542960529309078677e-12
-1.557485694234084228e-12
-1.570810647354148326e-12
-1.582943628605781861e-12
-1.593890601100933502e-12
-1.603654275345034463e-12
-1.612232916614608769e-12
-1.619619260755100765e-12
-1.625799755239354383e-12
-1.630753691805875150e-12
-1.634453314879047436e-12
-1.636861653164789487e-12
-1.637934254374029397e-12
-1.637616257876839398e-12
-1.635844237846129090e-12
-1.632545010635255700e-12
-1.627635743198241336e-12
-1.621025254132379967e-12
-1.612612278954761447e-12
-1.602287963767268231e-12
-1.589935648416140879e-12
-1.575431300172847049e-12
-1.558645248457557475e-12
-1.539442726940232209e-12
-1.517684307221489615e-12
-1.493229585119992819e-12
-1.465935662789408234e-12
-1.435660076064271262e-12
-1.402262312343027784e-12
-1.365606195832813619e-12
-1.325559020187716541e-12
-1.281995776897248973e-12
-1.234799697387434225e-12
-1.183863879324065227e-12
-1.129093346596832248e-12
-1.070406241941712633e-12
-1.007735127983577783e-12
-9.410292640607553771e-13
-8.702551483261156129e-13
-7.953976561593523176e-13
-7.164623712016537915e-13
-6.334751516748338140e-13
-5.464834314239386259e-13
-4.555571956992021665e-13
-3.607887914206658886e-13
-2.622941740106771169e-13
-1.602121484523683081e-13
-5.470490800261150477e-14
5.404213860270290493e-14
1.658209160260160075e-13
2.804016784388463357e-13
3.975327554119056916e-13
5.169420664100088381e-13
6.383385031498434170e-13
7.614122548606216956e-13
8.858367598479910399e-13
1.011270277587184019e-12
1.137357135555516763e-12
1.263728921854778697e-12
1.390008334128944867e-12
1.515808962723741438e-12
1.640737675931425166e-12
1.764398631538821594e-12
1.886391867364500818e-12
2.006318288588770926e-12
2.123781619317588465e-12
2.238388294162341197e-12
2.349752337149624282e-12
2.457495144880805782e-12
2.561250257021585597e-12
2.660661838418953984e-12
2.755389883271619489e-12
2.845109781449139952e-12
2.929515787938874460e-12
3.008319504962941870e-12
3.081256820872124713e-12
3.148083139656310259e-12
3.208580102997959926e-12
3.262553638708198811e-12
3.309833743886381185e-12
3.350277737526607957e-12
3.383771561560333652e-12
3.410227178771152445e-12
3.429585174880012133e-12
3.441812156460000161e-12
3.446904654064164575e-12
3.444886086459431063e-12
3.435808278509644431e-12
3.419746690686009671e-12
3.396804972716216398e-12
3.367112578339659379e-12
3.330820428498748598e-12
3.288103730264557711e-12
3.239158073709003105e-12
3.184201817149623359e-12
3.123468497734371851e-12
3.057210951409872202e-12
2.985697192953162826e-12
2.909208681248220962e-12
2.828038367722052193e-12
2.742490262663821454e-12
2.652876616299204571e-12
2.559514883024305298e-12
2.462729022448262306e-12
2.362845813105862725e-12
2.260192250372328182e-12
2.155095329622880307e-12
2.047880311509264750e-12
1.938868553555406216e-12
1.828375992274366979e-12
1.716712817907695143e-12
1.604181414441296916e-12
1.491074191201091637e-12
1.377674016533880774e-12
1.264253242025392687e-12
1.151072726718327388e-12
1.038379451867577075e-12
9.264082556637021071e-13
8.153803695599981527e-13
7.055033098522789370e-13
5.969700645272468797e-13
4.899602316747742048e-13
3.846384473947528360e-13
2.811554428942125705e-13
1.796484781681900733e-13
8.024119292193016006e-14
-1.695612407263697580e-14
-1.118455846059289438e-13
-2.043415892223621189e-13
-2.943699429179547078e-13
-3.818676061126402566e-13
-4.667818865808359696e-13
-5.490699041266200453e-13
-6.286975063815591902e-13
-7.056383472328620066e-13
-7.798746999750083564e-13
-8.513953431155130147e-13
-9.201950182738394268e-13
-9.862747554420514540e-13
-1.049640192471446021e-12
-1.110301520862444491e-12
-1.168273811025244413e-12
-1.223575060715909046e-12
-1.276226628717236355e-12
-1.326252692737672767e-12
-1.373680249411313170e-12
-1.418537704835076685e-12
-1.460857151393268882e-12
-1.500671006730847079e-12
-1.538014615838634302e-12
-1.572924407909626066e-12
-1.605438330019859361e-12
-1.635595630287978164e-12
-1.663437833657188669e-12
-1.689007874533521303e-12
-1.712349663104961728e-12
-1.733508410602102590e-12
-1.752531713500316002e-12
-1.769467710376060321e-12
-1.784367250311225117e-12
-1.797281073967482712e-12
-1.808262198831067646e-12
-1.817364943430821445e-12
-1.824644602077540867e-12
-1.830157119603326166e-12
-1.833960067143536321e-12
-1.836111774775051053e-12
-1.836671006255619076e-12
-1.835695874821685614e-12
-1.833246662114040859e-12
-1.829381481369130036e-12
-1.824158879504267361e-12
-1.817637295016549803e-12
-1.809872781158294863e-12
-1.800920957500951047e-12
-1.790835600472273637e-12
-1.779668643356324687e-12
-1.767469417351952288e-12
-1.754285410514311305e-12
-1.740159882510083911e-12
-1.725134683543128045e-12
-1.709246893327742711e-12
-1.692531423173881944e-12
-1.675018305481723591e-12
-1.656733886364059050e-12
-1.637701150906945013e-12
-1.617938855807965481e-12
-1.597460445174059274e-12
-1.576277086287602991e-12
-1.554394633840328055e-12
-1.531815689917448431e-12
-1.508538519795488142e-12
-1.484558569825322749e-12
-1.459866515868268877e-12
-1.434450865381298179e-12
-1.408297306895733847e-12
-1.381388601597033361e-12
-1.353706534888698965e-12
-1.325229314307063699e-12
-1.295935255808677855e-12
-1.265801482727701988e-12
-1.234805118398296653e-12
-1.202922852473753412e-12
-1.170132784070188059e-12
-1.136413771245237125e-12
-1.101746840460882115e-12
-1.066115186583449503e-12
-1.029504823404914227e-12
-9.919053425844204241e-13
-9.533100220684986859e-13
-9.137168018730212893e-13
-8.731282298730935754e-13
-8.315519496940315669e-13
-7.890015680730999570e-13
-7.454967090696207332e-13
-7.010629056447559293e-13
-6.557329549142232317e-13
-6.095452918450372515e-13
-5.625463745002889926e-13
-5.147890577358871234e-13
-4.663331353016442193e-13
-4.172456108918198847e-13
-3.675998849934913881e-13
-3.174766222482916511e-13
-2.669626130401281383e-13
-2.161506921800199210e-13
-1.651393865403916195e-13
-1.140328743974919345e-13
-6.293986057163969416e-14
-1.197352221711522891e-14
3.874962281385715968e-14
8.910973629989993317e-14
1.389848251678177382e-13
1.882513784613737418e-13
2.367850381913838564e-13
2.844618800495329891e-13
3.311587386690267865e-13
3.767542105116011841e-13
4.211297380696948922e-13
4.641705314382960079e-13
5.057662188362455069e-13
5.458120934387356016e-13
5.842096012682873596e-13
6.208679403929551199e-13
6.557042777667609901e-13
6.886451044824104528e-13
7.196266152420527362e-13
7.485960636099964205e-13
7.755118162228180623e-13
8.003450875128381714e-13
8.230796144474694653e-13
8.437131744122583488e-13
8.622577478412107865e-13
8.787402771583130434e-13
8.932016909955764472e-13
9.056999399591203481e-13
9.163079366450443963e-13
9.251149108921441488e-13
9.322265182021283181e-13
9.377641892183152805e-13
9.418647502548727068e-13
9.446819411798590416e-13
9.463837049097922893e-13
9.471532716118225004e-13
9.471876408206902909e-13
9.466975814387268429e-13
9.459063306932469217e-13
9.450469920513349109e-13
9.443638362624517946e-13
9.441083982306142097e-13
9.445398022750461919e-13
9.459214011034444702e-13
9.485192579289369874e-13
9.526001949061724261e-13
9.584287573652372494e-13
9.662658043488314696e-13
9.763640633833614579e-13
9.889675883778537013e-13
1.004306663873744121e-12
1.022595961901184847e-12
1.044031831473613003e-12
1.068786985997105532e-12
1.097009419068206704e-12
1.128818501346107173e-12
1.164301944786561016e-12
1.203511791093847538e-12
1.246462893837729791e-12
1.293128147963895636e-12
1.343437514012002509e-12
1.397275199190028960e-12
1.454476513187974440e-12
1.514826567135252322e-12
1.578059839919820906e-12
1.643856600321014216e-12
1.711844750153235228e-12
1.781598414803131636e-12
1.852636967447640615e-12
1.924429149022244268e-12
1.996391333497493648e-12
2.067891431006829706e-12
2.138250080468973024e-12
2.206745853758351750e-12
2.272615906226405080e-12
2.335063999797659662e-12
2.393262454533640060e-12
2.446360388569379651e-12
2.493487838081676067e-12
2.533765298268209065e-12
2.566305891751885504e-12
2.590229680049516148e-12
2.604666482497464131e-12
2.608766718273369811e-12
2.601708778970923674e-12
2.582709003259853198e-12
2.551031434705475220e-12
2.505993459619992869e-12
2.446977950126827395e-12
2.373441504097129062e-12
2.284920733522377567e-12
2.181042456014803399e-12
2.061529549499119263e-12
1.926211143712941443e-12
1.775024680190917525e-12
1.608025236403409775e-12
1.425387911001274599e-12
1.227412811145855986e-12
1.014527546173982220e-12
7.872895044225280969e-13
5.463860700688494276e-13
2.926339183993709181e-13
2.697802986323556695e-14
-2.495118098678333896e-13
-5.356443912550579167e-13
-8.301134302515777996e-13
-1.131503853286919270e-12
-1.438299024152100980e-12
-1.748891613126413169e-12
-2.061589831139909457e-12
-2.374633909646428620e-12
-2.686204557400539983e-12
-2.994436079303830489e-12
-3.297432856277926483e-12
-3.593279753605349569e-12
-3.880060769206883364e-12
-4.155871393546339831e-12
-4.418835956865319048e-12
-4.667121723811451517e-12
-4.898957108034895924e-12
-5.112643381571801982e-12
-5.306571588398201200e-12
-5.479238590622159677e-12
-5.629254874739419989e-12
-5.755365801995981911e-12
-5.856456378877661351e-12
-5.931562099131815202e-12
-5.979888025725577094e-12
-6.000803152994560463e-12
-5.993861223324570275e-12
-5.958795522981175097e-12
-5.895527122046217983e-12
-5.804167042822161449e-12
-5.685018861917301436e-12
-5.538575674479684352e-12
-5.365515323707548134e-12
-5.166701701891929233e-12
-4.943177811522758702e-12
-4.696152321181923384e-12
-4.427003034990217856e-12
-4.137255642244763720e-12
-3.828576778525105695e-12
-3.502761882628879775e-12
-3.161721318784005419e-12
-2.807466282020443238e-12
-2.442092968818476706e-12
-2.067764145671779907e-12
-1.686696789182651202e-12
-1.301140402018563513e-12
-9.133640024860945061e-13
-5.256362836311700981e-13
-1.402090384983525895e-13
2.406999567109574523e-13
6.149236393519774690e-13
9.803618420539672584e-13
1.334995915897030372e-12
1.676903082538372391e-12
2.004271748567987288e-12
2.315410667017014923e-12
2.608762598305114366e-12
2.882912658597192035e-12
3.136600354447516281e-12
3.368718715437979405e-12
3.578329906689381446e-12
3.764660458371871243e-12
3.927109939322326326e-12
4.065249005480442435e-12
4.178820917771775001e-12
4.267737205299049208e-12
4.332076364299553006e-12
4.372079955017316166e-12
4.388146530170944359e-12
4.380821660293632291e-12
4.350797500052294708e-12
4.298893706289330652e-12
4.226058305384361446e-12
4.133349044976863951e-12
4.021925154029659666e-12
3.893040837615879823e-12
3.748024893918122658e-12
3.588271823770639024e-12
3.415234674924993996e-12
3.230405743251396622e-12
3.035307682280885544e-12
2.831480059098390178e-12
2.620469162842309352e-12
2.403815427959310469e-12
2.183043893225211640e-12
1.959653142882822330e-12
1.735105006721304743e-12
1.510817512762052672e-12
1.288154262077401135e-12
1.068419333040415697e-12
8.528493124389247004e-13
6.426073323635705936e-13
4.387788147142829276e-13
2.423665651854478575e-13
5.428870650551684274e-14
-1.246251637044420990e-13
-2.936349622652267843e-13
-4.520917331902324365e-13
-5.994377086718238878e-13
-7.352057873090400708e-13
-8.590188564812362149e-13
-9.705884099903139273e-13
-1.069712135710887413e-12
-1.156272126656698873e-12
-1.230230977852797558e-12
-1.291629672141303420e-12
-1.340582918112065425e-12
-1.377275789075926848e-12
-1.401960470458207819e-12
-1.414949971426104902e-12
-1.416616173324780625e-12
-1.407383216044111318e-12
-1.387723811731300660e-12
-1.358154474301320747e-12
-1.319231074208004895e-12
-1.271543851114054213e-12
-1.215712968662130411e-12
-1.152383960825731357e-12
-1.082223720361152886e-12
-1.005915619897712610e-12
-9.241557172301462231e-13
-8.376487437705693040e-13
-7.471043098408736149e-13
-6.532326762842544099e-13
-5.567424776406482145e-13
-4.583365479683687571e-13
-3.587087495527524483e-13
-2.585413708209444161e-13
-1.585025378092116966e-13
-5.924309708169733790e-14
3.860552218073846908e-14
1.344338187861740530e-13
2.276561372142188455e-13
3.177128427966219304e-13
4.040721750253606359e-13
4.862320940844655492e-13
5.637222459664581464e-13
6.361049924644146536e-13
