7.029771730004963359e-13
7.639711346180133589e-13
8.187566835453352621e-13
8.670415730868685777e-13
9.085727504555551892e-13
0.000000000000000000e+00
0.000000000000000000e+00
0.000000000000000000e+00
0.000000000000000000e+00
0.000000000000000000e+00
0.000000000000000000e+00
0.000000000000000000e+00
0.000000000000000000e+00
0.000000000000000000e+00
0.000000000000000000e+00
0.000000000000000000e+00
0.000000000000000000e+00
0.000000000000000000e+00
0.000000000000000000e+00
0.000000000000000000e+00
0.000000000000000000e+00
0.000000000000000000e+00
0.000000000000000000e+00
0.000000000000000000e+00
0.000000000000000000e+00
0.000000000000000000e+00
0.000000000000000000e+00
0.000000000000000000e+00
0.000000000000000000e+00
0.000000000000000000e+00
0.000000000000000000e+00
0.000000000000000000e+00
0.000000000000000000e+00
0.000000000000000000e+00
0.000000000000000000e+00
0.000000000000000000e+00
0.000000000000000000e+00
0.000000000000000000e+00
0.000000000000000000e+00
0.000000000000000000e+00
0.000000000000000000e+00
0.000000000000000000e+00
0.000000000000000000e+00
0.000000000000000000e+00
0.000000000000000000e+00
0.000000000000000000e+00
0.000000000000000000e+00
0.000000000000000000e+00
0.000000000000000000e+00
0.000000000000000000e+00
0.000000000000000000e+00
0.000000000000000000e+00
0.000000000000000000e+00
0.000000000000000000e+00
0.000000000000000000e+00
0.000000000000000000e+00
0.000000000000000000e+00
0.000000000000000000e+00
0.000000000000000000e+00
0.000000000000000000e+00
0.000000000000000000e+00
0.000000000000000000e+00
0.000000000000000000e+00
0.000000000000000000e+00
0.000000000000000000e+00
0.000000000000000000e+00
0.000000000000000000e+00
0.000000000000000000e+00
0.000000000000000000e+00
0.000000000000000000e+00
0.000000000000000000e+00
0.000000000000000000e+00
0.000000000000000000e+00
0.000000000000000000e+00
0.000000000000000000e+00
0.000000000000000000e+00
0.000000000000000000e+00
0.000000000000000000e+00
0.000000000000000000e+00
0.000000000000000000e+00
0.000000000000000000e+00
0.000000000000000000e+00
0.000000000000000000e+00
0.000000000000000000e+00
0.000000000000000000e+00
0.000000000000000000e+00
0.000000000000000000e+00
0.000000000000000000e+00
0.000000000000000000e+00
0.000000000000000000e+00
0.000000000000000000e+00
0.000000000000000000e+00
0.000000000000000000e+00
0.000000000000000000e+00
0.000000000000000000e+00
0.000000000000000000e+00
0.000000000000000000e+00
0.000000000000000000e+00
0.000000000000000000e+00
0.000000000000000000e+00
0.000000000000000000e+00
0.000000000000000000e+00
0.000000000000000000e+00
0.000000000000000000e+00
0.000000000000000000e+00
0.000000000000000000e+00
0.000000000000000000e+00
0.000000000000000000e+00
0.000000000000000000e+00
0.000000000000000000e+00
0.000000000000000000e+00
0.000000000000000000e+00
0.000000000000000000e+00
0.000000000000000000e+00
0.000000000000000000e+00
0.000000000000000000e+00
0.000000000000000000e+00
0.000000000000000000e+00
0.000000000000000000e+00
0.000000000000000000e+00
0.000000000000000000e+00
0.000000000000000000e+00
0.000000000000000000e+00
0.000000000000000000e+00
0.000000000000000000e+00
0.000000000000000000e+00
0.000000000000000000e+00
0.000000000000000000e+00
0.000000000000000000e+00
0.000000000000000000e+00
0.000000000000000000e+00
0.000000000000000000e+00
0.000000000000000000e+00
0.000000000000000000e+00
0.000000000000000000e+00
0.000000000000000000e+00
0.000000000000000000e+00
0.000000000000000000e+00
0.000000000000000000e+00
0.000000000000000000e+00
0.000000000000000000e+00
0.000000000000000000e+00
0.000000000000000000e+00
0.000000000000000000e+00
0.000000000000000000e+00
0.000000000000000000e+00
0.000000000000000000e+00
0.000000000000000000e+00
0.000000000000000000e+00
0.000000000000000000e+00
0.000000000000000000e+00
0.000000000000000000e+00
0.000000000000000000e+00
0.000000000000000000e+00
0.000000000000000000e+00
0.000000000000000000e+00
0.000000000000000000e+00
0.000000000000000000e+00
0.000000000000000000e+00
0.000000000000000000e+00
0.000000000000000000e+00
0.000000000000000000e+00
0.000000000000000000e+00
0.000000000000000000e+00
0.000000000000000000e+00
0.000000000000000000e+00
0.000000000000000000e+00
0.000000000000000000e+00
0.000000000000000000e+00
0.000000000000000000e+00
0.000000000000000000e+00
0.000000000000000000e+00
0.000000000000000000e+00
0.000000000000000000e+00
0.000000000000000000e+00
0.000000000000000000e+00
0.000000000000000000e+00
0.000000000000000000e+00
0.000000000000000000e+00
0.000000000000000000e+00
0.000000000000000000e+00
0.000000000000000000e+00
0.000000000000000000e+00
0.000000000000000000e+00
0.000000000000000000e+00
0.000000000000000000e+00
0.000000000000000000e+00
0.000000000000000000e+00
0.000000000000000000e+00
0.000000000000000000e+00
0.000000000000000000e+00
0.000000000000000000e+00
0.000000000000000000e+00
0.000000000000000000e+00
0.000000000000000000e+00
0.000000000000000000e+00
0.000000000000000000e+00
0.000000000000000000e+00
0.000000000000000000e+00
0.000000000000000000e+00
0.000000000000000000e+00
0.000000000000000000e+00
0.000000000000000000e+00
0.000000000000000000e+00
0.000000000000000000e+00
0.000000000000000000e+00
0.000000000000000000e+00
0.000000000000000000e+00
0.000000000000000000e+00
0.000000000000000000e+00
0.000000000000000000e+00
0.000000000000000000e+00
0.000000000000000000e+00
0.000000000000000000e+00
0.000000000000000000e+00
0.000000000000000000e+00
0.000000000000000000e+00
0.000000000000000000e+00
0.000000000000000000e+00
0.000000000000000000e+00
0.000000000000000000e+00
0.000000000000000000e+00
0.000000000000000000e+00
0.000000000000000000e+00
0.000000000000000000e+00
0.000000000000000000e+00
0.000000000000000000e+00
0.000000000000000000e+00
0.000000000000000000e+00
0.000000000000000000e+00
0.000000000000000000e+00
0.000000000000000000e+00
0.000000000000000000e+00
0.000000000000000000e+00
0.000000000000000000e+00
0.000000000000000000e+00
0.000000000000000000e+00
0.000000000000000000e+00
0.000000000000000000e+00
0.000000000000000000e+00
0.000000000000000000e+00
0.000000000000000000e+00
0.000000000000000000e+00
0.000000000000000000e+00
0.000000000000000000e+00
0.000000000000000000e+00
0.000000000000000000e+00
0.000000000000000000e+00
0.000000000000000000e+00
0.000000000000000000e+00
0.000000000000000000e+00
0.000000000000000000e+00
0.000000000000000000e+00
0.000000000000000000e+00
0.000000000000000000e+00
0.000000000000000000e+00
0.000000000000000000e+00
0.000000000000000000e+00
0.000000000000000000e+00
0.000000000000000000e+00
0.000000000000000000e+00
0.000000000000000000e+00
0.000000000000000000e+00
0.000000000000000000e+00
0.000000000000000000e+00
0.000000000000000000e+00
0.000000000000000000e+00
0.000000000000000000e+00
0.000000000000000000e+00
0.000000000000000000e+00
0.000000000000000000e+00
0.000000000000000000e+00
0.000000000000000000e+00
0.000000000000000000e+00
0.000000000000000000e+00
0.000000000000000000e+00
0.000000000000000000e+00
0.000000000000000000e+00
0.000000000000000000e+00
0.000000000000000000e+00
0.000000000000000000e+00
0.000000000000000000e+00
0.000000000000000000e+00
0.000000000000000000e+00
0.000000000000000000e+00
0.000000000000000000e+00
0.000000000000000000e+00
0.000000000000000000e+00
0.000000000000000000e+00
0.000000000000000000e+00
0.000000000000000000e+00
0.000000000000000000e+00
0.000000000000000000e+00
0.000000000000000000e+00
0.000000000000000000e+00
0.000000000000000000e+00
0.000000000000000000e+00
0.000000000000000000e+00
0.000000000000000000e+00
0.000000000000000000e+00
0.000000000000000000e+00
0.000000000000000000e+00
0.000000000000000000e+00
0.000000000000000000e+00
0.000000000000000000e+00
0.000000000000000000e+00
0.000000000000000000e+00
0.000000000000000000e+00
0.000000000000000000e+00
0.000000000000000000e+00
0.000000000000000000e+00
0.000000000000000000e+00
0.000000000000000000e+00
0.000000000000000000e+00
0.000000000000000000e+00
0.000000000000000000e+00
0.000000000000000000e+00
0.000000000000000000e+00
0.000000000000000000e+00
0.000000000000000000e+00
0.000000000000000000e+00
0.000000000000000000e+00
0.000000000000000000e+00
0.000000000000000000e+00
0.000000000000000000e+00
0.000000000000000000e+00
0.000000000000000000e+00
0.000000000000000000e+00
0.000000000000000000e+00
0.000000000000000000e+00
0.000000000000000000e+00
0.000000000000000000e+00
0.000000000000000000e+00
0.000000000000000000e+00
0.000000000000000000e+00
0.000000000000000000e+00
0.000000000000000000e+00
0.000000000000000000e+00
0.000000000000000000e+00
0.000000000000000000e+00
0.000000000000000000e+00
0.000000000000000000e+00
0.000000000000000000e+00
0.000000000000000000e+00
0.000000000000000000e+00
0.000000000000000000e+00
0.000000000000000000e+00
0.000000000000000000e+00
0.000000000000000000e+00
0.000000000000000000e+00
0.000000000000000000e+00
0.000000000000000000e+00
0.000000000000000000e+00
0.000000000000000000e+00
0.000000000000000000e+00
0.000000000000000000e+00
0.000000000000000000e+00
0.000000000000000000e+00
0.000000000000000000e+00
0.000000000000000000e+00
0.000000000000000000e+00
0.000000000000000000e+00
0.000000000000000000e+00
0.000000000000000000e+00
0.000000000000000000e+00
0.000000000000000000e+00
0.000000000000000000e+00
0.000000000000000000e+00
0.000000000000000000e+00
0.000000000000000000e+00
0.000000000000000000e+00
0.000000000000000000e+00
0.000000000000000000e+00
0.000000000000000000e+00
0.000000000000000000e+00
0.000000000000000000e+00
0.000000000000000000e+00
0.000000000000000000e+00
0.000000000000000000e+00
0.000000000000000000e+00
0.000000000000000000e+00
0.000000000000000000e+00
0.000000000000000000e+00
0.000000000000000000e+00
0.000000000000000000e+00
0.000000000000000000e+00
0.000000000000000000e+00
0.000000000000000000e+00
0.000000000000000000e+00
0.000000000000000000e+00
0.000000000000000000e+00
0.000000000000000000e+00
0.000000000000000000e+00
0.000000000000000000e+00
0.000000000000000000e+00
0.000000000000000000e+00
0.000000000000000000e+00
0.000000000000000000e+00
0.000000000000000000e+00
0.000000000000000000e+00
0.000000000000000000e+00
0.000000000000000000e+00
0.000000000000000000e+00
0.000000000000000000e+00
0.000000000000000000e+00
0.000000000000000000e+00
0.000000000000000000e+00
0.000000000000000000e+00
0.000000000000000000e+00
0.000000000000000000e+00
0.000000000000000000e+00
0.000000000000000000e+00
0.000000000000000000e+00
0.000000000000000000e+00
0.000000000000000000e+00
0.000000000000000000e+00
0.000000000000000000e+00
0.000000000000000000e+00
0.000000000000000000e+00
0.000000000000000000e+00
0.000000000000000000e+00
0.000000000000000000e+00
0.000000000000000000e+00
0.000000000000000000e+00
0.000000000000000000e+00
0.000000000000000000e+00
0.000000000000000000e+00
0.000000000000000000e+00
0.000000000000000000e+00
0.000000000000000000e+00
0.000000000000000000e+00
0.000000000000000000e+00
0.000000000000000000e+00
0.000000000000000000e+00
0.000000000000000000e+00
0.000000000000000000e+00
0.000000000000000000e+00
0.000000000000000000e+00
0.000000000000000000e+00
0.000000000000000000e+00
0.000000000000000000e+00
0.000000000000000000e+00
0.000000000000000000e+00
0.000000000000000000e+00
0.000000000000000000e+00
0.000000000000000000e+00
0.000000000000000000e+00
0.000000000000000000e+00
0.000000000000000000e+00
0.000000000000000000e+00
0.000000000000000000e+00
0.000000000000000000e+00
0.000000000000000000e+00
0.000000000000000000e+00
0.000000000000000000e+00
0.000000000000000000e+00
0.000000000000000000e+00
0.000000000000000000e+00
0.000000000000000000e+00
0.000000000000000000e+00
0.000000000000000000e+00
0.000000000000000000e+00
0.000000000000000000e+00
0.000000000000000000e+00
0.000000000000000000e+00
0.000000000000000000e+00
0.000000000000000000e+00
0.000000000000000000e+00
0.000000000000000000e+00
0.000000000000000000e+00
0.000000000000000000e+00
0.000000000000000000e+00
0.000000000000000000e+00
0.000000000000000000e+00
0.000000000000000000e+00
0.000000000000000000e+00
0.000000000000000000e+00
0.000000000000000000e+00
0.000000000000000000e+00
0.000000000000000000e+00
0.000000000000000000e+00
0.000000000000000000e+00
0.000000000000000000e+00
0.000000000000000000e+00
0.000000000000000000e+00
0.000000000000000000e+00
0.000000000000000000e+00
0.000000000000000000e+00
0.000000000000000000e+00
0.000000000000000000e+00
0.000000000000000000e+00
0.000000000000000000e+00
0.000000000000000000e+00
0.000000000000000000e+00
0.000000000000000000e+00
0.000000000000000000e+00
0.000000000000000000e+00
0.000000000000000000e+00
0.000000000000000000e+00
0.000000000000000000e+00
0.000000000000000000e+00
0.000000000000000000e+00
0.000000000000000000e+00
0.000000000000000000e+00
0.000000000000000000e+00
0.000000000000000000e+00
0.000000000000000000e+00
0.000000000000000000e+00
0.000000000000000000e+00
0.000000000000000000e+00
0.000000000000000000e+00
0.000000000000000000e+00
0.000000000000000000e+00
0.000000000000000000e+00
0.000000000000000000e+00
0.000000000000000000e+00
0.000000000000000000e+00
0.000000000000000000e+00
0.000000000000000000e+00
0.000000000000000000e+00
0.000000000000000000e+00
0.000000000000000000e+00
0.000000000000000000e+00
0.000000000000000000e+00
0.000000000000000000e+00
0.000000000000000000e+00
0.000000000000000000e+00
0.000000000000000000e+00
0.000000000000000000e+00
0.000000000000000000e+00
0.000000000000000000e+00
0.000000000000000000e+00
0.000000000000000000e+00
0.000000000000000000e+00
0.000000000000000000e+00
0.000000000000000000e+00
0.000000000000000000e+00
0.000000000000000000e+00
0.000000000000000000e+00
0.000000000000000000e+00
0.000000000000000000e+00
0.000000000000000000e+00
0.000000000000000000e+00
0.000000000000000000e+00
0.000000000000000000e+00
0.000000000000000000e+00
-0.000000000000000000e+00
0.000000000000000000e+00
0.000000000000000000e+00
0.000000000000000000e+00
-0.000000000000000000e+00
-0.000000000000000000e+00
0.000000000000000000e+00
0.000000000000000000e+00
0.000000000000000000e+00
0.000000000000000000e+00
-0.000000000000000000e+00
-0.000000000000000000e+00
-1.401298464324817071e-45
0.000000000000000000e+00
9.809089250273719496e-45
1.821688003622262192e-44
3.923635700109487799e-44
9.528829557408756082e-44
-2.340168435422444508e-43
-1.107025786816605486e-43
9.809089250273719496e-44
4.330012254763684749e-43
1.277984199464233169e-42
3.232795557197352983e-42
3.318274763521166824e-42
1.429324433611313412e-43
-7.763193492359486573e-42
-2.135859119323886180e-41
-4.110428785403985914e-41
-5.418120512311905205e-41
-5.324233515202142461e-41
-3.410620332320172269e-41
1.469401569691003181e-41
8.772548776212652309e-41
1.706865607455486681e-40
2.234048102719126112e-40
2.074426194647886199e-40
6.954223888904769678e-41
-2.028267423233026725e-40
-5.771247725321759107e-40
-9.539185153060116480e-40
-1.150154950951594706e-39
-9.429561574195986041e-40
-1.384665051553281492e-40
1.309188313667818195e-39
3.193292953488036389e-39
4.925160528144006457e-39
5.605546984512278138e-39
4.161566370262591464e-39
-2.508492406957141535e-40
-7.700698383447528381e-39
-1.691611492762386020e-38
-2.494256335598372853e-38
-2.728279064594167468e-38
-1.887931866185982135e-38
3.992178813193471901e-39
4.115254016536041989e-38
8.589121049310076674e-38
1.235145608578806343e-37
1.323734015935264088e-37
8.867620711303848118e-38
-2.450862045793933378e-38
-2.052036584096535710e-37
-4.206028953964293606e-37
-6.005645497838545616e-37
-6.428461413452938444e-37
-4.356186267999729412e-37
1.009621082145878867e-37
9.593272246978371478e-37
1.989663018208179196e-36
2.869157753715596643e-36
3.123993901539681479e-36
2.229091071058709502e-36
-2.056733288133443913e-37
-4.184282057361396480e-36
-9.070670876654302739e-36
-1.343490602366691047e-35
-1.512683298234477915e-35
-1.169216246716186834e-35
-1.179584258992979921e-36
1.674041995801099892e-35
3.959989642221405101e-35
6.133819636171301245e-35
7.244558482765185200e-35
6.157743930864159931e-35
1.891770038374310609e-35
-5.894945753142899318e-35
-1.636430940541149887e-34
-2.708592679852686869e-34
-3.399159335939798373e-34
-3.194120060377774555e-34
-1.605638843062486027e-34
1.622262330605154608e-34
6.270701246755378529e-34
1.143606403326844378e-33
1.545359056533712373e-33
1.606445824526100335e-33
1.091029112408455881e-33
-1.634184529510755225e-34
-2.139997751247544103e-33
-4.539459799158199304e-33
-6.720760381131807639e-33
-7.733101993531715752e-33
-6.481958703762259932e-33
-2.047353551710385621e-33
5.872464515518919227e-33
1.648017072040335143e-32
2.751454353841185691e-32
3.520187692471033763e-32
3.472587224228836053e-32
2.134899338374440137e-32
-7.838036904861682830e-33
-5.179862288925267384e-32
-1.036045338434804459e-31
-1.494488723002671998e-31
-1.695157716279849945e-31
-1.414643269223068119e-31
-4.680046499059446319e-32
1.204371427495152741e-31
3.443754581242431903e-31
5.802514240941422897e-31
7.532930792724752273e-31
7.672581402393401345e-31
5.251326350434073271e-31
-3.824434723949024622e-32
-9.160119662398531321e-31
-1.990912212496172564e-30
-3.012561436185665583e-30
-3.606603618944332851e-30
-3.330240571246802032e-30
-1.781218878558070867e-30
1.246426407097798244e-30
5.585500398384140321e-30
1.054399399083063380e-29
1.484169312003582914e-29
1.670333913399806478e-29
1.416258614752058493e-29
5.592303971607603590e-30
-9.587327411408269757e-30
-3.015378861045716442e-29
-5.249493406794813481e-29
-7.046416137563485583e-29
-7.595783441228191263e-29
-6.041461077757364947e-29
-1.725359387006995764e-29
5.501428515791861150e-29
1.496128705012464646e-28
2.492111459060792771e-28
3.256787499005161863e-28
3.430191971925469320e-28
2.642305587256317456e-28
6.203248220882507073e-29
-2.677906643019558559e-28
-6.930998165261896643e-28
-1.136166452097786970e-27
-1.473302318496219774e-27
-1.547948570542249674e-27
-1.200155667093047320e-27
-3.120430936718816419e-28
1.136053111120559781e-27
3.009757035426863643e-27
4.981491756867450004e-27
6.527565916091324800e-27
6.980298119978321107e-27
5.647390894417080981e-27
1.997660627386955136e-27
-4.107074110168957388e-27
-1.217680454769705090e-26
-2.091939558915175748e-26
-2.820628865995290470e-26
-3.125488168752234808e-26
-2.708159487623733528e-26
-1.323047619803944110e-26
1.129078586938554733e-26
4.502459361808692706e-26
8.327147922778958187e-26
1.177993787074409291e-25
1.373690949175177558e-25
1.293195089368359750e-25
8.228577287481263946e-26
-1.014315965263617021e-26
-1.453582097794336884e-25
-3.081377963530912186e-25
-4.686906134805844937e-25
-5.836000865434097547e-25
-6.007563814215760483e-25
-4.688297488227428497e-25
-1.509124931314333240e-25
3.592664107665036739e-25
1.021524680986115601e-24
1.738003555240960316e-24
2.351440727802544400e-24
2.657629791200706838e-24
2.435278103796265261e-24
1.493587329709873886e-24
-2.663986728197817209e-25
-2.785697020428359389e-24
-5.790689878329560460e-24
-8.763776073627739877e-24
-1.096045787182879988e-23
-1.148892841401083922e-23
-9.460154081764261143e-24
-4.202899836154201075e-24
4.479435420909879374e-24
1.605324053515706814e-23
2.906105514671583225e-23
4.106163322182668318e-23
4.877447144257907626e-23
4.848136228463515712e-23
3.670041886275594029e-23
1.109185764395055859e-23
-2.851496145191115550e-23
-7.915620911782333852e-23
-1.340738528182769012e-22
-1.826358272210947831e-22
-2.110923119918237154e-22
-2.043409248205802080e-22
-1.487215735677144509e-22
-3.564216511384557384e-23
1.344233497537260183e-22
3.482841596260920120e-22
5.776614596073718348e-22
7.791151282712941725e-22
8.972005628327178266e-22
8.714494165830155575e-22
6.472171810215575255e-22
1.896089284829160872e-22
-5.012203077769274823e-22
-1.376046553905268312e-21
-2.327240947520440720e-21
-3.187836748763769707e-21
-3.742410660434248881e-21
-3.752076718256328500e-21
-2.993872790591279809e-21
-1.312091113829427628e-21
1.324248810908753158e-21
4.766883946500760485e-21
8.648626476432961224e-21
1.237180841879962000e-20
1.513746983320576216e-20
1.602459680636187595e-20
1.412243682665936867e-20
8.709836226174751379e-21
-5.355618842272224158e-22
-1.332694514794407803e-20
-2.859603121039310431e-20
-4.440446084265301218e-20
-5.798494734966096349e-20
-6.595041876755959047e-20
-6.469164374570994947e-20
-5.095688482328659070e-20
-2.257197530837630778e-20
2.078002906736082198e-20
7.683786692521057429e-20
1.402472579368411550e-19
2.024127244035568358e-19
2.518652778853391766e-19
2.752552572713480019e-19
2.590071552941220175e-19
1.915745128793983639e-19
6.610863644675596373e-20
-1.167711742189443880e-19
-3.465367193774926087e-19
-6.011476682098367070e-19
-8.468210339211219103e-19
-1.039644537826687061e-18
-1.129361787835107273e-18
-1.065398185813066163e-18
-8.048706208542833963e-19
-3.219273206722157669e-19
3.826316501350389512e-19
1.272866767367517816e-18
2.271997549755006118e-18
3.261190584263282347e-18
4.084366815470940815e-18
4.560096583723663197e-18
4.500865075190884821e-18
3.739070194928030048e-18
2.157850967920904203e-18
-2.763286533631062667e-19
-3.483494960296602258e-18
-7.247360307676215587e-18
-1.120516890301684944e-17
-1.485511659079688491e-17
-1.758511370596484554e-17
-1.872479322777305643e-17
-1.761994793592067864e-17
-1.372542527488525182e-17
-6.708980293419033165e-18
3.444556260141281033e-18
1.634234101005292570e-17
3.112072832722939176e-17
4.642560452376728419e-17
6.044931360908099545e-17
7.103297705013367734e-17
7.583812216801341850e-17
7.258287529004163593e-17
5.933009853562734646e-17
3.480552017113261096e-17
-1.284321978080458419e-18
-4.797091025691434837e-17
-1.028191390929374777e-16
-1.618390912209717418e-16
-2.195485708830402960e-16
-2.692118198813442343e-16
-3.032646619433352437e-16
-3.139202305406759352e-16
-2.939272619003794555e-16
-2.374357229722339792e-16
-1.409008205766496620e-16
-3.948646329285690246e-18
1.698896761634808368e-16
3.726632095124029435e-16
5.917895741759063733e-16
8.102107309712613947e-16
1.006955944069464447e-15
1.158118608506769360e-15
1.238214573394728034e-15
1.221850743886722206e-15
1.085604435529683928e-15
8.099684795483466648e-16
3.812047162222949098e-16
-2.070458087161951874e-16
-9.525718760536468731e-16
-1.843943080569328784e-15
-2.860510307491287776e-15
-3.973104177335809103e-15
-5.145421069741810266e-15
-6.336049120401554893e-15
-7.501000214298232660e-15
-8.596583968495993128e-15
-9.582396487894332543e-15
-1.042422357065480795e-14
-1.109662542923958370e-14
-1.158494415849642412e-14
-1.188662171892462122e-14
-1.201167088699366808e-14
-1.198222632768121410e-14
-1.183128251538165601e-14
-1.160056005791200440e-14
-1.133786972998002823e-14
-1.109393525259910404e-14
-1.091898144437667556e-14
-1.085965525675098436e-14
-1.095590615164633227e-14
-1.123869318328486397e-14
-1.172830363778626719e-14
-1.243331711187328076e-14
-1.335065548781558253e-14
-1.446620634967896862e-14
-1.575638491208009029e-14
-1.718998986937388812e-14
-1.873047683208402259e-14
-2.033849603761284791e-14
-2.197414715194700302e-14
-2.359890372851357332e-14
-2.517752242044320188e-14
-2.667853764781128595e-14
-2.807546099629128905e-14
-2.934573767256372367e-14
-3.047066857728500389e-14
-3.143386023479396996e-14
-3.221979500149692310e-14
-3.281252155293117034e-14
-3.319412006006459970e-14
-3.334280483549383056e-14
-3.323289722838990157e-14
-3.283329080079784579e-14
-3.210838306387867047e-14
-3.101767567835825301e-14
-2.951695691252170795e-14
-2.756050053974445913e-14
-2.510111835453496948e-14
-2.209336534520715128e-14
-1.849473739846778375e-14
-1.426659456532902021e-14
-9.377018103239476848e-15
-3.800751183777924952e-15
2.479943486487614160e-15
9.474673378761372389e-15
1.718606810682810071e-14
2.560941096772101355e-14
3.473532022451632228e-14
4.455064653774085115e-14
5.504028222774737245e-14
6.618905862851645616e-14
7.798288788806936878e-14
9.041175468883777544e-14
1.034705226230295261e-13
1.171586292607676438e-13
1.314817937685119897e-13
1.464506277750257657e-13
1.620794427489857803e-13
1.783850438240655589e-13
1.953830299590217368e-13
2.130849614595184405e-13
2.314936708037312885e-13
2.506009451602037030e-13
2.703815090657896159e-13
2.907890670877238959e-13
3.117532816100665460e-13
3.331759781260990039e-13
3.549290039390334828e-13
3.768531439598404864e-13
3.987580122870315602e-13
4.204237869301352681e-13
4.416034595292051002e-13
4.620275516342697841e-13
4.814095628212500255e-13
4.994529637959710389e-13
5.158584063386095764e-13
5.303326137615083091e-13
5.425968918962298382e-13
5.523955316603934573e-13
5.595045368851636614e-13
5.637387258394799261e-13
5.649588327542864885e-13
5.630755735806791673e-13
5.580541454289211778e-13
5.499190512681106924e-13
5.387526904633566094e-13
5.246940035230629462e-13
5.079410199740341803e-13
4.887437026271368445e-13
4.674006407606734470e-13
4.442581827586444820e-13
4.196998922446210090e-13
3.941529719796166287e-13
3.680717026739027675e-13
3.419453034527591972e-13
3.162883095621932261e-13
2.916363981905756297e-13
2.685475539859760730e-13
2.476010390640992487e-13
2.293944114523105426e-13
2.145400014325754556e-13
2.036662261365937421e-13
1.974085229051320001e-13
1.964109078286466192e-13
2.013186980402009718e-13
2.127681982422996443e-13
2.313892621345209344e-13
2.577793664290672915e-13
2.925098314607299521e-13
3.361042726687107907e-13
3.890238554470765164e-13
4.516625246551997375e-13
5.243336689310373888e-13
6.072532884524028951e-13
7.005339776149088760e-13
8.041699901470411582e-13
9.180323602003825911e-13
1.041855837713434596e-12
1.175236665797163571e-12
1.317626780253378094e-12
1.468326653840390517e-12
1.626484754171930724e-12
1.791092881647804447e-12
1.960986711554979500e-12
2.134844167764327061e-12
2.311184230108231930e-12
2.488371054348847977e-12
2.664617007944181104e-12
2.837983103728958234e-12
3.006388540893745187e-12
3.167619378602326563e-12
3.319336125406913141e-12
3.459091520163770639e-12
3.584340073012337591e-12
3.692461267301716532e-12
3.780779075229778741e-12
3.846583641886613947e-12
3.887156655585366494e-12
3.899802789725237417e-12
3.881877892047969070e-12
3.830821510703019683e-12
3.744180313014489059e-12
3.619647550440197037e-12
3.455091681509037116e-12
3.248588247364847525e-12
2.998447410501592358e-12
2.703243445062453176e-12
2.361845094500658604e-12
1.973443977676403449e-12
1.537573020293780957e-12
1.054135619939222668e-12
5.234202286007183513e-13
-5.388114474448417457e-14
-6.766544247659156408e-13
-1.343346874710382721e-12
-2.051964067412148651e-12
-2.800060096980194757e-12
-3.584737107847901783e-12
-4.402647083706634490e-12
-5.249994883271824619e-12
-6.122547347581219768e-12
-7.015658887166154045e-12
-7.924278420945451984e-12
-8.842978432843651149e-12
-9.765993569388342621e-12
-1.068723408381710982e-11
-1.160034568403744970e-11
-1.249873468611717442e-11
-1.337562959696780851e-11
-1.422411580881410842e-11
-1.503720065132441164e-11
-1.580786196386796405e-11
-1.652910794347484114e-11
-1.719403092126370325e-11
-1.779587414929562073e-11
-1.832808557700182917e-11
-1.878438377067581655e-11
-1.915881862879498243e-11
-1.944582515844839321e-11
-1.964028592538191731e-11
-1.973758309570250447e-11
-1.973365047758246504e-11
-1.962503076713417727e-11
-1.940891718177351066e-11
-1.908318295051891766e-11
-1.864643509041918890e-11
-1.809803522323516489e-11
-1.743813080046230368e-11
-1.666767071584196458e-11
-1.578840877480836014e-11
-1.480291930699983993e-11
-1.371458849264151070e-11
-1.252760482156611843e-11
-1.124694608278797858e-11
-9.878348139480408463e-12
-8.428271969229683691e-12
-6.903868969565518654e-12
-5.312931518342001169e-12
-3.663842233075920163e-12
-1.965511087220761510e-12
-2.273127703861926863e-13
1.540981318243206388e-12
3.329277391966867228e-12
5.127235441770849889e-12
6.924348247561162850e-12
8.710023154112622734e-12
1.047366967460439113e-11
1.220477711949552457e-11
1.389300046533703537e-11
1.552823668260483458e-11
1.710071320659700689e-11
1.860105472428763562e-11
2.002036557369191172e-11
2.135029132654953088e-11
2.258308991198720861e-11
2.371168712766991149e-11
2.472971827316428062e-11
2.563158886526029079e-11
2.641250933244077004e-11
2.706852797462744320e-11
2.759655698403307156e-11
2.799437591460840480e-11
2.826064555982998883e-11
2.839493397355230542e-11
2.839767830609130073e-11
2.827018480422438529e-11
2.801460452506177035e-11
2.763391425408823210e-11
2.713187140235273631e-11
2.651297584255196682e-11
2.578243347983733003e-11
2.494609553649329570e-11
2.401039957133921376e-11
2.298231743802503502e-11
2.186928763081574800e-11
2.067914763037581594e-11
1.942006798427708958e-11
1.810047944861281621e-11
1.672900533378207655e-11
1.531438170720988978e-11
1.386540101483424436e-11
1.239083488591141702e-11
1.089936734616214764e-11
9.399534102449980111e-12
7.899660960097865114e-12
6.407808745417797880e-12
4.931718228240455915e-12
3.478762850700478637e-12
2.055908178075216419e-12
6.696724880357607379e-13
-6.739055385777958929e-13
-1.969292567557956453e-12
-3.211482729054138119e-12
-4.396012633772761191e-12
-5.518971998158539449e-12
-6.577007601732409725e-12
-7.567325238655442377e-12
-8.487682778834937380e-12
-9.336380626945306460e-12
-1.011225304881069320e-11
-1.081464518631891636e-11
-1.144339831227192406e-11
-1.199881426855453626e-11
-1.248164245570837494e-11
-1.289304253637713060e-11
-1.323455928181616059e-11
-1.350808180589080365e-11
-1.371581754422424027e-11
-1.386025409028102118e-11
-1.394412450089754785e-11
-1.397037607125950487e-11
-1.394213303834712647e-11
-1.386266101910393900e-11
-1.373533752013766929e-11
-1.356361984533593912e-11
-1.335101387084369762e-11
-1.310104802421108161e-11
-1.281724292673258603e-11
-1.250308710731840023e-11
-1.216202399206833817e-11
-1.179741374035536694e-11
-1.141252977537865476e-11
-1.101053710012012132e-11
-1.059447755219489196e-11
-1.016725852814870379e-11
-9.731645177202263852e-12
-9.290246523463441264e-12
-8.845516333289005217e-12
-8.399742706943769122e-12
-7.955052415409280542e-12
-7.513401359404703328e-12
-7.076580207238114539e-12
-6.646212660083028467e-12
-6.223761523510562554e-12
-5.810525238042485441e-12
-5.407649588534679808e-12
-5.016127704177142377e-12
-4.636808298430494801e-12
-4.270399572153804613e-12
-3.917474851455882146e-12
-3.578482996036136399e-12
-3.253752085471961486e-12
-2.943498309676551017e-12
-2.647830088867153542e-12
-2.366758915586797407e-12
-2.100204342034284188e-12
-1.848001786319830586e-12
-1.609908712417451593e-12
-1.385612219580167892e-12
-1.174734354930651037e-12
-9.768403533977343400e-13
-7.914437334666235557e-13
-6.180131276525835382e-13
-4.559787877139731549e-13
-3.047381140833249624e-13
-1.636618087146740619e-13
-3.209930625881589339e-14
9.061551015836569190e-14
2.051585626643842586e-13
3.122108149268554289e-13
4.124528409782390881e-13
5.065594753557445262e-13
5.951952797809967333e-13
6.790094745148800293e-13
7.586317099690653709e-13
8.346669709557996697e-13
9.076917819803020926e-13
9.782501414826172415e-13
1.046849564499685581e-12
1.113958209529586352e-12
1.180000758563282126e-12
1.245356465520708333e-12
1.310356337325124798e-12
1.375280640238119023e-12
1.440357815657433704e-12
1.505762420132839008e-12
1.571615016945915322e-12
1.637980766647229025e-12
1.704870944939373967e-12
1.772241533214147235e-12
1.839995386956894130e-12
1.907983753629549639e-12
1.976007465293028176e-12
2.043819540692437542e-12
2.111128112602944640e-12
2.177600330957596420e-12
2.242865181772968342e-12
2.306517390276985324e-12
2.368122191398480680e-12
2.427220750778058544e-12
2.483334501576783815e-12
2.535970348646610084e-12
2.584626523222111061e-12
2.628798220771777494e-12
2.667983455689748595e-12
2.701688915987543460e-12
2.729435384304923495e-12
2.750764243122927333e-12
2.765242462093864262e-12
2.772469103254349143e-12
2.772079440993557853e-12
2.763750383064089711e-12
2.747205674752395410e-12
2.722218934644859978e-12
2.688618641957796207e-12
2.646289437580051640e-12
2.595175593519960522e-12
2.535285132873599245e-12
2.466687661420441380e-12
2.389516536027702642e-12
2.303970165692947880e-12
2.210309626299311603e-12
2.108858660615497982e-12
2.000001293051001383e-12
1.884179444411326898e-12
1.761889679291472888e-12
1.633678760847023792e-12
1.500141807650456904e-12
1.361915246377021216e-12
1.219673017097133716e-12
1.074121043845299717e-12
9.259913799283814306e-13
7.760362990237579250e-13
6.250222778572678273e-13
4.737239788811520302e-13
3.229180432166162129e-13
1.733763143902528059e-13
2.586071209064420839e-14
-1.188832154464317115e-13
-2.601316514624918419e-13
-3.971880062261096134e-13
-5.293880026187303134e-13
-6.561044567886253898e-13
-7.767516014070552366e-13
-8.907888532708185814e-13
-9.977244724845846235e-13
-1.097118489806758745e-12
-1.188584929263936107e-12
-1.271793434454160376e-12
-1.346471436951268696e-12
-1.412403397363370949e-12
-1.469432973737194725e-12
-1.517461178414392098e-12
-1.556446161191105126e-12
-1.586401366174272631e-12
-1.607394447579457708e-12
-1.619545101326502756e-12
-1.623022137693663769e-12
-1.618040987652613616e-12
-1.604860883942793581e-12
-1.583781391624461410e-12
-1.555139914413694591e-12
-1.519307141033265918e-12
-1.476684226286995028e-12
-1.427699430033013694e-12
-1.372803888795293137e-12
-1.312468254736909312e-12
-1.247178250431135726e-12
-1.177431524675143226e-12
-1.103732556739789317e-12
-1.026589837443969699e-12
-9.465104481437558448e-13
-8.639969165460947842e-13
-7.795429341102277920e-13
-6.936304829119332993e-13
-6.067263119864663157e-13
-5.192794978736703371e-13
-4.317196014742841204e-13
-3.444551772719545157e-13
-2.578731770220415997e-13
-1.723390988294173920e-13
-8.819731240911760084e-14
-5.772241120819516721e-15
7.463041957426336248e-14
1.527221952417681661e-13
2.282306830504732265e-13
3.008983036692502999e-13
3.704815859477406104e-13
4.367509229708660401e-13
4.994909108720080315e-13
5.585014330351800727e-13
6.135989069275260555e-13
6.646179375076333162e-13
7.114134585248232945e-13
7.538623046123016369e-13
7.918652712712859199e-13
8.253486327540471290e-13
8.542641420639096594e-13
8.785900067372065525e-13
8.983298588512156346e-13
9.135118876624215289e-13
9.241870506729310542e-13
9.304270678564541264e-13
9.323210606315690541e-13
9.299744134494414283e-13
9.235054127670894175e-13
9.130435123239077910e-13
8.987275442080833177e-13
8.807045804443136561e-13
8.591293908927211120e-13
8.341644432488526384e-13
8.059795235729194651e-13
7.747533625930558276e-13
7.406732020244499726e-13
7.039365292928201345e-13
6.647511317445231604e-13
6.233353676970976309e-13
5.799182206493724845e-13
5.347388656005980234e-13
4.880458558988165496e-13
4.400960119336355669e-13
3.911526322026431801e-13
3.414840025334209273e-13
2.913616613600678029e-13
2.410581228986380387e-13
1.908453321590453111e-13
1.409922932528104300e-13
9.176356506254701451e-14
4.341715382398872447e-14
-3.797105977489416070e-15
-4.964003722505473670e-14
-9.388460332510756290e-14
-1.363183654498612007e-13
-1.767456352715773837e-13
-2.149901215170099689e-13
-2.508973389291069278e-13
-2.843368715390454105e-13
-3.152050018565000222e-13
-3.434265675658632055e-13
-3.689568995376285576e-13
-3.917833939215409345e-13
-4.119259187224111329e-13
-4.294371119557133243e-13
-4.444021919122048692e-13
-4.569375476951020865e-13
-4.671894381774732707e-13
-4.753316338625135362e-13
-4.815629774286567244e-13
-4.861043208584381325e-13
-4.891955438825201785e-13
-4.910923555832835685e-13
-4.920627707377667193e-13
-4.923838030010396771e-13
-4.923383207199039102e-13
-4.922110895949627363e-13
-4.922863874358418546e-13
-4.928438299828252767e-13
-4.941550640902292457e-13
-4.964804066996675314e-13
-5.000653753930994760e-13
-5.051368394751176716e-13
-5.118995505259960055e-13
-5.205324561143032103e-13
-5.311851219297336613e-13
-5.439746418069157929e-13
-5.589824935391118910e-13
-5.762519367930041270e-13
-5.957859531245668361e-13
-6.175455654656991644e-13
-6.414486455018353350e-13
-6.673694799910756537e-13
-6.951388249742951331e-13
-7.245443936661211115e-13
-7.553321574975402353e-13
-7.872069966372019501e-13
-8.198355189170669632e-13
-8.528475235053400993e-13
-8.858384945714670167e-13
-9.183726912623257910e-13
-9.499856413672236322e-13
-9.801878276052833350e-13
-1.008468157072395233e-12
-1.034298406470124387e-12
-1.057137016813314290e-12
-1.076435056542035529e-12
-1.091640775170710231e-12
-1.102206216921364224e-12
-1.107593292255792949e-12
-1.107280283088596384e-12
-1.100768998521517439e-12
-1.087591713737345867e-12
-1.067318325734256668e-12
-1.039562966959062251e-12
-1.003990293679812851e-12
-9.603215575179624430e-13
-9.083401890895570485e-13
-8.478960806038160491e-13
-7.789095974111703846e-13
-7.013749932401058818e-13
-6.153619280802047342e-13
-5.210173113258387279e-13
-4.185662504530701655e-13
-3.083116986539458093e-13
-1.906337907626662331e-13
-6.598858287056030836e-14
6.509396022419747241e-14
2.020124112477386658e-13
3.440970381893282415e-13
4.906135719039139698e-13
6.407673328566454440e-13
7.937083607544026531e-13
9.485366051636967555e-13
1.104308376513596368e-12
1.260043068149196976e-12
1.414729878385090345e-12
1.567336755173287521e-12
1.716817551837557243e-12
1.862120917531240316e-12
2.002199187695063998e-12
2.136017708195825371e-12
2.262562316321381495e-12
2.380849640701288017e-12
2.489935341243310063e-12
2.588920831186891647e-12
2.676962818082273543e-12
2.753278941641790212e-12
2.817156013676380688e-12
2.867955005425582016e-12
2.905116251727957177e-12
2.928165305712826516e-12
2.936715974566350695e-12
2.930474873180655138e-12
2.909242074675133516e-12
2.872916314566875684e-12
2.821492822366322706e-12
2.755065923662480820e-12
2.673828606442052447e-12
2.578071436887263701e-12
2.468178656248043445e-12
2.344627964001588794e-12
2.207986397884109664e-12
2.058905129720400851e-12
1.898114694934283087e-12
1.726420547319695853e-12
1.544694927524403738e-12
1.353871225198699513e-12
1.154936389580196732e-12
9.489240990201430748e-13
7.369058705256059660e-13
5.199845545464376606e-13
2.992856071477867363e-13
7.594945316104564914e-14
-1.488758525096042784e-13
-3.740427835085408104e-13
-5.984111318448059880e-13
-8.208555363209413258e-13
-1.040272143600085020e-12
-1.255585262496805576e-12
-1.465753950505299663e-12
-1.669777489020363159e-12
-1.866701454869557075e-12
-2.055623466584721726e-12
-2.235697521210666672e-12
-2.406138439534077911e-12
-2.566226744993294062e-12
-2.715311699444389326e-12
-2.852814338927256443e-12
-2.978230292591255157e-12
-3.091131951099557185e-12
-3.191169550831318702e-12
-3.278072691764721824e-12
-3.351649686955671115e-12
-3.411787779378228080e-12
-3.458452274562873185e-12
-3.491685022713464370e-12
-3.511602467143326578e-12
-3.518393909551775778e-12
-3.512318257417601508e-12
-3.493701205073418414e-12
-3.462931547418279798e-12
-3.420457276789856671e-12
-3.366782113517485797e-12
-3.302460952273045258e-12
-3.228095525262264509e-12
-3.144330065416034437e-12
-3.051847620103020908e-12
-2.951361811193153883e-12
-2.843617919259799898e-12
-2.729382692079340700e-12
-2.609442176226828281e-12
-2.484596512905556942e-12
-2.355654516936200871e-12
-2.223429990469427686e-12
-2.088736518815470511e-12
-1.952382483114134537e-12
-1.815166289845238090e-12
-1.677873226642312421e-12
-1.541269716021087532e-12
-1.406099954352757475e-12
-1.273081358214855907e-12
-1.142900878103869644e-12
-1.016211312147852208e-12
-8.936276740291460019e-13
-7.757243740587338454e-13
-6.630314244686352776e-13
-5.560321083772357120e-13
-4.551607029647242175e-13
-3.607997689676623043e-13
-2.732789309515398779e-13
-1.928729935095005454e-13
-1.198009925854406910e-13
-5.422549751886093783e-14
3.747741744356382701e-15
5.406974510051981708e-14
9.674775086968012694e-14
1.318443645275182985e-13
1.594761378075765235e-13
1.798121249335996041e-13
1.930714296121197049e-13
1.995207791300954159e-13
1.994718409545348514e-13
1.932775771026906675e-13
1.813291406133413219e-13
1.640517284734813175e-13
1.419004616500657567e-13
1.153561024914290245e-13
8.492049430189677062e-14
5.111155707113353153e-14
1.445878972919280997e-14
-2.450200009248074129e-14
-6.523341572863342042e-14
-1.072018111759019676e-13
-1.498818837054535780e-13
-1.927618085767121570e-13
-2.353478468965913839e-13
-2.771688044009290586e-13
-3.177805783273479623e-13
-3.567699250178052450e-13
-3.937582139686146565e-13
-4.284050599077243726e-13
-4.604111146153111456e-13
-4.895205334837227085e-13
-5.155230083965511856e-13
-5.382555837672720056e-13
-5.576036052161448264e-13
-5.735013158814084022e-13
-5.859319106293892077e-13
-5.949265602725462010e-13
-6.005644657795794483e-13
-6.029700393497816613e-13
-6.023112781097794688e-13
-5.987973246586453246e-13
-5.926748349906196811e-13
-5.842242922077245382e-13
-5.737569707536804842e-13
-5.616097322434787653e-13
-5.481397670828447310e-13
-5.337204744999823891e-13
-5.187358246942774809e-13
-5.035745041445660597e-13
-4.886244403881634391e-13
-4.742673810100017651e-13
-4.608728221104640976e-13
-4.487922349288159252e-13
-4.383535364121254885e-13
-4.298555326791297926e-13
-4.235625793245351156e-13
-4.197001904002184425e-13
-4.184490210931701704e-13
-4.199419674846827100e-13
-4.242586913293794337e-13
-4.314238040165757626e-13
-4.414017708200684842e-13
-4.540964501122124464e-13
-4.693470005007194246e-13
-4.869281518792012431e-13
-5.065481996531506770e-13
-5.278488692146698913e-13
-5.504052617323618168e-13
-5.737275888748061270e-13
-5.972606307094729949e-13
-6.203882351417389085e-13
-6.424332637047780459e-13
-6.626621452086867148e-13
-6.802878572964576875e-13
-6.944739922021270218e-13
-7.043389851392467538e-13
-7.089618063622904476e-13
-7.073858642944741426e-13
-6.986260528418775095e-13
-6.816742266144149021e-13
-6.555052182478926515e-13
-6.190835604574784767e-13
-5.713702623012795190e-13
-5.113303443854411157e-13
-4.379387206609325345e-13
-3.501890346712527302e-13
-2.470981047813375353e-13
-1.277153431839331277e-13
8.870879494838300461e-15
1.635258497622443796e-13
3.370628429144595373e-13
5.302361739782657235e-13
7.437343926483541701e-13
9.781731631283707706e-13
1.234090737586845954e-12
1.511943131457527123e-12
1.812098973479059350e-12
2.134832241540429720e-12
2.480320419537274113e-12
2.848640160563187251e-12
3.239763709042553508e-12
3.653555322863377697e-12
4.089770622855981586e-12
4.548053340186486437e-12
5.027932063750295555e-12
5.528822625416873748e-12
6.050027232668009347e-12
6.590733601236076211e-12
7.150013654061426749e-12
7.726828725462819847e-12
8.320027826413944894e-12
8.928352848713849710e-12
9.550435095539988595e-12
1.018480785819342316e-11
1.082990121192839439e-11
1.148404982220796455e-11
1.214549554678923116e-11
1.281239350725549286e-11
1.348281989527189140e-11
1.415476850313845958e-11
1.482616807102488110e-11
1.549487448071484863e-11
1.615869590909646547e-11
1.681537895037443775e-11
1.746263030011352413e-11
1.809811675523853580e-11
1.871947388765171638e-11
1.932431298312664580e-11
1.991023144964909619e-11
2.047481628686398381e-11
2.101566143331012881e-11
2.153035735807939943e-11
2.201652055111580353e-11
2.247178138015115678e-11
2.289380490738679441e-11
2.328029435894052313e-11
2.362900153318747698e-11
2.393772506603664141e-11
2.420432777816561298e-11
2.442674361391450333e-11
2.460296896766855923e-11
2.473109564360420620e-11
2.480928310011343285e-11
2.483580875678459421e-11
2.480903156520941621e-11
2.472743017289946721e-11
2.458958731077487414e-11
2.439421060984603429e-11
2.414013607066056721e-11
2.382632806330331476e-11
2.345190014407805279e-11
2.301609944299620736e-11
2.251832921518204245e-11
2.195814884087265995e-11
2.133528596848233150e-11
2.064962263681469068e-11
1.990120915285054082e-11
1.909026409174785499e-11
1.821718470518263189e-11
1.728253130883761202e-11
1.628704116019008552e-11
1.523162325434146425e-11
1.411735225248511583e-11
1.294547715552374356e-11
1.171741349781374453e-11
1.043473987771825762e-11
9.099201427054115499e-12
7.712713280538796567e-12
6.277342794874796184e-12
4.795328630707862416e-12
3.269064923275277756e-12
1.701110714964759740e-12
9.418536778401861986e-14
-1.548832243014608423e-12
-3.224902333023860201e-12
-4.930833085586838749e-12
-6.663272798107522377e-12
-8.418730122750073264e-12
-1.019356127285320213e-11
-1.198398845436710047e-11
-1.378610940683255848e-11
-1.559589783706183397e-11
-1.740922163373515019e-11
-1.922185154101807569e-11
-2.102947156690238018e-11
-2.282770326933469818e-11
-2.461209361315219724e-11
-2.637816701178685719e-11
-2.812140624530723443e-11
-2.983728195071755351e-11
-3.152126476502203900e-11
-3.316883920301272326e-11
-3.477551580033377832e-11
-3.633684325654584768e-11
-3.784842925180775808e-11
-3.930595085521737531e-11
-4.070515105536465228e-11
-4.204189427148286029e-11
-4.331213165897906947e-11
-4.451196355947928396e-11
-4.563760827580587431e-11
-4.668545064423490487e-11
-4.765205591228394155e-11
-4.853415933037119601e-11
-4.932870778517894905e-11
-5.003286673854745459e-11
-5.064402369692189154e-11
-5.115981943637493146e-11
-5.157814453315978653e-11
-5.189715324149801745e-11
-5.211528431026124508e-11
-5.223125751352419854e-11
-5.224407712001166715e-11
-5.215304924033326017e-11
-5.195779570477121467e-11
-5.165822977715173181e-11
-5.125458737986754443e-11
-5.074741668553706120e-11
-5.013757117811046271e-11
-4.942623393899836515e-11
-4.861489336094315661e-11
-4.770534661746594907e-11
-4.669970313231353032e-11
-4.560038804890531594e-11
-4.441010406641687780e-11
-4.313186960369641554e-11
-4.176896675756047728e-11
-4.032496905836957524e-11
-3.880369636721781035e-11
-3.720921834537982420e-11
-3.554584057652299123e-11
-3.381807681113180308e-11
-3.203063161927310887e-11
-3.018839692114916318e-11
-2.829640168011682277e-11
-2.635981537213449855e-11
-2.438391676073958791e-11
-2.237406961091981117e-11
-2.033569666826107181e-11
-1.827426404643617275e-11
-1.619525000218224875e-11
-1.410413626168338652e-11
-1.200637072401589123e-11
-9.907354450722216654e-12
-7.812418247044039532e-12
-5.726805314687499759e-12
-3.655642195204977796e-12
-1.603929120595759539e-12
4.234868749078413153e-13
2.421926374729377329e-12
4.386895794544765081e-12
6.314105488458565674e-12
8.199484494153530534e-12
1.003919690434340595e-11
1.182964750462422998e-11
1.356750909536907912e-11
1.524970948130199844e-11
1.687346443124404516e-11
1.843626640241069481e-11
1.993588974458226915e-11
2.137040197580653000e-11
2.273815857822825137e-11
2.403779432447183950e-11
2.526822848181176084e-11
2.642866481217254204e-11
2.751857769434096213e-11
2.853769304200781676e-11
2.948599697738529812e-11
3.036372542286613907e-11
3.117135022323580529e-11
3.190954445120297578e-11
3.257919975463430262e-11
3.318140900931965120e-11
3.371743509394953264e-11
3.418871089011510378e-11
3.459682193507340742e-11
3.494346825783090082e-11
3.523048172637821551e-11
3.545977747543282987e-11
3.563334696754516528e-11
3.575325799309858610e-11
3.582160609805207230e-11
3.584050070615241168e-11
3.581206164948724791e-11
3.573838100456860900e-11
3.562153350067376323e-11
3.546352794758789173e-11
3.526632458283884830e-11
3.503179690778068789e-11
3.476173168759366661e-11
3.445782548183728977e-11
3.412166729721555214e-11
3.375472124034217813e-11
3.335835774276318944e-11
3.293381886648738543e-11
3.248223912066805497e-11
3.200461770602736067e-11
3.150186014821976244e-11
3.097476095059725765e-11
3.042399665531547726e-11
2.985016053780320533e-11
2.925374525952761928e-11
2.863517062356990550e-11
2.799477490100787946e-11
2.733283564759769746e-11
2.664958358156166440e-11
2.594520084886475786e-11
2.521985051351371965e-11
2.447368176172748377e-11
2.370683337138412838e-11
2.291945799814953943e-11
2.211174125743564645e-11
2.128389825495347054e-11
2.043620307701221606e-11
1.956899052524274651e-11
1.868266825966191647e-11
1.777773414590733125e-11
1.685478145940777495e-11
1.591450582427711424e-11
1.495771562165515434e-11
1.398533545915459086e-11
1.299840877294622388e-11
1.199810129720590979e-11
1.098570106411456138e-11
9.962617536496409798e-12
8.930384209904218551e-12
7.890648204278427613e-12
6.845173299713236403e-12
5.795830829158354902e-12
4.744595341610313710e-12
3.693537229537691147e-12
2.644815573146774845e-12
1.600668599402443881e-12
5.634065262938303675e-13
-4.645996586581657706e-13
-1.480927576749668795e-12
-2.483115059057072749e-12
-3.468673915804632024e-12
-4.435099423133470609e-12
-5.379885339301671010e-12
-6.300537782472082071e-12
-7.194590409542733767e-12
-8.059616342370734543e-12
-8.893244647645293099e-12
-9.693175082037264190e-12
-1.045718980158261147e-11
-1.118317417836411920e-11
-1.186912460676703418e-11
-1.251316324862861151e-11
-1.311355104366418445e-11
-1.366869811780802024e-11
-1.417717679363938998e-11
-1.463772852927647250e-11
-1.504927259199373424e-11
-1.541091386447757117e-11
-1.572194978372021268e-11
-1.598187034101972159e-11
-1.619037195976780197e-11
-1.634734708710894324e-11
-1.645289286755780012e-11
-1.650731634716962049e-11
-1.651112753464634153e-11
-1.646503072771920984e-11
-1.636993839093658920e-11
-1.622695207370572490e-11
-1.603736414501621965e-11
-1.580265779344003363e-11
-1.552448621044977273e-11
-1.520467605986564053e-11
-1.484521706951458242e-11
-1.444824555135726385e-11
-1.401604006467938035e-11
-1.355100667094211175e-11
-1.305566679071779035e-11
-1.253264679534904502e-11
-1.198466239443751746e-11
-1.141450042124736441e-11
-1.082501276117309175e-11
-1.021909466769610475e-11
-9.599670884596900322e-12
-8.969683502890735127e-12
-8.332071144145913877e-12
-7.689755950057719502e-12
-7.045628837298867353e-12
-6.402537354455173357e-12
-5.763265732705580291e-12
-5.130521875396087950e-12
-4.506927383379766283e-12
-3.895002376186340598e-12
-3.297149662670473269e-12
-2.715648018958294330e-12
-2.152639828542635136e-12
-1.610119156059131029e-12
-1.089923832610362187e-12
-5.937279747708634758e-13
-1.230338124132493438e-13
3.208341524309904491e-13
7.367338076408325165e-13
1.123709198608269233e-12
1.480992954140669671e-12
1.808007302900316304e-12
2.104364425770111069e-12
2.369864721130099383e-12
2.604494094352038935e-12
2.808420163091795985e-12
2.981987486799786424e-12
3.125710627827071875e-12
3.240266778850586782e-12
3.326486438734455042e-12
3.385346473636086095e-12
3.417956889739670601e-12
3.425549774394021085e-12
3.409467369888674604e-12
3.371151014591733386e-12
3.312124663076843056e-12
3.233984044101467781e-12
3.138380614414737479e-12
3.027008982012246996e-12
2.901590426263034317e-12
2.763861188526117729e-12
2.615556209117908537e-12
2.458397201088313722e-12
2.294079422954231617e-12
2.124257584071309601e-12
1.950535436293088232e-12
1.774453630906669410e-12
1.597479635552512267e-12
1.420998084825098040e-12
1.246303299277939924e-12
1.074591370747723929e-12
9.069537113513825854e-13
7.443724998369705137e-13
5.877161821446486023e-13
4.377374656326649127e-13
2.950713946184985170e-13
1.602351470909521569e-13
3.362879026354119449e-14
-8.446290677499926347e-14
-1.938674237421042501e-13
-2.945203759693870715e-13
-3.864607744062664718e-13
-4.698252962891114048e-13
-5.448415156539265780e-13
-6.118210322050843253e-13
-6.711509603282705960e-13
-7.232859602045171865e-13
-7.687399436635822259e-13
-8.080757742633115637e-13
-8.418964310419330133e-13
-8.708355759591557277e-13
-8.955480129170523274e-13
-9.167005262517013975e-13
-9.349618518630919972e-13
-9.509947083291558911e-13
-9.654464727670841739e-13
-9.789424045697492360e-13
-9.920758875861523940e-13
-1.005402358589257972e-12
-1.019433777844913624e-12
-1.034631690217946431e-12
-1.051402454682603960e-12
-1.070093232774516068e-12
-1.090988952824611946e-12
-1.114308840512168164e-12
-1.140205334662636183e-12
-1.168763111465687121e-12
-1.199998650794342758e-12
-1.233861537247582518e-12
-1.270235110671646961e-12
-1.308940477708075978e-12
-1.349737921256533024e-12
-1.392330803602626066e-12
-1.436370120067032019e-12
-1.481459811596141929e-12
-1.527161426831402657e-12
-1.573001169423438039e-12
-1.618473909580087078e-12
-1.663051749263566581e-12
-1.706189876882202583e-12
-1.747333397764117002e-12
-1.785924056210697053e-12
-1.821407174390499151e-12
-1.853239783855542555e-12
-1.880894311828695820e-12
-1.903868555863663659e-12
-1.921689153291938901e-12
-1.933918303276271899e-12
-1.940159187821532960e-12
-1.940060308583402282e-12
-1.933320474198363392e-12
-1.919692486571089596e-12
-1.898985959800092438e-12
-1.871070355943804664e-12
-1.835876936584490693e-12
-1.793399630189984606e-12
-1.743696875257383372e-12
-1.686890319270439864e-12
-1.623165360800649104e-12
-1.552768872682686041e-12
-1.476008117812233067e-12
-1.393247930220331554e-12
-1.304907462466864398e-12
-1.211457041454255812e-12
-1.113413940038998629e-12
-1.011337498121878120e-12
-9.058252737302596724e-13
-7.975057788635331324e-13
-6.870346847855091088e-13
-5.750881541810581865e-13
-4.623570948845967532e-13
-3.495402209861830922e-13
-2.373389299762523885e-13
-1.264500928011697001e-13
-1.756039907127408817e-14
8.866011765897019448e-14
1.915637516235885185e-13
2.905307830251835366e-13
3.849750650642552730e-13
4.743486961729381779e-13
5.581470073449945613e-13
6.359124923686898523e-13
7.072390091102109810e-13
7.717748423848036499e-13
8.292250892015518016e-13
8.793541524283743360e-13
9.219869876245234686e-13
9.570109461842779552e-13
9.843744742943361103e-13
1.004088847657291783e-12
1.016226057297398011e-12
1.020917833778611783e-12
1.018353695640683565e-12
1.008778347313943335e-12
9.924895107149556139e-13
9.698332631771777734e-13
9.412008932646598325e-13
9.070247265936803860e-13
8.677729758724272990e-13
8.239450788316560192e-13
7.760669277351306405e-13
7.246853399485442271e-13
6.703622032477873915e-13
6.136698137496066074e-13
5.551848585895469146e-13
4.954830491211981158e-13
4.351340522710384073e-13
3.746960153174633268e-13
3.147109851366070021e-13
2.557001377127832153e-13
1.981593871196868362e-13
1.425554552875185621e-13
8.932232801713360648e-14
3.885806335989644422e-14
-8.478019684671125183e-15
-5.236758157103546529e-14
-9.253485293552604629e-14
-1.287481541734428192e-13
-1.608206569216757975e-13
-1.886106288512268137e-13
-2.120213184707286924e-13
-2.310003859203046961e-13
-2.455387781118145707e-13
-2.556693463710846270e-13
-2.614650032942145153e-13
-2.630364459230150054e-13
-2.605295265547397099e-13
-2.541227048669797428e-13
-2.440237139959833268e-13
-2.304666331907900823e-13
-2.137081608682631084e-13
-1.940244568742616194e-13
-1.717072393558199961e-13
-1.470603695243044573e-13
-1.203961382629722965e-13
-9.203174246991130403e-14
-6.228591725504148413e-14
-3.147540889492268790e-14
8.804542865494438650e-17
3.210078687240769391e-14
6.427000045442637921e-14
9.631623840503089617e-14
1.279758363083999262e-13
1.590026802713792597e-13
1.891703075651909871e-13
2.182731263528775445e-13
2.461275812066371360e-13
2.725732237574690631e-13
2.974729566406625336e-13
3.207138330948988703e-13
3.422067317015997645e-13
3.618864377000902133e-13
3.797108840460777790e-13
3.956605822055120347e-13
4.097378361080095122e-13
4.219654411042467190e-13
4.323855997637876536e-13
4.410582955718250764e-13
4.480601545168994004e-13
4.534823308966623445e-13
4.574290165398897656e-13
4.600153808223539365e-13
4.613660798888363779e-13
4.616130611437285758e-13
4.608937472123930679e-13
4.593493554277960911e-13
4.571226210059453621e-13
4.543567128437175917e-13
4.511925772235358956e-13
4.477679620314145570e-13
4.442156549284287381e-13
4.406618841525100638e-13
4.372251530011111997e-13
4.340147761582729968e-13
4.311298768076149424e-13
4.286584921655428593e-13
4.266764892790764208e-13
4.252469958197085953e-13
4.244197495621021554e-13
4.242305562830034349e-13
4.247012355511337045e-13
4.258392954665374264e-13
4.276378242403650054e-13
4.300757341403615985e-13
4.331178157009757390e-13
4.367154424547714520e-13
4.408064625122110058e-13
4.453163911840446465e-13
4.501586007166907821e-13
4.552352418640825960e-13
4.604384907201664046e-13
4.656509010846077157e-13
4.707468681357240836e-13
4.755934144770601613e-13
4.800519248608636769e-13
4.839786340790630526e-13
4.872264701069606296e-13
4.896459756750792813e-13
4.910870429926383895e-13
4.913996184789659605e-13
4.904358711678435956e-13
4.880509516490272315e-13
4.841045641613972439e-13
4.784623760557826788e-13
4.709972104173509866e-13
4.615902386879977559e-13
4.501325798645511300e-13
4.365260865453468586e-13
4.206846730778895926e-13
4.025352642357538091e-13
3.820188794207562966e-13
3.590913916044768950e-13
3.337242591647249235e-13
3.059054203523314808e-13
2.756396456568555031e-13
2.429490799076700069e-13
2.078735268770323663e-13
1.704707067781002783e-13
1.308163511326218553e-13
8.900418921840846931e-14
4.514573800516383240e-14
-6.299064273792643123e-16
-4.817649981747086640e-14
-9.733116005869457688e-14
-1.479150189918204683e-13
-1.997338519620431296e-13
-2.525791804441207544e-13
-3.062290547008184038e-13
-3.604491921951891165e-13
-4.149942650806537348e-13
-4.696092147961350438e-13
-5.240305802137190661e-13
-5.779881239419137895e-13
-6.312064586289078960e-13
-6.834066732658294896e-13
-7.343081221203306974e-13
-7.836304847207153923e-13
-8.310950668985461753e-13
-8.764276739244014625e-13
-9.193595320797220971e-13
-9.596299449521339398e-13
-9.969878655285979718e-13
-1.031194010389646643e-12
-1.062022431802533973e-12
-1.089262360864928780e-12
-1.112719942228390657e-12
-1.132220077242063194e-12
-1.147607291314411970e-12
-1.158747685477135025e-12
-1.165529695326683601e-12
-1.167865066806217378e-12
-1.165690048827994207e-12
-1.158965935374456357e-12
-1.147679716019534002e-12
-1.131843967508427973e-12
-1.111497504278913251e-12
-1.086705270041121718e-12
-1.057557904096673163e-12
-1.024171416078023533e-12
-9.866868606878131942e-13
-9.452697955977806821e-13
-9.001084383050694804e-13
-8.514135577120107712e-13
-7.994166851925388340e-13
-7.443688677596926873e-13
-6.865389875522487362e-13
-6.262124607921137898e-13
-5.636889609597628414e-13
-4.992806298606544679e-13
-4.333099634309944825e-13
-3.661078059637168369e-13
-2.980109648637041531e-13
-2.293602861889315614e-13
-1.604979170399811750e-13
-9.176540820624023986e-14
-2.350143734133891549e-14
4.396066776118749686e-14
1.102948976724679730e-13
1.751846687462685348e-13
2.383248492218020820e-13
2.994236802944527653e-13
3.582045955425466888e-13
4.144076574952304526e-13
4.677913330135285985e-13
5.181337672278962803e-13
5.652338948454460610e-13
6.089129309279350810e-13
6.490145877321995549e-13
6.854065925931962511e-13
7.179806337138938677e-13
7.466533901573368937e-13
7.713661523758852390e-13
7.920853643123004773e-13
8.088026233997458458e-13
8.215338674101568817e-13
8.303193744542414212e-13
8.352231666702847335e-13
8.363317091815425375e-13
8.337538016760237536e-13
8.276186268425800296e-13
8.180748830091677526e-13
8.052895373103496901e-13
7.894459825436017653e-13
7.707421940256198312e-13
7.493895369699299369e-13
7.256104354522174837e-13
6.996364750565253754e-13
6.717066681517780413e-13
6.420651228571105928e-13
6.109590372678497250e-13
5.786367478916032425e-13
5.453457780843495861e-13
5.113305070157669885e-13
4.768306517861919946e-13
4.420788008666770574e-13
4.072991130563835549e-13
3.727053388136170042e-13
3.384993836879485185e-13
3.048696007017931420e-13
2.719894893078028675e-13
2.400166653968027752e-13
2.090916144652926745e-13
1.793368784638177393e-13
1.508563375130292372e-13
1.237346135924896617e-13
9.803681981892034547e-14
7.380849268356567960e-14
5.107550734889838850e-14
2.984444017872095456e-14
1.010298293727682553e-14
-8.179387207688307293e-15
-2.505059792142893399e-14
-4.057498559145375494e-14
-5.483211202249836658e-14
-6.791545407655585898e-14
-7.993102978543636938e-14
-9.099569920267489009e-14
-1.012357447763116702e-13
-1.107849638306949991e-13
-1.197830761445403680e-13
-1.283737791632835745e-13
-1.367030539331862138e-13
-1.449172813000609850e-13
-1.531614190943692000e-13
-1.615772945127991189e-13
-1.703018016321541928e-13
-1.794652886586214913e-13
-1.891898909669315065e-13
-1.995879590072080489e-13
-2.107607030522526403e-13
-2.227966888670301904e-13
-2.357706857438607306e-13
-2.497423654598124321e-13
-2.647554213624364605e-13
-2.808364977201216472e-13
-2.979945663058453098e-13
-3.162200861404895758e-13
-3.354847324422982613e-13
-3.557408545257906285e-13
-3.769213673815441368e-13
-3.989397787812487550e-13
-4.216903790130871466e-13
-4.450483764070062298e-13
-4.688705478560206696e-13
-4.929957267071904958e-13
-5.172460224890651492e-13
-5.414273088026611003e-13
-5.653306598893403923e-13
-5.887335432532003754e-13
-6.114013375441151865e-13
-6.330891214913203502e-13
-6.535427581055852642e-13
-6.725015509745357889e-13
-6.896995453052612302e-13
-7.048678589589851828e-13
-7.177370676958449991e-13
-7.280386688478246437e-13
-7.355083339252721508e-13
-7.398878601808100974e-13
-7.409272848035719505e-13
-7.383880291055022749e-13
-7.320447416650499584e-13
-7.216882798831425472e-13
-7.071277157572053440e-13
-6.881933174371357431e-13
-6.647386634195395771e-13
-6.366429193722933366e-13
-6.038133317995408866e-13
-5.661872338157125650e-13
-5.237338882892184078e-13
-4.764566020366844956e-13
-4.243941352857771854e-13
-3.676222737683532138e-13
-3.062550213428494317e-13
-2.404453589358035437e-13
-1.703862880864451257e-13
-9.631076996032342241e-14
-1.849215394797865814e-14
6.275639323526441271e-14
1.470823381708244448e-13
2.340946176054153893e-13
3.233651139824406107e-13
4.144301546903095268e-13
5.067927956632634068e-13
5.999249491281388735e-13
6.932699314794732448e-13
7.862461766719452960e-13
8.782500009359150983e-13
9.686593974850277178e-13
1.056838861215880776e-12
1.142142695524650531e-12
1.223920270687628431e-12
1.301520414880019683e-12
1.374297377287891919e-12
1.441614839656213398e-12
1.502851554140149926e-12
1.557407848518099769e-12
1.604709420899297356e-12
1.644213844936848190e-12
1.675415340317287782e-12
1.697850302191661331e-12
1.711102288505517155e-12
1.714806248387379384e-12
1.708653726319175892e-12
1.692396114742755753e-12
1.665849424549448177e-12
1.628896778745059226e-12
1.581490255593565042e-12
1.523655117005584536e-12
1.455490025378813890e-12
1.377168453060850783e-12
1.288938790769411646e-12
1.191124347592331656e-12
1.084122700466261247e-12
9.684037426127556358e-13
8.445077861844729750e-13
7.130427433395258863e-13
5.746807652147467582e-13
4.301543387978667976e-13
2.802518416986088390e-13
1.258124057408951946e-13
-3.227920250428555071e-14
-1.930987921644478078e-13
-3.556887044012940757e-13
-5.190641753222147159e-13
-6.822203392486958506e-13
-8.441388321851761578e-13
-1.003794703607896466e-12
-1.160164412455921834e-12
-1.312231356562221229e-12
-1.458994275220504289e-12
-1.599473266507278613e-12
-1.732716292494884680e-12
-1.857806443406051500e-12
-1.973866599683238299e-12
-2.080066370882538429e-12
-2.175626866163238304e-12
-2.259825139516724590e-12
-2.331998743415608644e-12
-2.391551366665023437e-12
-2.437952400721754564e-12
-2.470743228066840658e-12
-2.489538089567311374e-12
-2.494026036040097871e-12
-2.483972012454205291e-12
-2.459217725292450751e-12
-2.419682076232332335e-12
-2.365360945305594598e-12
-2.296326974057794068e-12
-2.212727397143954278e-12
-2.114783825488131264e-12
-2.002790945240806586e-12
-1.877113265172369871e-12
-1.738183598790077333e-12
-1.586501004353924049e-12
-1.422627749110561002e-12
-1.247187357729384605e-12
-1.060861359696019246e-12
-8.643866330169946988e-13
-6.585528021345321559e-13
-4.441994461059500798e-13
-2.222131034951627115e-13
6.475358511654101534e-15
2.408931073279857449e-13
4.800286145141552385e-13
7.228336852682648583e-13
9.682264755575542559e-13
1.215093889221641188e-12
1.462294152952681170e-12
1.708659581010907313e-12
1.952999394150278789e-12
2.194102755384563785e-12
2.430740938391684480e-12
2.661671013801103491e-12
2.885639860741862073e-12
3.101386552087359583e-12
3.307647558625781414e-12
3.503160435347485446e-12
3.686668158253691985e-12
3.856924762207780688e-12
4.012700761946152994e-12
4.152788789929529045e-12
4.276009667875113607e-12
4.381221080373975951e-12
4.467321911699739800e-12
4.533262220468570192e-12
4.578050178533077386e-12
4.600759009876220773e-12
4.600539567356509707e-12
4.576623802154955456e-12
4.528338207882010025e-12
4.455108591067125090e-12
4.356473515265690821e-12
4.232088637867725822e-12
4.081737118438732992e-12
3.905338726017948403e-12
3.702955043288769232e-12
3.474797489674830153e-12
3.221233392872169254e-12
2.942792060381393959e-12
2.640167381592894991e-12
2.314223465638143296e-12
1.965994207708821051e-12
1.596687192184642612e-12
1.207680331606619806e-12
8.005218124669533086e-13
3.769261107660487609e-13
-6.123067005682492070e-14
-5.119172772315161435e-13
-9.729550064924152863e-13
-1.442027595423278630e-12
-1.916692282319387708e-12
-2.394391542676066464e-12
-2.872468322229204674e-12
-3.348180240003717500e-12
-3.818716610287653523e-12
-4.281216006707388999e-12
-4.732784476824125619e-12
-5.170517226177340220e-12
-5.591515531838675557e-12
-5.992910594859734985e-12
-6.371883489592056193e-12
-6.725687281411429908e-12
-7.051669144442218595e-12
-7.347289443515592211e-12
-7.610143418212977906e-12
-7.837984601632985715e-12
-8.028737397136609388e-12
-8.180523966561104032e-12
-8.291678975369531912e-12
-8.360762603076832278e-12
-8.386577890484581133e-12
-8.368182882745323070e-12
-8.304904507150379089e-12
-8.196344644662012513e-12
-8.042389670892546860e-12
-7.843214792913055788e-12
-7.599287518700315047e-12
-7.311369391860278455e-12
-6.980509920095911980e-12
-6.608053080420228653e-12
-6.195621706645004778e-12
-5.745114887295565964e-12
-5.258693654142110319e-12
-4.738774043305804540e-12
-4.188008446981417165e-12
-3.609270868287772771e-12
-3.005640224554295692e-12
-2.380377362234953331e-12
-1.736907384412844646e-12
-1.078795581511970969e-12
-4.097239854252560098e-13
2.665329437191721329e-13
9.461334710483826349e-13
1.625194878847324720e-12
2.299819406095804375e-12
2.966120188005461067e-12
3.620247981603319509e-12
4.258417403424363812e-12
4.876931324060418405e-12
5.472207322693156684e-12
6.040800672180157704e-12
6.579427540981397371e-12
7.084987110883567141e-12
7.554580225277440775e-12
7.985530639520455054e-12
8.375401934490600553e-12
8.722011828055098448e-12
9.023446052858208333e-12
9.278073101470774020e-12
9.484546828475437508e-12
9.641821195616184781e-12
9.749155475968773743e-12
9.806111651855520250e-12
9.812559619015726042e-12
9.768678053967416730e-12
9.674950077198651854e-12
9.532155446911882990e-12
9.341369691662215757e-12
9.103946763122650054e-12
8.821514699275390115e-12
8.495963481347512669e-12
8.129429421299683156e-12
7.724276079867919975e-12
7.283079521414048685e-12
6.808614869818763182e-12
6.303828986586879068e-12
5.771826159378656840e-12
5.215841647476793241e-12
4.639225201913399488e-12
4.045413743575254628e-12
3.437912714926438795e-12
2.820269191794455566e-12
2.196051500369389231e-12
1.568824931075241125e-12
9.421296208456109156e-13
3.194579475084002862e-13
-2.957673439930169623e-13
-9.002142022269954413e-13
-1.490661110173374659e-12
-2.064016058761497519e-12
-2.617336035404260741e-12
-3.147843314135756465e-12
-3.652939062348536936e-12
-4.130222205911415756e-12
-4.577497669105978773e-12
-4.992790469254826391e-12
-5.374354607179387955e-12
-5.720679138732087665e-12
-6.030497282094593459e-12
-6.302789887224768961e-12
-6.536788037941887453e-12
-6.731973919288369856e-12
-6.888081251210653733e-12
-7.005088783346158365e-12
-7.083221596065891745e-12
-7.122941559495332697e-12
-7.124942129344002950e-12
-7.090138805926349264e-12
-7.019658725820887568e-12
-6.914825916720657162e-12
-6.777154358539316803e-12
-6.608329768814646954e-12
-6.410194423878134984e-12
-6.184735015790643331e-12
-5.934060100937221804e-12
-5.660388390643644740e-12
-5.366027934494699281e-12
-5.053357905737687616e-12
-4.724810820366798225e-12
-4.382854756207477109e-12
-4.029974270958192051e-12
-3.668653488636541837e-12
-3.301357234461455015e-12
-2.930513253937561124e-12
-2.558498118226948392e-12
-2.187619876914403960e-12
-1.820103529698302580e-12
-1.458076714921929806e-12
-1.103558433870888145e-12
-7.584459319268099797e-13
-4.245051846932940132e-13
-1.033615670809583109e-13
2.035076615688677371e-13
4.947796187516895206e-13
7.692903931065531165e-13
1.026038954320129815e-12
1.264189057256781545e-12
1.483069851822282903e-12
1.682174365080779666e-12
1.861158579682942182e-12
2.019837422317927178e-12
2.158180535324905058e-12
2.276305879900242246e-12
2.374473230884466268e-12
2.453077237868361848e-12
2.512636583171246052e-12
2.553787693468367870e-12
2.577272163045707387e-12
2.583927863342161402e-12
2.574676366204342592e-12
2.550513402907461646e-12
2.512495636888822936e-12
2.461730255406968659e-12
2.399363260158215994e-12
2.326567757893194255e-12
2.244533335235554539e-12
2.154454132458072380e-12
2.057519953024833370e-12
1.954905204729073809e-12
1.847760009235366319e-12
1.737202395823977952e-12
1.624309194092621311e-12
1.510109311902985141e-12
1.395577880689002903e-12
1.281630183924686861e-12
1.169117211895220887e-12
1.058822083829791261e-12
9.514566868748519646e-13
8.476599413706487063e-13
7.479962287580688152e-13
6.529552289483153693e-13
5.629518661127985713e-13
4.783276097257427306e-13
3.993517485017389346e-13
3.262239653759047009e-13
2.590771022194238160e-13
1.979805344188081961e-13
1.429437216380127773e-13
9.392044298317178685e-14
5.081337436864570567e-14
1.347857440350992697e-14
-1.826977900020419765e-14
-4.465422511466289601e-14
-6.592924990667103913e-14
-8.237627837888797377e-14
-9.429869401609766721e-14
-1.020171225057583952e-13
-1.058647188466842193e-13
-1.061828440928822004e-13
-1.033168437413432839e-13
-9.761193454005043235e-14
-8.940980957992603062e-14
-7.904511463777130764e-14
-6.684247339655557951e-14
-5.311384809075260505e-14
-3.815614748529753963e-14
-2.224933799211455815e-14
-5.654806778946286014e-15
1.138607776314005948e-14
2.865267837446131005e-14
4.594578434076804219e-14
6.308779318181176321e-14
7.992287794035199400e-14
9.631657721820979789e-14
1.121551582074914455e-13
1.273449390642306112e-13
1.418112589163245119e-13
1.554973462275163754e-13
1.683626924941367120e-13
1.803820900156752338e-13
1.915437074359246927e-13
2.018476938326838055e-13
2.113042949164825601e-13
2.199325926455567015e-13
2.277585401094101014e-13
2.348135249609362152e-13
2.411328244283222899e-13
2.467542771673880697e-13
2.517168602462344085e-13
2.560597133632880329e-13
2.598205667541514385e-13
2.630354430360054563e-13
2.657373561650022697e-13
2.679557693351791725e-13
2.697162155076981982e-13
2.710395926794340049e-13
2.719421367779195631e-13
2.724349879804771613e-13
2.725243804495985911e-13
2.722114525975649624e-13
2.714924097167725758e-13
2.703589034504932931e-13
2.687981673181460973e-13
2.667934775012203996e-13
2.643243696837105361e-13
2.613674522037451320e-13
2.578967042091845352e-13
2.538841261789243076e-13
2.493004446543073405e-13
2.441155188149385369e-13
2.382992620505314241e-13
2.318221840619943963e-13
2.246559736200984259e-13
2.167743388221607392e-13
2.081534949830224357e-13
1.987728693664606028e-13
1.886156161812202470e-13
1.776692535497906289e-13
1.659261513993828818e-13
1.533838160650002891e-13
1.400455679157960875e-13
1.259206904328721843e-13
1.110247080360858563e-13
9.537965035832929317e-14
7.901420132332831470e-14
6.196379401333246273e-14
4.427055645900637715e-14
2.598345394096493455e-14
7.157940859231926717e-15
-1.214399352698078763e-14
-3.185406989179503934e-14
-5.189800344573662627e-14
-7.219585037221074031e-14
-9.266234833474676358e-14
-1.132073425345707374e-13
-1.337363379760869719e-13
-1.541509162070880956e-13
-1.743494671552214825e-13
-1.942277989917112757e-13
-2.136797683238711443e-13
-2.325980933467336476e-13
-2.508751127845709750e-13
-2.684037074627415587e-13
-2.850779237239392527e-13
-3.007940847354201308e-13
-3.154516849557947866e-13
-3.289541219714947617e-13
-3.412096993837820946e-13
-3.521325483805959333e-13
-3.616434950982905239e-13
-3.696709821934818230e-13
-3.761515838390794286e-13
-3.810309815062418171e-13
-3.842646144856798340e-13
-3.858182761988515619e-13
-3.856686020889399380e-13
-3.838036388269933097e-13
-3.802231424675228677e-13
-3.749389037091543919e-13
-3.679750189451713727e-13
-3.593678360534063865e-13
-3.491661712366755932e-13
-3.374309295520183660e-13
-3.242353488561861008e-13
-3.096643221792844125e-13
-2.938142621995015746e-13
-2.767925320369679643e-13
-2.587169031526698193e-13
-2.397148506170371229e-13
-2.199228619310586441e-13
-1.994855832170711052e-13
-1.785548705418582571e-13
-1.572888141346956425e-13
-1.358506812902324223e-13
-1.144077372986287977e-13
-9.313011380953847840e-14
-7.218953489455601225e-14
-5.175816508240851932e-14
-3.200718973173609372e-14
-1.310568170100837732e-14
4.780726375620261356e-15
2.149117574168617900e-14
3.687061235751326604e-14
5.077115485842276232e-14
6.305313936987369527e-14
7.358620413315183906e-14
8.225030763897231423e-14
8.893665697558977845e-14
9.354860907185430507e-14
9.600239575741423281e-14
9.622784204665543739e-14
9.416879981957032575e-14
8.978387965822426375e-14
8.304666768719007330e-14
7.394603050540904388e-14
6.248631847409827356e-14
4.868733522356456789e-14
3.258437153452233004e-14
1.422803593150410995e-14
-6.316087094933612797e-15
-2.896777463083990978e-14
-5.363268626413196516e-14
-8.020294091403215586e-14
-1.085578634906110562e-13
-1.385647781411425417e-13
-1.700798112373377857e-13
-2.029492703449833901e-13
-2.370100914573375350e-13
-2.720915669423423777e-13
-3.080160909316176365e-13
-3.446004874681218855e-13
-3.816575419417211901e-13
-4.189970039761986564e-13
-4.564267258415355411e-13
-4.937542345470613547e-13
-5.307878702537349724e-13
-5.673380602116973037e-13
-6.032183758573894661e-13
-6.382467254359425191e-13
-6.722465466235671983e-13
-7.050475112589660309e-13
-7.364867179657230700e-13
-7.664096137241505069e-13
-7.946704817622662897e-13
-8.211333631276407363e-13
-8.456729240491345223e-13
-8.681742390964641842e-13
-8.885339295924832292e-13
-9.066602720333993837e-13
-9.224734691393177144e-13
-9.359058666946751259e-13
-9.469020619684576090e-13
-9.554187952939829920e-13
-9.614251669093354380e-13
-9.649022032764964507e-13
-9.658429655015621229e-13
-9.642516819730051481e-13
-9.601441820425438145e-13
-9.535468118229695200e-13
-9.444963257679295232e-13
-9.330396698314924464e-13
-9.192327888457585416e-13
-9.031401928399906964e-13
-8.848349570406144338e-13
-8.643978545094799237e-13
-8.419161093113636252e-13
-8.174838844049459041e-13
-7.912008721799868027e-13
-7.631721318270001664e-13
-7.335072219755156553e-13
-7.023200380637528717e-13
-6.697278907667747472e-13
-6.358509096852926756e-13
-6.008118265052320162e-13
-5.647353786865372260e-13
-5.277478215721942423e-13
-4.899761694467097417e-13
-4.515478973805137075e-13
-4.125904533389818107e-13
-3.732306347661862311e-13
-3.335941820090809751e-13
-2.938053446366328814e-13
-2.539861767084095057e-13
-2.142561979614002188e-13
-1.747316755260769350e-13
-1.355253935334324589e-13
-9.674598226488625996e-14
-5.849766743053208540e-14
-2.087948412256290798e-14
1.601491630824104784e-14
5.209779818920318162e-14
8.728764645761152852e-14
1.215094377112618806e-13
1.546951992502029749e-13
1.867842631866206693e-13
2.177233951938459255e-13
2.474668690452541675e-13
2.759769680577700557e-13
3.032240799595575798e-13
3.291864393920040932e-13
3.538506835633337122e-13
3.772115811980641942e-13
3.992720325370069379e-13
4.200432861777014804e-13
4.395443698682749423e-13
4.578021989276592763e-13
4.748517659809714520e-13
4.907352193876668434e-13
5.055020529769194138e-13
5.192086994718070336e-13
5.319183136488769836e-13
5.437000676067338389e-13
5.546292049761480936e-13
5.647858482976664263e-13
5.742553242822634463e-13
5.831269169788433349e-13
5.914935425135880998e-13
5.994514238293058295e-13
6.070989522731495835e-13
6.145361454955311498e-13
6.218641595591434257e-13
6.291843673671138060e-13
6.365975997214834425e-13
6.442036574322296261e-13
6.521002271150933005e-13
6.603823390904928203e-13
6.691417168622204592e-13
6.784658555455957973e-13
6.884374255562708544e-13
6.991332968282748528e-13
7.106244846039055929e-13
7.229750110214483438e-13
7.362413088039809761e-13
7.504720044189394645e-13
7.657069422961626515e-13
7.819775100885439922e-13
7.993048497384469542e-13
8.177009416798775021e-13
8.371673580059857400e-13
8.576955335196090324e-13
8.792662236321857616e-13
9.018495585738639519e-13
9.254048265530667727e-13
9.498810158575787810e-13
9.752158932826993087e-13
1.001337359383958070e-12
1.028162689535594421e-12
1.055599618132729844e-12
1.083546230171150704e-12
1.111891286507959986e-12
1.140515199643532540e-12
1.169290358982166822e-12
1.198081672933171138e-12
1.226747219432167135e-12
1.255139113302827791e-12
1.283104915719701644e-12
1.310487200527343798e-12
1.337125072123357405e-12
1.362855358080783397e-12
1.387513151249186727e-12
1.410932893956828860e-12
1.432949028531971258e-12
1.453397623606134115e-12
1.472116590954530846e-12
1.488946878118457828e-12
1.503733877868118629e-12
1.516327861883493000e-12
1.526584631275640369e-12
1.534367142889958568e-12
1.539545617726401083e-12
1.541998625141649537e-12
1.541613191269330940e-12
1.538286967424362661e-12
1.531927037480562692e-12
1.522451218913256632e-12
1.509789038581232923e-12
1.493881515886308353e-12
1.474680945932893561e-12
1.452152525831251761e-12
1.426273053654891765e-12
1.397031904222523213e-12
1.364430920677839332e-12
1.328484522909734178e-12
1.289218840190564652e-12
1.246672253277236742e-12
1.200894852310119276e-12
1.151948328392826681e-12
1.099904889390046492e-12
1.044848018869060091e-12
9.868707413762667358e-13
9.260763813787042942e-13
8.625769911708991433e-13
7.964929714041057984e-13
7.279532879267414103e-13
6.570937370609097883e-13
5.840569998125100248e-13
5.089920997701502525e-13
4.320532646928665343e-13
3.533997096696883666e-13
2.731949052831722513e-13
1.916061574810598578e-13
1.088037402145400345e-13
2.496071078506630764e-14
-5.974787450815227663e-14
-1.451452348068260623e-13
-2.310533763014849251e-13
-3.172934733963045373e-13
-4.036864158923902934e-13
-4.900526599099785940e-13
-5.762129597249032731e-13
-6.619883135584869738e-13
-7.472002617331385821e-13
-8.316709950925704753e-13
-9.152234092119071462e-13
-9.976815380785541976e-13
-1.078869849360786226e-12
-1.158614111769484811e-12
-1.236740202435748781e-12
-1.313075841634370189e-12
-1.387448532799706591e-12
-1.459686971988505277e-12
-1.529619855257513539e-12
-1.597076962865651151e-12
-1.661888291912272386e-12
-1.723883622656297021e-12
-1.782894144819469062e-12
-1.838749638660708285e-12
-1.891281619162410443e-12
-1.940320950785667797e-12
-1.985699148512876100e-12
-2.027248594688169092e-12
-2.064802322176984006e-12
-2.098194231206496063e-12
-2.127259956727356460e-12
-2.151836434732823378e-12
-2.171763636982237955e-12
-2.186884571001024291e-12
-2.197046147442427433e-12
-2.202099396927947872e-12
-2.201901855292121013e-12
-2.196317129901648180e-12
-2.185217068059741585e-12
-2.168482624367862321e-12
-2.146004944927892844e-12
-2.117687752586916439e-12
-2.083447997458520717e-12
-2.043217591646273590e-12
-1.996946011328937232e-12
-1.944600513600902580e-12
-1.886169172238272296e-12
-1.821662178741467741e-12
-1.751113685478922211e-12
-1.674583974091425898e-12
-1.592160431274081134e-12
-1.503959717180647360e-12
-1.410129391726799852e-12
-1.310849215632736708e-12
-1.206332343045568578e-12
-1.096826731002142896e-12
-9.826161152109991193e-13
-8.640203353130204711e-13
-7.413964190836064283e-13
-6.151383655922382232e-13
-4.856769825721529710e-13
-3.534801845759411032e-13
-2.190509736490001136e-13
-8.292771038007767936e-14
5.431822390966276060e-14
1.920841280088000924e-13
3.297378917219845329e-13
4.666210993986563693e-13
6.020516658995778148e-13
7.353276516332274415e-13
8.657305016097904815e-13
9.925294093549030805e-13
1.114985924768885361e-12
1.232358941456734858e-12
1.343909575637902698e-12
1.448906099266178416e-12
1.546629794721421369e-12
1.636380917921509415e-12
1.717484661434287574e-12
1.789296683908647712e-12
1.851208856346042708e-12
1.902655550473086876e-12
1.943119710273721878e-12
1.972137947739427410e-12
1.989306505981169870e-12
1.994286029718961295e-12
1.986807419973590783e-12
1.966673785630534965e-12
1.933767599174296414e-12
1.888051564050141629e-12
1.829573168313225473e-12
1.758466853032936150e-12
1.674954879654633189e-12
1.579347872100733685e-12
1.472046768334622779e-12
1.353540760376525931e-12
1.224406752202422677e-12
1.085306757658832666e-12
9.369848646967326999e-13
7.802644706560168952e-13
6.160431865152860009e-13
4.452873345658220350e-13
2.690263918754542960e-13
8.834649862805160625e-14
-9.561698221388637009e-14
-2.816875422154141440e-13
-4.686552795146736727e-13
-6.552866973000281980e-13
-8.403328488788830430e-13
-1.022539474967998352e-12
-1.200656327832172465e-12
-1.373447796465532278e-12
-1.539701851259456244e-12
-1.698240398133321616e-12
-1.847928494252970566e-12
-1.987684539531131556e-12
-2.116489058665016465e-12
-2.233392290551527992e-12
-2.337523837686594774e-12
-2.428099605059075294e-12
-2.504428522204227292e-12
-2.565918831576308179e-12
-2.612082642197699478e-12
-2.642541350669769251e-12
-2.657028243258086064e-12
-2.655391748498936444e-12
-2.637596304561062865e-12
-2.603723226607401742e-12
-2.553969188912041943e-12
-2.488646224860224798e-12
-2.408177823820523145e-12
-2.313095895378758371e-12
-2.204037083050613965e-12
-2.081735391706862615e-12
-1.947018067605110758e-12
-1.800795948990463469e-12
-1.644058912446400011e-12
-1.477864488771962748e-12
-1.303330165146332487e-12
-1.121624603091231354e-12
-9.339561459278944433e-13
-7.415634946383864445e-13
-5.457054621550716522e-13
-3.476503210742692973e-13
-1.486653682103433738e-13
4.999372430251024235e-14
2.470923585098233621e-13
4.414279000924253848e-13
6.318384400752496965e-13
8.172118038697606668e-13
9.964943366996825702e-13
1.168698384595989737e-12
1.332909910917168261e-12
1.488293863149969809e-12
1.634100732332555150e-12
1.769670889863184104e-12
1.894437948526950244e-12
2.007932231942732848e-12
2.109781967185586637e-12
2.199714585829348756e-12
2.277557266047725015e-12
2.343234764209944920e-12
2.396768547519023684e-12
2.438273324564810274e-12
2.467954226398338946e-12
2.486101602361401319e-12
2.493087116958725424e-12
2.489356377283202804e-12
2.475423728845460580e-12
2.451865533520392049e-12
2.419311495929776790e-12
2.378439025590983746e-12
2.329963912778287849e-12
2.274631871745924627e-12
2.213212035515055298e-12
2.146486113852041910e-12
2.075243405938453911e-12
2.000270392030212285e-12
1.922343794563685648e-12
1.842223422421351842e-12
1.760644256255938789e-12
1.678309726436955085e-12
1.595886617300479315e-12
1.513997911414821651e-12
1.433218778032485652e-12
1.354070935238871343e-12
1.277019505765975005e-12
1.202469764385871720e-12
1.130764535825501405e-12
1.062181917942106590e-12
9.969345227817116850e-13
9.351688260578194800e-13
8.769657092524973940e-13
8.223410559275723397e-13
7.712473238177808277e-13
7.235763095463088046e-13
6.791618591302228669e-13
6.377829037465532203e-13
5.991677965409836215e-13
5.629988120668671936e-13
5.289175130859802287e-13
4.965293042176466276e-13
4.654096118911210667e-13
4.351096577221574835e-13
4.051626113603379320e-13
3.750904480678135533e-13
3.444098034110359974e-13
3.126383158434664633e-13
2.793014300742080458e-13
2.439389835962035846e-13
2.061103837516092829e-13
1.654016685984430191e-13
1.214301012172902539e-13
7.385068847686609983e-14
2.236008416183626890e-14
-3.329828478378614454e-14
-9.333016266288921003e-14
-1.578872937339076410e-13
-2.270636478320098295e-13
-3.008939939656146700e-13
-3.793510373450298401e-13
-4.623448976101562913e-13
-5.497220517333700762e-13
-6.412654153346852848e-13
-7.366954810940351539e-13
-8.356709421675212468e-13
-9.377910774321929210e-13
-1.042598841462238912e-12
-1.149582382412028814e-12
-1.258181167758387620e-12
-1.367788152704940696e-12
-1.477756176974931446e-12
-1.587402410040128498e-12
-1.696013663711470887e-12
-1.802853981554275453e-12
-1.907169517798013025e-12
-2.008195693070646826e-12
-2.105164133292536377e-12
-2.197309608570341410e-12
-2.283877080511143021e-12
-2.364128207435478579e-12
-2.437348283271245641e-12
-2.502853393288040351e-12
-2.559996919310192354e-12
-2.608175394408496217e-12
-2.646834791272811849e-12
-2.675475509542057928e-12
-2.693658447336377826e-12
-2.701008904384960552e-12
-2.697220268313427205e-12
-2.682058785133389911e-12
-2.655365077125493301e-12
-2.617057395445931967e-12
-2.567133571690360938e-12
-2.505670584213026686e-12
-2.432825642328939608e-12
-2.348835969473439533e-12
-2.254017285319154240e-12
-2.148762721573826973e-12
-2.033538702012060995e-12
-1.908884291954016099e-12
-1.775405994094980677e-12
-1.633773194856247279e-12
-1.484714586517943413e-12
-1.329012529367734619e-12
-1.167496763328224052e-12
-1.001038444845003816e-12
-8.305439669342717934e-13
-6.569489960708829734e-13
-4.812099612012954442e-13
-3.042980906316217204e-13
-1.271918226124213458e-13
4.913007256883081264e-14
2.236958177286724192e-13
3.955474999189217966e-13
5.637481583983805500e-13
7.273883101746592139e-13
8.855921096277696858e-13
1.037523907933268763e-12
1.182393592757957634e-12
1.319461792430309810e-12
1.448044917480573179e-12
1.567519551659568577e-12
1.677326029805858987e-12
1.776972015712918740e-12
1.866034236852609496e-12
1.944162929604087431e-12
2.011080321370761759e-12
2.066584316867681181e-12
2.110547197078926906e-12
2.142915836098047144e-12
2.163712134808926102e-12
2.173029334598397533e-12
2.171032451037113731e-12
2.157953937070855588e-12
2.134093249339663600e-12
2.099810776645671950e-12
2.055525888389198030e-12
2.001712814600487000e-12
1.938895441769283856e-12
1.867643626557446979e-12
1.788567449527433961e-12
1.702312553072959922e-12
1.609554611987917827e-12
1.510994671397036804e-12
1.407353075223716221e-12
1.299364045179163263e-12
1.187771452373920233e-12
1.073322095264395148e-12
9.567617965250407863e-13
8.388296025667318911e-13
7.202540430392700976e-13
6.017473845598697579e-13
4.840024323167491094e-13
3.676876782644084019e-13
2.534443195676555627e-13
1.418826942869641505e-13
3.357873400449025436e-14
-7.092826895477646887e-14
-1.711378705849392334e-13
