-2.665906503798026739e-13
-3.568702950339230906e-13
-4.416038932100740944e-13
-5.204636634864590050e-13
-5.931672796173625972e-13
-6.594781144786399096e-13
0.000000000000000000e+00
0.000000000000000000e+00
0.000000000000000000e+00
0.000000000000000000e+00
0.000000000000000000e+00
0.000000000000000000e+00
0.000000000000000000e+00
0.000000000000000000e+00
0.000000000000000000e+00
0.000000000000000000e+00
0.000000000000000000e+00
0.000000000000000000e+00
0.000000000000000000e+00
0.000000000000000000e+00
0.000000000000000000e+00
0.000000000000000000e+00
0.000000000000000000e+00
0.000000000000000000e+00
0.000000000000000000e+00
0.000000000000000000e+00
0.000000000000000000e+00
0.000000000000000000e+00
0.000000000000000000e+00
0.000000000000000000e+00
0.000000000000000000e+00
0.000000000000000000e+00
0.000000000000000000e+00
0.000000000000000000e+00
0.000000000000000000e+00
0.000000000000000000e+00
0.000000000000000000e+00
0.000000000000000000e+00
0.000000000000000000e+00
0.000000000000000000e+00
0.000000000000000000e+00
0.000000000000000000e+00
0.000000000000000000e+00
0.000000000000000000e+00
0.000000000000000000e+00
0.000000000000000000e+00
0.000000000000000000e+00
0.000000000000000000e+00
0.000000000000000000e+00
0.000000000000000000e+00
0.000000000000000000e+00
0.000000000000000000e+00
0.000000000000000000e+00
0.000000000000000000e+00
0.000000000000000000e+00
0.000000000000000000e+00
0.000000000000000000e+00
0.000000000000000000e+00
0.000000000000000000e+00
0.000000000000000000e+00
0.000000000000000000e+00
0.000000000000000000e+00
0.000000000000000000e+00
0.000000000000000000e+00
0.000000000000000000e+00
0.000000000000000000e+00
0.000000000000000000e+00
0.000000000000000000e+00
0.000000000000000000e+00
0.000000000000000000e+00
0.000000000000000000e+00
0.000000000000000000e+00
0.000000000000000000e+00
0.000000000000000000e+00
0.000000000000000000e+00
0.000000000000000000e+00
0.000000000000000000e+00
0.000000000000000000e+00
0.000000000000000000e+00
0.000000000000000000e+00
0.000000000000000000e+00
0.000000000000000000e+00
0.000000000000000000e+00
0.000000000000000000e+00
0.000000000000000000e+00
0.000000000000000000e+00
0.000000000000000000e+00
0.000000000000000000e+00
0.000000000000000000e+00
0.000000000000000000e+00
0.000000000000000000e+00
0.000000000000000000e+00
0.000000000000000000e+00
0.000000000000000000e+00
0.000000000000000000e+00
0.000000000000000000e+00
0.000000000000000000e+00
0.000000000000000000e+00
0.000000000000000000e+00
0.000000000000000000e+00
0.000000000000000000e+00
0.000000000000000000e+00
0.000000000000000000e+00
0.000000000000000000e+00
0.000000000000000000e+00
0.000000000000000000e+00
0.000000000000000000e+00
0.000000000000000000e+00
0.000000000000000000e+00
0.000000000000000000e+00
0.000000000000000000e+00
0.000000000000000000e+00
0.000000000000000000e+00
0.000000000000000000e+00
0.000000000000000000e+00
0.000000000000000000e+00
0.000000000000000000e+00
0.000000000000000000e+00
0.000000000000000000e+00
0.000000000000000000e+00
0.000000000000000000e+00
0.000000000000000000e+00
0.000000000000000000e+00
0.000000000000000000e+00
0.000000000000000000e+00
0.000000000000000000e+00
0.000000000000000000e+00
0.000000000000000000e+00
0.000000000000000000e+00
0.000000000000000000e+00
0.000000000000000000e+00
0.000000000000000000e+00
0.000000000000000000e+00
0.000000000000000000e+00
0.000000000000000000e+00
0.000000000000000000e+00
0.000000000000000000e+00
0.000000000000000000e+00
0.000000000000000000e+00
0.000000000000000000e+00
0.000000000000000000e+00
0.000000000000000000e+00
0.000000000000000000e+00
0.000000000000000000e+00
0.000000000000000000e+00
0.000000000000000000e+00
0.000000000000000000e+00
0.000000000000000000e+00
0.000000000000000000e+00
0.000000000000000000e+00
0.000000000000000000e+00
0.000000000000000000e+00
0.000000000000000000e+00
0.000000000000000000e+00
0.000000000000000000e+00
0.000000000000000000e+00
0.000000000000000000e+00
0.000000000000000000e+00
0.000000000000000000e+00
0.000000000000000000e+00
0.000000000000000000e+00
0.000000000000000000e+00
0.000000000000000000e+00
0.000000000000000000e+00
0.000000000000000000e+00
0.000000000000000000e+00
0.000000000000000000e+00
0.000000000000000000e+00
0.000000000000000000e+00
0.000000000000000000e+00
0.000000000000000000e+00
0.000000000000000000e+00
0.000000000000000000e+00
0.000000000000000000e+00
0.000000000000000000e+00
0.000000000000000000e+00
0.000000000000000000e+00
0.000000000000000000e+00
0.000000000000000000e+00
0.000000000000000000e+00
0.000000000000000000e+00
0.000000000000000000e+00
0.000000000000000000e+00
0.000000000000000000e+00
0.000000000000000000e+00
0.000000000000000000e+00
0.000000000000000000e+00
0.000000000000000000e+00
0.000000000000000000e+00
0.000000000000000000e+00
0.000000000000000000e+00
0.000000000000000000e+00
0.000000000000000000e+00
0.000000000000000000e+00
0.000000000000000000e+00
0.000000000000000000e+00
0.000000000000000000e+00
0.000000000000000000e+00
0.000000000000000000e+00
0.000000000000000000e+00
0.000000000000000000e+00
0.000000000000000000e+00
0.000000000000000000e+00
0.000000000000000000e+00
0.000000000000000000e+00
0.000000000000000000e+00
0.000000000000000000e+00
0.000000000000000000e+00
0.000000000000000000e+00
0.000000000000000000e+00
0.000000000000000000e+00
0.000000000000000000e+00
0.000000000000000000e+00
0.000000000000000000e+00
0.000000000000000000e+00
0.000000000000000000e+00
0.000000000000000000e+00
0.000000000000000000e+00
0.000000000000000000e+00
0.000000000000000000e+00
0.000000000000000000e+00
0.000000000000000000e+00
0.000000000000000000e+00
0.000000000000000000e+00
0.000000000000000000e+00
0.000000000000000000e+00
0.000000000000000000e+00
0.000000000000000000e+00
0.000000000000000000e+00
0.000000000000000000e+00
0.000000000000000000e+00
0.000000000000000000e+00
0.000000000000000000e+00
0.000000000000000000e+00
0.000000000000000000e+00
0.000000000000000000e+00
0.000000000000000000e+00
0.000000000000000000e+00
0.000000000000000000e+00
0.000000000000000000e+00
0.000000000000000000e+00
0.000000000000000000e+00
0.000000000000000000e+00
0.000000000000000000e+00
0.000000000000000000e+00
0.000000000000000000e+00
0.000000000000000000e+00
0.000000000000000000e+00
0.000000000000000000e+00
0.000000000000000000e+00
0.000000000000000000e+00
0.000000000000000000e+00
0.000000000000000000e+00
0.000000000000000000e+00
0.000000000000000000e+00
0.000000000000000000e+00
0.000000000000000000e+00
0.000000000000000000e+00
0.000000000000000000e+00
0.000000000000000000e+00
0.000000000000000000e+00
0.000000000000000000e+00
0.000000000000000000e+00
0.000000000000000000e+00
0.000000000000000000e+00
0.000000000000000000e+00
0.000000000000000000e+00
0.000000000000000000e+00
0.000000000000000000e+00
0.000000000000000000e+00
0.000000000000000000e+00
0.000000000000000000e+00
0.000000000000000000e+00
0.000000000000000000e+00
0.000000000000000000e+00
0.000000000000000000e+00
0.000000000000000000e+00
0.000000000000000000e+00
0.000000000000000000e+00
0.000000000000000000e+00
0.000000000000000000e+00
0.000000000000000000e+00
0.000000000000000000e+00
0.000000000000000000e+00
0.000000000000000000e+00
0.000000000000000000e+00
0.000000000000000000e+00
0.000000000000000000e+00
0.000000000000000000e+00
0.000000000000000000e+00
0.000000000000000000e+00
0.000000000000000000e+00
0.000000000000000000e+00
0.000000000000000000e+00
0.000000000000000000e+00
0.000000000000000000e+00
0.000000000000000000e+00
0.000000000000000000e+00
0.000000000000000000e+00
0.000000000000000000e+00
0.000000000000000000e+00
0.000000000000000000e+00
0.000000000000000000e+00
0.000000000000000000e+00
0.000000000000000000e+00
0.000000000000000000e+00
0.000000000000000000e+00
0.000000000000000000e+00
0.000000000000000000e+00
0.000000000000000000e+00
0.000000000000000000e+00
0.000000000000000000e+00
0.000000000000000000e+00
0.000000000000000000e+00
0.000000000000000000e+00
0.000000000000000000e+00
0.000000000000000000e+00
0.000000000000000000e+00
0.000000000000000000e+00
0.000000000000000000e+00
0.000000000000000000e+00
0.000000000000000000e+00
0.000000000000000000e+00
0.000000000000000000e+00
0.000000000000000000e+00
0.000000000000000000e+00
0.000000000000000000e+00
0.000000000000000000e+00
0.000000000000000000e+00
0.000000000000000000e+00
0.000000000000000000e+00
0.000000000000000000e+00
0.000000000000000000e+00
0.000000000000000000e+00
0.000000000000000000e+00
0.000000000000000000e+00
0.000000000000000000e+00
0.000000000000000000e+00
0.000000000000000000e+00
0.000000000000000000e+00
0.000000000000000000e+00
0.000000000000000000e+00
0.000000000000000000e+00
0.000000000000000000e+00
0.000000000000000000e+00
0.000000000000000000e+00
0.000000000000000000e+00
0.000000000000000000e+00
0.000000000000000000e+00
0.000000000000000000e+00
0.000000000000000000e+00
0.000000000000000000e+00
0.000000000000000000e+00
0.000000000000000000e+00
0.000000000000000000e+00
0.000000000000000000e+00
0.000000000000000000e+00
0.000000000000000000e+00
0.000000000000000000e+00
0.000000000000000000e+00
0.000000000000000000e+00
0.000000000000000000e+00
0.000000000000000000e+00
0.000000000000000000e+00
0.000000000000000000e+00
0.000000000000000000e+00
0.000000000000000000e+00
0.000000000000000000e+00
0.000000000000000000e+00
0.000000000000000000e+00
0.000000000000000000e+00
0.000000000000000000e+00
0.000000000000000000e+00
0.000000000000000000e+00
0.000000000000000000e+00
0.000000000000000000e+00
0.000000000000000000e+00
0.000000000000000000e+00
0.000000000000000000e+00
0.000000000000000000e+00
0.000000000000000000e+00
0.000000000000000000e+00
0.000000000000000000e+00
0.000000000000000000e+00
0.000000000000000000e+00
0.000000000000000000e+00
0.000000000000000000e+00
0.000000000000000000e+00
0.000000000000000000e+00
0.000000000000000000e+00
0.000000000000000000e+00
0.000000000000000000e+00
0.000000000000000000e+00
0.000000000000000000e+00
0.000000000000000000e+00
0.000000000000000000e+00
0.000000000000000000e+00
0.000000000000000000e+00
0.000000000000000000e+00
0.000000000000000000e+00
0.000000000000000000e+00
0.000000000000000000e+00
0.000000000000000000e+00
0.000000000000000000e+00
0.000000000000000000e+00
0.000000000000000000e+00
0.000000000000000000e+00
0.000000000000000000e+00
0.000000000000000000e+00
0.000000000000000000e+00
0.000000000000000000e+00
0.000000000000000000e+00
0.000000000000000000e+00
0.000000000000000000e+00
0.000000000000000000e+00
0.000000000000000000e+00
0.000000000000000000e+00
0.000000000000000000e+00
0.000000000000000000e+00
0.000000000000000000e+00
0.000000000000000000e+00
0.000000000000000000e+00
0.000000000000000000e+00
0.000000000000000000e+00
0.000000000000000000e+00
0.000000000000000000e+00
0.000000000000000000e+00
0.000000000000000000e+00
0.000000000000000000e+00
0.000000000000000000e+00
0.000000000000000000e+00
0.000000000000000000e+00
0.000000000000000000e+00
0.000000000000000000e+00
0.000000000000000000e+00
0.000000000000000000e+00
0.000000000000000000e+00
0.000000000000000000e+00
0.000000000000000000e+00
0.000000000000000000e+00
0.000000000000000000e+00
0.000000000000000000e+00
0.000000000000000000e+00
0.000000000000000000e+00
0.000000000000000000e+00
0.000000000000000000e+00
0.000000000000000000e+00
0.000000000000000000e+00
0.000000000000000000e+00
0.000000000000000000e+00
0.000000000000000000e+00
0.000000000000000000e+00
0.000000000000000000e+00
0.000000000000000000e+00
0.000000000000000000e+00
0.000000000000000000e+00
0.000000000000000000e+00
0.000000000000000000e+00
0.000000000000000000e+00
0.000000000000000000e+00
0.000000000000000000e+00
0.000000000000000000e+00
0.000000000000000000e+00
0.000000000000000000e+00
0.000000000000000000e+00
0.000000000000000000e+00
0.000000000000000000e+00
0.000000000000000000e+00
0.000000000000000000e+00
0.000000000000000000e+00
0.000000000000000000e+00
0.000000000000000000e+00
0.000000000000000000e+00
0.000000000000000000e+00
0.000000000000000000e+00
0.000000000000000000e+00
0.000000000000000000e+00
0.000000000000000000e+00
0.000000000000000000e+00
0.000000000000000000e+00
0.000000000000000000e+00
0.000000000000000000e+00
0.000000000000000000e+00
0.000000000000000000e+00
0.000000000000000000e+00
0.000000000000000000e+00
0.000000000000000000e+00
0.000000000000000000e+00
0.000000000000000000e+00
0.000000000000000000e+00
0.000000000000000000e+00
0.000000000000000000e+00
0.000000000000000000e+00
0.000000000000000000e+00
0.000000000000000000e+00
0.000000000000000000e+00
0.000000000000000000e+00
0.000000000000000000e+00
0.000000000000000000e+00
0.000000000000000000e+00
0.000000000000000000e+00
0.000000000000000000e+00
0.000000000000000000e+00
0.000000000000000000e+00
0.000000000000000000e+00
0.000000000000000000e+00
0.000000000000000000e+00
0.000000000000000000e+00
0.000000000000000000e+00
0.000000000000000000e+00
0.000000000000000000e+00
0.000000000000000000e+00
0.000000000000000000e+00
0.000000000000000000e+00
0.000000000000000000e+00
0.000000000000000000e+00
0.000000000000000000e+00
0.000000000000000000e+00
0.000000000000000000e+00
0.000000000000000000e+00
0.000000000000000000e+00
0.000000000000000000e+00
0.000000000000000000e+00
0.000000000000000000e+00
0.000000000000000000e+00
0.000000000000000000e+00
0.000000000000000000e+00
0.000000000000000000e+00
0.000000000000000000e+00
0.000000000000000000e+00
0.000000000000000000e+00
0.000000000000000000e+00
0.000000000000000000e+00
0.000000000000000000e+00
0.000000000000000000e+00
0.000000000000000000e+00
0.000000000000000000e+00
0.000000000000000000e+00
0.000000000000000000e+00
0.000000000000000000e+00
0.000000000000000000e+00
0.000000000000000000e+00
0.000000000000000000e+00
0.000000000000000000e+00
0.000000000000000000e+00
0.000000000000000000e+00
0.000000000000000000e+00
0.000000000000000000e+00
0.000000000000000000e+00
0.000000000000000000e+00
0.000000000000000000e+00
0.000000000000000000e+00
-0.000000000000000000e+00
-0.000000000000000000e+00
-0.000000000000000000e+00
-0.000000000000000000e+00
-0.000000000000000000e+00
0.000000000000000000e+00
0.000000000000000000e+00
0.000000000000000000e+00
-0.000000000000000000e+00
-0.000000000000000000e+00
-0.000000000000000000e+00
0.000000000000000000e+00
0.000000000000000000e+00
1.401298464324817071e-45
1.401298464324817071e-45
-4.203895392974451213e-45
-9.809089250273719496e-45
-9.809089250273719496e-45
1.261168617892335364e-44
7.146622168056567062e-44
1.555441295400546949e-43
1.078999817530109145e-43
-1.835700988265510363e-43
-5.296908195147808528e-43
1.584868563151368107e-42
5.484682189367334016e-42
1.014680218017600041e-41
1.843968649205026784e-41
2.138941975945400777e-41
9.577875003660124680e-42
-1.763814377045647247e-41
-5.946269903515928759e-41
-1.103508527671150195e-40
-1.502612343295501345e-40
-1.533202688771712102e-40
-8.260374187501931670e-41
7.945502422568145274e-41
3.151506233281870344e-40
5.650371719789100386e-40
7.264079005336273229e-40
6.565209422223557211e-40
2.069241390329884376e-40
-6.761629427967966820e-40
-1.871717161395586811e-39
-3.032320193697187353e-39
-3.565982293059864738e-39
-2.759694774865865542e-39
-3.433601627135099269e-41
4.697132834238286274e-39
1.060511225721653941e-38
1.571541654236253367e-38
1.704800654038457631e-38
1.127412017005449357e-38
-3.965827395571843716e-39
-2.823498976803195978e-38
-5.662218857525888120e-38
-7.883113812339475768e-38
-8.024153381734997147e-38
-4.558675017133436939e-38
3.449324476164516581e-38
1.551205674610340184e-37
2.896252543356967572e-37
3.866570342487095408e-37
3.764592584355952608e-37
1.895191825373833293e-37
-2.122124152295960052e-37
-7.971248423201246565e-37
-1.430924649195246066e-36
-1.866638609132343953e-36
-1.777372533838538726e-36
-8.455999937276761972e-37
1.092418203208975009e-36
3.873289759200124054e-36
6.859898475952264415e-36
8.901661995271794601e-36
8.488072946211330102e-36
4.155612522136980466e-36
-4.860211398098996358e-36
-1.784428836154856316e-35
-3.193745256759079754e-35
-4.193989356291221645e-35
-4.096320584211645029e-35
-2.220165019564559623e-35
1.819685631073611117e-35
7.764234318564770931e-35
1.440336097921803821e-34
1.946220308497122826e-34
1.984829787791865491e-34
1.238552849876061581e-34
-4.956383538577123211e-35
-3.152075703937982624e-34
-6.253246074000629139e-34
-8.841238313999978394e-34
-9.556930702658435504e-34
-6.926641329016119447e-34
1.289109926330811057e-35
1.162613963308648451e-33
2.585327357571836666e-33
3.896786548178930271e-33
4.517163610058977566e-33
3.774469381478163248e-33
1.106158000210027195e-33
-3.658836002187774826e-33
-9.996404694076702232e-33
-1.646364473919872860e-32
-2.068714157508948208e-32
-1.969342567067835311e-32
-1.066110707653236557e-32
7.935602201295963430e-33
3.498427234922199282e-32
6.557006230412188792e-32
9.052131110618715646e-32
9.724499185609678822e-32
7.229950297635054888e-32
5.780959259805112152e-33
-1.030083113537998734e-31
-2.399045731892632103e-31
-3.722697745000469577e-31
-4.498782390201490071e-31
-4.125617006555551613e-31
-2.057681232018359153e-31
1.969347768630337700e-31
7.683485758189369213e-31
1.406316020222069001e-30
1.926330364782899957e-30
2.078467169485531432e-30
1.596433423557960849e-30
2.798748605804994195e-31
-1.899612224544641954e-30
-4.691608226561224535e-30
-7.494782709656386741e-30
-9.363066411079297615e-30
-9.131061818204396637e-30
-5.682241890744949399e-30
1.651101998272330876e-30
1.261667227381633176e-29
2.561620738351469360e-29
3.748904187845837235e-29
4.368899254616422390e-29
3.900903995734846478e-29
1.891328957840273203e-29
-1.862791641352592241e-29
-7.112009700350669110e-29
-1.298914441672183888e-28
-1.795238023549819367e-28
-1.991214756530209801e-28
-1.659871028143024390e-28
-6.181588129392334501e-29
1.192079616908999714e-28
3.619379199998787127e-28
6.238443868392454663e-28
8.336926061699606622e-28
8.983648522199979454e-28
7.199463169859755385e-28
2.231529285725310986e-28
-6.099001725593957820e-28
-1.704328207940162844e-27
-2.866817211256365140e-27
-3.782279891743649649e-27
-4.045133892041530618e-27
-3.233419902100419872e-27
-1.025462361853955924e-27
2.653822263137764249e-27
7.484898698755576694e-27
1.264608665278215560e-26
1.679781768575760870e-26
1.820870311846516586e-26
1.505729624674455429e-26
5.909865101329928787e-27
-9.675301194965956549e-27
-3.052619299673981556e-26
-5.338469497258632861e-26
-7.278870108876016650e-26
-8.151323152956838734e-26
-7.171845103345649096e-26
-3.682703150643007516e-26
2.603563927162413810e-26
1.134380132815068364e-25
2.135078664036219660e-25
3.050692753432012117e-25
3.588866481963496212e-25
3.416764149537888408e-25
2.231150089378560583e-25
-1.461695932797963423e-26
-3.661010523455319438e-25
-7.930334863715651947e-25
-1.218704309943020454e-24
-1.529953817440562530e-24
-1.589551371361491599e-24
-1.260583554894619834e-24
-4.420698119806093819e-25
8.881906219247549648e-25
2.631182637707493501e-24
4.535610994831572846e-24
6.191191010036194659e-24
7.058969560215516485e-24
6.547695002475937367e-24
4.137859832240539094e-24
-4.560762345680347518e-25
-7.108271789070019281e-24
-1.512569946052001290e-23
-2.316147682548635247e-23
-2.924881666393291659e-23
-3.100016991505770579e-23
-2.599592505542691778e-23
-1.235208660586828158e-23
1.059045686373117827e-23
4.156569640760118442e-23
7.683144865191150027e-23
1.099605585126562221e-22
1.321690755874174879e-22
1.333341284811202958e-22
1.037589253508176169e-22
3.659606203132606309e-23
-6.934700775132593628e-23
-2.068965186091341979e-22
-3.585467225102635506e-22
-4.959910561213005051e-22
-5.818760215687183707e-22
-5.743057841560809695e-22
-4.342331174701414061e-22
-1.352980639689840433e-22
3.250400764420545361e-22
9.149674774667227075e-22
1.560896682132882266e-21
2.146014682208343808e-21
2.517504807259533017e-21
2.504380383228964483e-21
1.946384254112117240e-21
7.322837506114629046e-22
-1.156733528731023674e-21
-3.605563160051440419e-21
-6.334899309442357162e-21
-8.892753001474075195e-21
-1.067796870648976429e-20
-1.100336653450778017e-20
-9.201017527937159716e-21
-4.764736831199817177e-21
2.484402840524815140e-21
1.223355131864249021e-20
2.354729556758448647e-20
3.480893309249061061e-20
4.377221374250120172e-20
4.775475234982018030e-20
4.398878319779950906e-20
3.012033120887226720e-20
4.816982899625987536e-21
-3.159045087722920677e-20
-7.654008836704001989e-20
-1.248772081798402095e-19
-1.688398802583817459e-19
-1.985191852602697345e-19
-2.028801460731346522e-19
-1.713575983231429527e-19
-9.594389730585287597e-20
2.643097481432791846e-20
1.915466730819071260e-19
3.859908823014050811e-19
5.861964303367290163e-19
7.589090539008103975e-19
8.634939448416821589e-19
8.563139654259335941e-19
6.971370152129402505e-19
3.571784238073814520e-19
-1.720224705898765910e-19
-8.700827486133967317e-19
-1.681138095510162547e-18
-2.510787428601354733e-18
-3.228289475398985671e-18
-3.675357435426745644e-18
-3.682288795369633740e-18
-3.091211999418841860e-18
-1.785091330655773503e-18
2.802211068318393921e-19
3.044866517263567687e-18
6.319846409133262144e-18
9.773541774272335303e-18
1.293549177813487443e-17
1.522215648092136456e-17
1.598749541651870278e-17
1.459845237288903106e-17
1.053183147668949662e-17
3.484983885399197708e-18
-6.511357332503070494e-18
-1.899338373575269984e-17
-3.299533135351136604e-17
-4.702971437744946157e-17
-5.913338836851733606e-17
-6.699170344944460533e-17
-6.814579907496839039e-17
-6.027878205399706327e-17
-4.156466772793206642e-17
-1.105217440409965400e-17
3.095646680118861152e-17
8.258084853529247126e-17
1.401464847975605042e-16
1.981323618982299773e-16
2.493301566642728900e-16
2.852491181881835298e-16
2.967798835782747271e-16
2.751034898948695288e-16
2.127983932728033656e-16
1.050691696207552194e-16
-4.901545408211161045e-17
-2.454079441322322506e-16
-4.742420475250988098e-16
-7.194192810583226703e-16
-9.587604046454051981e-16
-1.164831132855522876e-15
-1.306497393283804608e-15
-1.351215968338503361e-15
-1.267980581710665029e-15
-1.030778745710991644e-15
-6.223318352484427315e-16
-3.784082634167144389e-17
7.115976200046988508e-16
1.596246082836700990e-15
2.565987634368547751e-15
3.549881624141356176e-15
4.457223317240162699e-15
5.180213795083227907e-15
5.598205919828385529e-15
5.583370561273700086e-15
5.007472013402554031e-15
3.749323578385380107e-15
1.702389581402150281e-15
-1.218049471777681719e-15
-5.068778140542452154e-15
-9.874139198884183954e-15
-1.562361249759797871e-14
-2.227179283554626965e-14
-2.974097341014794726e-14
-3.792626274341272252e-14
-4.670293015165971617e-14
-5.593563671057663611e-14
-6.548894185189751971e-14
-7.523815554952295592e-14
-8.507997366520581028e-14
-9.494201892766909734e-14
-1.047904371240769572e-13
-1.146352029144162565e-13
-1.245324644186945884e-13
-1.345838723668460468e-13
-1.449329751265077126e-13
-1.557588964491013472e-13
-1.672677296150892889e-13
-1.796824814588246499e-13
-1.932322845569350855e-13
-2.081414603389078466e-13
-2.246194360068856644e-13
-2.428523961789386121e-13
-2.629964930729589145e-13
-2.851739027212585320e-13
-3.094709276167673107e-13
-3.359389318374067512e-13
-3.645966720807608530e-13
-3.954349597334178013e-13
-4.284222716172125800e-13
-4.635102523152523357e-13
-5.006393520232133021e-13
-5.397438138793342333e-13
-5.807553331467485425e-13
-6.236049545672861516e-13
-6.682237228827769826e-13
-7.145406770610318592e-13
-7.624805192611716631e-13
-8.119594948653718891e-13
-8.628802425185433389e-13
-9.151252889152972081e-13
-9.685527119912551441e-13
-1.022991045172838565e-12
-1.078233964786623478e-12
-1.134036874822497154e-12
-1.190115172210182148e-12
-1.246141969994674081e-12
-1.301748964697979627e-12
-1.356525894218030270e-12
-1.410023573594765267e-12
-1.461754653951652383e-12
-1.511196549841553605e-12
-1.557793607651070111e-12
-1.600959924526190736e-12
-1.640080757835116199e-12
-1.674516319875862802e-12
-1.703602753658217672e-12
-1.726653433946345739e-12
-1.742961677764220951e-12
-1.751801937018016009e-12
-1.752433051102619821e-12
-1.744100740566634222e-12
-1.726040209197587938e-12
-1.697481781873233508e-12
-1.657655349790454480e-12
-1.605795791476127832e-12
-1.541153055867328092e-12
-1.462999318045665742e-12
-1.370638303375970590e-12
-1.263417864251492606e-12
-1.140740063174106034e-12
-1.002074291600596467e-12
-8.469699551080789313e-13
-6.750699717110453246e-13
-4.861222644043927676e-13
-2.799920397530270000e-13
-5.667290435226214618e-14
1.837036653438289813e-13
4.408598865742602291e-13
7.143654157798495774e-13
1.003632506962892634e-12
1.307913521410297708e-12
1.626298271398263218e-12
1.957716540962328722e-12
2.300937001695202433e-12
2.654571657975668408e-12
3.017080075357059243e-12
3.386771982652470037e-12
3.761812909786055314e-12
4.140231126686932939e-12
4.519922196938308545e-12
4.898655699830944954e-12
5.274084120820976551e-12
5.643749790423813195e-12
6.005096159916734067e-12
6.355479510722350511e-12
6.692183699558151844e-12
7.012435337266920143e-12
7.313418967647145053e-12
7.592301787262556445e-12
7.846260099975133073e-12
8.072491460009434405e-12
8.268255004273417086e-12
8.430898340572312577e-12
8.557873160119910949e-12
8.646779472987198290e-12
8.695385557422330436e-12
8.701660919596676536e-12
8.663800579733482721e-12
8.580249358236535784e-12
8.449732233350992772e-12
8.271264749504236846e-12
8.044178170796278948e-12
7.768136828234517566e-12
7.443143323904166664e-12
7.069555878203015453e-12
6.648096136097070286e-12
6.179847866077947671e-12
5.666267368503730140e-12
5.109178271428538309e-12
4.510767193793840946e-12
3.873574638130206083e-12
3.200488702184700607e-12
2.494724045398744039e-12
1.759811805827904418e-12
9.995729287684551601e-13
2.180964827139253437e-13
-5.802902104147522611e-13
-1.391050252416703437e-12
-2.209472405381718296e-12
-3.030706978782160554e-12
-3.849803288658026901e-12
-4.661753622015041287e-12
-5.461530099698519436e-12
-6.244128911842006247e-12
-7.004610867028526755e-12
-7.738146928781830525e-12
-8.440059415248946095e-12
-9.105855826307962531e-12
-9.731280017910570734e-12
-1.031233605452985813e-11
-1.084533504669416004e-11
-1.132691596766877140e-11
-1.175408468473415624e-11
-1.212423043905896947e-11
-1.243515186655219651e-11
-1.268508475343876896e-11
-1.287269683208913662e-11
-1.299710599561576529e-11
-1.305789937983137250e-11
-1.305511861809938168e-11
-1.298926070869566018e-11
-1.286127194327635337e-11
-1.267254010062224268e-11
-1.242486842578660600e-11
-1.212046261966914784e-11
-1.176191349178123957e-11
-1.135216053105292389e-11
-1.089446675234251316e-11
-1.039238313460533192e-11
-9.849711324338983331e-12
-9.270471543199043651e-12
-8.658858352550424797e-12
-8.019204224274378845e-12
-7.355931835872908664e-12
-6.673516773914034417e-12
-5.976446334349239109e-12
-5.269181792277866094e-12
-4.556109396008922729e-12
-3.841510443081119774e-12
-3.129523116346399902e-12
-2.424109957904763135e-12
-1.729027836704088994e-12
-1.047799108762348386e-12
-3.836913425869781236e-13
2.603043919736230949e-13
8.814884044049120515e-13
1.477463333968143111e-12
2.046141468065032498e-12
2.585749539832371546e-12
3.094828863667298258e-12
3.572231486309584980e-12
4.017116066873382962e-12
4.428935083261587025e-12
4.807423990144110704e-12
5.152588425372250924e-12
5.464689031148273202e-12
5.744221504705437908e-12
5.991895347945419559e-12
6.208623459097450947e-12
6.395489606653148584e-12
6.553736719983049852e-12
6.684743470569687318e-12
6.789999552198056065e-12
6.871089201082591913e-12
6.929668210781114723e-12
6.967441814470509698e-12
6.986146470350229620e-12
6.987531647045797101e-12
6.973339006927092854e-12
6.945282456788381964e-12
6.905040341592671993e-12
6.854229423619573325e-12
6.794397509890526266e-12
6.727005671253172281e-12
6.653423905572664054e-12
6.574915958901250690e-12
6.492630651860897828e-12
6.407601012281549657e-12
6.320736902626356013e-12
6.232825019991672377e-12
6.144527161383583902e-12
6.056382392122250380e-12
5.968814418416679146e-12
5.882131587364725078e-12
5.796538162655684445e-12
5.712141263464198815e-12
5.628959538067634938e-12
5.546933138506071614e-12
5.465933261561417567e-12
5.385774725502612270e-12
5.306226812107350810e-12
5.227020205555987786e-12
5.147858268134131166e-12
5.068429183296974117e-12
4.988410292477984953e-12
4.907474600301942047e-12
4.825295978755361759e-12
4.741554371356926367e-12
4.655936226838353065e-12
4.568136233867869933e-12
4.477855152645870973e-12
4.384796779138833145e-12
4.288664909313233409e-12
4.189159436007727777e-12
4.085967241634902436e-12
3.978758295053452798e-12
3.867177411631672612e-12
3.750837314353550056e-12
3.629311694924863829e-12
3.502128491719713743e-12
3.368762950886616814e-12
3.228634590582424302e-12
3.081099828397548812e-12
2.925450463472922813e-12
2.760912375457391654e-12
2.586642922422499602e-12
2.401734410309441792e-12
2.205215393971671212e-12
1.996054580302719650e-12
1.773167550289667105e-12
1.535423806327262941e-12
1.281657505819433496e-12
1.010677327419051696e-12
7.212800235550931305e-13
4.122636205940860554e-13
8.244578929067145068e-14
-2.693203461894694284e-13
-6.441271127588521495e-13
-1.042990563707157925e-12
-1.466829912741274278e-12
-1.916445734745364504e-12
-2.392496574118996300e-12
-2.895474441808043586e-12
-3.425681179697326328e-12
-3.983206993407595320e-12
-4.567905949326434012e-12
-5.179373423203070814e-12
-5.816926801349708853e-12
-6.479585097640683244e-12
-7.166054642043784284e-12
-7.874708697619414721e-12
-8.603581388988423839e-12
-9.350353824544299641e-12
-1.011234932596360991e-11
-1.088653212716339524e-11
-1.166950390485421707e-11
-1.245751939105144146e-11
-1.324648290362828718e-11
-1.403197349980622732e-11
-1.480925451713410723e-11
-1.557330132906376008e-11
-1.631882476371693258e-11
-1.704030319626959056e-11
-1.773202418231534239e-11
-1.838810180510019876e-11
-1.900254953390856372e-11
-1.956930277546842234e-11
-2.008227785454952397e-11
-2.053542579039113747e-11
-2.092277219534199872e-11
-2.123849360269325359e-11
-2.147696083476535733e-11
-2.163280145295320978e-11
-2.170095526887738657e-11
-2.167673332498232242e-11
-2.155587167096406631e-11
-2.133458860964498882e-11
-2.100964367757196527e-11
-2.057837580893284724e-11
-2.003875537726074185e-11
-1.938943276769133917e-11
-1.862975572419767190e-11
-1.775982659546482267e-11
-1.678051100850730393e-11
-1.569346909369162546e-11
-1.450115808682150842e-11
-1.320684707428743110e-11
-1.181461178889620101e-11
-1.032933374250921688e-11
-8.756675939913804996e-12
-7.103068133673673401e-12
-5.375667792850702398e-12
-3.582328010620638992e-12
-1.731552618303155988e-12
1.675586210579671498e-13
2.105369047503136137e-12
4.071765927898818305e-12
6.056232772222447380e-12
8.047925173504388852e-12
1.003575000879664003e-11
1.200844632065489748e-11
1.395466815018453488e-11
1.586308688572568570e-11
1.772245544762185432e-11
1.952172104524585450e-11
2.125009022913015855e-11
2.289713731118414586e-11
2.445287201890966600e-11
2.590782623157483755e-11
2.725314071638784696e-11
2.848061370075427590e-11
2.958278760845090005e-11
3.055299763188301654e-11
3.138542897795915110e-11
3.207516197090143351e-11
3.261821021616206906e-11
3.301156223378676202e-11
3.325317798896776367e-11
3.334201664761948791e-11
3.327806086250717499e-11
3.306226820098956409e-11
3.269660237004146097e-11
3.218398811344336252e-11
3.152829039509974507e-11
3.073428317401649679e-11
2.980759389314968644e-11
2.875466531548909188e-11
2.758269133928958894e-11
2.629956148691992013e-11
2.491379325064713157e-11
2.343444882590972611e-11
2.187107439599600411e-11
2.023360645697636073e-11
1.853231110238162671e-11
1.677767820507103380e-11
1.498036417135750753e-11
1.315109045968432255e-11
1.130056985487737364e-11
9.439431875035708686e-12
7.578142974251633746e-12
5.726927179011687130e-12
3.895704939194111205e-12
2.094025907534158293e-12
3.310065437890641338e-13
-1.384724583261554010e-12
-3.045077428057152424e-12
-4.642546330008157085e-12
-6.170246605319285038e-12
-7.621952548275690020e-12
-8.992120416329019150e-12
-1.027591206570477311e-11
-1.146920666078576900e-11
-1.256861194981473417e-11
-1.357146339753256825e-11
-1.447581898100791520e-11
-1.528044878129630746e-11
-1.598481590148193021e-11
-1.658905478263417166e-11
-1.709394084614679343e-11
-1.750085146245972112e-11
-1.781173993020690460e-11
-1.802908690395899072e-11
-1.815585182196599590e-11
-1.819543994641126261e-11
-1.815164685226022812e-11
-1.802860985500309710e-11
-1.783076464256794225e-11
-1.756280884612770876e-11
-1.722962744699074733e-11
-1.683628236825995828e-11
-1.638794482061722846e-11
-1.588986928147129163e-11
-1.534734839214735302e-11
-1.476567479397061788e-11
-1.415010556643503392e-11
-1.350583186954246173e-11
-1.283794164724794129e-11
-1.215139187188407632e-11
-1.145098165594715667e-11
-1.074132623124501862e-11
-1.002683613221533321e-11
-9.311693777158680518e-12
-8.599838723089003878e-12
-7.894955522669278025e-12
-7.200458979061963305e-12
-6.519488941758577738e-12
-5.854905969771007079e-12
-5.209288729546290853e-12
-4.584932693924015368e-12
-3.983853611583265675e-12
-3.407793144893922488e-12
-2.858224724608393608e-12
-2.336360922436386822e-12
-1.843163859385765768e-12
-1.379355505683188543e-12
-9.454275470138773230e-13
-5.416553707296434261e-13
-1.681107510143053929e-13
1.753249780599153151e-13
4.889457437019795183e-13
7.732063145131362614e-13
1.028706633765530398e-12
1.256177453723417159e-12
1.456464397871226613e-12
1.630513432604452362e-12
1.779356501550866110e-12
1.904096888841189106e-12
2.005897401305412053e-12
2.085967249626508035e-12
2.145550664217621417e-12
2.185916378460994736e-12
2.208349605611892308e-12
2.214142497819482358e-12
2.204586990392498613e-12
2.180968079745770893e-12
2.144558619229797181e-12
2.096612813917708706e-12
2.038361233275276518e-12
1.971006691192656035e-12
1.895719692335262607e-12
1.813634095335081575e-12
1.725843860184150813e-12
1.633399578787608775e-12
1.537304571835873546e-12
1.438513370921601364e-12
1.337929008034255407e-12
1.236401497677064309e-12
1.134726861085066929e-12
1.033646258863374356e-12
9.338458825669526675e-13
8.359580931129040327e-13
7.405612581501408442e-13
6.481811615222099476e-13
5.592924127301168724e-13
4.743194227142810693e-13
3.936387077841524418e-13
3.175802990810355775e-13
2.464295315116743490e-13
1.804288326818365151e-13
1.197795931450612583e-13
6.464370461449139849e-14
1.514547086920239871e-14
-2.862663041726734581e-14
-6.661820617717695292e-14
-9.880698283214542355e-14
-1.252007124277060290e-13
-1.458358173805907043e-13
-1.607744021464921347e-13
-1.701027285607586981e-13
-1.739289728951501357e-13
-1.723808812706395521e-13
-1.656037503308671610e-13
-1.537580013397793488e-13
-1.370175809834242586e-13
-1.155671831018847961e-13
-8.960106284315247360e-14
-5.932092246889106302e-14
-2.493408515140231596e-14
1.334847014281166644e-14
5.531228822403325140e-14
1.007410910876423149e-13
1.494183872767160248e-13
2.011278106952077427e-13
2.556538151749637722e-13
3.127817015807776713e-13
3.722979498473055759e-13
4.339910050256412521e-13
4.976495561123672751e-13
5.630639184073249481e-13
6.300244072103555748e-13
6.983210125606487129e-13
7.677424776648955618e-13
8.380752146951164772e-13
9.091031963684437223e-13
9.806069801651662310e-13
1.052361323083950140e-12
1.124135181641838788e-12
1.195690790302406104e-12
1.266781926752280629e-12
1.337154779262883508e-12
1.406545886706300763e-12
1.474682138555283295e-12
1.541280774883246885e-12
1.606049061103620446e-12
1.668685372172018511e-12
1.728878433644720491e-12
1.786309490083015650e-12
1.840652196632985849e-12
1.891574787429850524e-12
1.938740834539487423e-12
1.981812066884081069e-12
2.020449346024077997e-12
2.054315918764704207e-12
2.083078501358137657e-12
2.106411833152632695e-12
2.123999110273389057e-12
2.135536105590807310e-12
2.140734855007875304e-12
2.139325175343209651e-12
2.131057483256704188e-12
2.115707348898654416e-12
2.093077230633233476e-12
2.062998209761968127e-12
2.025336062055904662e-12
1.979989956713001931e-12
1.926898094209428258e-12
1.866037706299561449e-12
1.797428308622506243e-12
1.721133435425570291e-12
1.637261506926002141e-12
1.545966913513163732e-12
1.447452075732658106e-12
1.341966251663939680e-12
1.229805536920314246e-12
1.111315575154370183e-12
9.868865707279850241e-13
8.569549150155841843e-13
7.220006927391442453e-13
5.825459472447169773e-13
4.391512923706403226e-13
2.924136356229761757e-13
1.429634812226063256e-13
-8.540418060796507727e-15
-1.614132547241020621e-13
-3.149498619802598709e-13
-4.684289523111673237e-13
-6.211183368846906472e-13
-7.722792132354439065e-13
-9.211719928514661149e-13
-1.067061586659812100e-12
-1.209222934457632181e-12
-1.346945775401731105e-12
-1.479540231649756343e-12
-1.606341578849757035e-12
-1.726715775571263656e-12
-1.840063258012891723e-12
-1.945823493651466229e-12
-2.043479534891146088e-12
-2.132560621148638091e-12
-2.212646298821452362e-12
-2.283369457053985307e-12
-2.344417845620561103e-12
-2.395536893851080151e-12
-2.436531228514060565e-12
-2.467264673816638165e-12
-2.487663070330214943e-12
-2.497713841309590066e-12
-2.497463607448180412e-12
-2.487021656324972518e-12
-2.466555388755398148e-12
-2.436290969312637777e-12
-2.396510724242406631e-12
-2.347550105696871725e-12
-2.289796173851610384e-12
-2.223683693777789294e-12
-2.149691882835647050e-12
-2.068341374908411190e-12
-1.980188582551001275e-12
-1.885822878064380426e-12
-1.785861280904910142e-12
-1.680944771396963855e-12
-1.571732436041195502e-12
-1.458899190689977310e-12
-1.343128624813061389e-12
-1.225111700454972752e-12
-1.105539921761322653e-12
-9.851037086755498606e-13
-8.644868132977323594e-13
-7.443642056903509996e-13
-6.253975744392736846e-13
-5.082327787786500295e-13
-3.934958912529817887e-13
-2.817905685268545790e-13
-1.736945954905130818e-13
-6.975658521949854030e-14
2.950686366792222570e-14
1.236144704392511118e-13
2.121232199224151738e-13
2.946310188010892173e-13
3.707793620744137542e-13
4.402555793883711210e-13
5.027946375218972364e-13
5.581807260325588604e-13
6.062479619879657111e-13
6.468809320668567064e-13
6.800143130883395948e-13
7.056324383310219606e-13
7.237678880701869932e-13
7.345000259048606317e-13
7.379526135130320963e-13
7.342922927686124090e-13
7.237251162944824401e-13
7.064946501086910580e-13
6.828789378583721703e-13
6.531881697850738799e-13
6.177618095890013983e-13
5.769661007640203287e-13
5.311915729326599500e-13
4.808507108114423723e-13
4.263756502812660054e-13
3.682156576173545304e-13
3.068346358242601823e-13
2.427087936011929070e-13
1.763238535214262104e-13
1.081724296182924594e-13
3.875105599360391395e-14
-3.144258467415068925e-14
-1.019128154805017117e-13
-1.721688926408643239e-13
-2.417279430007995833e-13
-3.101178710530894111e-13
-3.768799779636095026e-13
-4.415717737207142113e-13
-5.037689558042013349e-13
-5.630677673250372717e-13
-6.190868672741045575e-13
-6.714692278760037158e-13
-7.198831916861714308e-13
-7.640243147345737729e-13
-8.036163423076614354e-13
-8.384126184111939661e-13
-8.681970073420863798e-13
-8.927845442097126494e-13
-9.120228443987299372e-13
-9.257921035690785949e-13
-9.340064529086977707e-13
-9.366135254526564147e-13
-9.335952150246740189e-13
-9.249672425562516231e-13
-9.107783971451510752e-13
-8.911102107947432849e-13
-8.660755489511839933e-13
-8.358169842001550442e-13
-8.005052241737142804e-13
-7.603365094650815781e-13
-7.155308789051628704e-13
-6.663285374852723209e-13
-6.129879590033304737e-13
-5.557826334573467975e-13
-4.949979228591194769e-13
-4.309285404641843842e-13
-3.638754607956234954e-13
-2.941432091386336767e-13
-2.220371510350954702e-13
-1.478608766458319734e-13
-7.191393747857377505e-14
5.510898422306622149e-15
8.412968401354942172e-14
1.636695472076801772e-13
2.438710583300973678e-13
3.244903261021003793e-13
4.053007929272212095e-13
4.860955930309496242e-13
5.666892736316819779e-13
6.469193670338713176e-13
7.266483964020464814e-13
8.057647973326587110e-13
8.841844899472317554e-13
9.618513667833394898e-13
1.038738214366452528e-12
1.114846171108851980e-12
1.190205269410715694e-12
1.264872971987185402e-12
1.338934063448149470e-12
1.412498807154549674e-12
1.485700776814036228e-12
1.558695121757491808e-12
1.631656181694252084e-12
1.704774234105588260e-12
1.778251916377537878e-12
1.852301732135908097e-12
1.927140738655630514e-12
2.002988703717067942e-12
2.080062467754717481e-12
2.158570848106999840e-12
2.238713554814086848e-12
2.320672300160087076e-12
2.404610148151742344e-12
2.490664358784089316e-12
2.578943135433942047e-12
2.669521721732071029e-12
2.762436763711906273e-12
2.857683490883888844e-12
2.955211813107649910e-12
3.054922634304624296e-12
3.156665033532402020e-12
3.260234096580383323e-12
3.365368530724999196e-12
3.471749146846669909e-12
3.578996907865894528e-12
3.686673362424119915e-12
3.794283030128520195e-12
3.901269932105044802e-12
4.007023445690149899e-12
4.110877870749929386e-12
4.212118067531411825e-12
4.309979456662560438e-12
4.403658427493128968e-12
4.492311904413792689e-12
4.575066887835266272e-12
4.651024357316124735e-12
4.719268378861052327e-12
4.778872610133877430e-12
4.828906805670607483e-12
4.868448959943760812e-12
4.896588343128449594e-12
4.912439378890187669e-12
4.915145547512711488e-12
4.903892396324049940e-12
4.877912310186083289e-12
4.836496654558875008e-12
4.779002280713706696e-12
4.704861066712195949e-12
4.613586856300200267e-12
4.504786300929541909e-12
4.378162329204959846e-12
4.233525856267572607e-12
4.070799686922699223e-12
3.890024587172025150e-12
3.691365355745768184e-12
3.475116245113540892e-12
3.241700310963047116e-12
2.991675266891813401e-12
2.725730665481540527e-12
2.444688765659841501e-12
2.149500629572420607e-12
1.841241352093514472e-12
1.521105615596984872e-12
1.190398691078287108e-12
8.505276019067642412e-13
5.029921249476154710e-13
1.493731760461233793e-13
-2.086788044881188187e-13
-5.694557238949959910e-13
-9.312042239736917359e-13
-1.292137620859112879e-12
-1.650448224269074338e-12
-2.004318802942273159e-12
-2.351933535080230619e-12
-2.691489392470103326e-12
-3.021205030942497594e-12
-3.339334234478408270e-12
-3.644172203581819147e-12
-3.934066614141862317e-12
-4.207429109975846515e-12
-4.462742675404030024e-12
-4.698575296196993989e-12
-4.913588199512153309e-12
-5.106545828553743505e-12
-5.276328419318021545e-12
-5.421941107891514733e-12
-5.542525639834483542e-12
-5.637367309074825528e-12
-5.705904065206324205e-12
-5.747735620786897925e-12
-5.762627354466420826e-12
-5.750511178348460817e-12
-5.711493777926790472e-12
-5.645850540553221109e-12
-5.554025555437602790e-12
-5.436629878924348347e-12
-5.294434161917660475e-12
-5.128360409945020848e-12
-4.939474610582417213e-12
-4.728978927198701498e-12
-4.498199122210388978e-12
-4.248575016102540403e-12
-3.981647043321823176e-12
-3.699048879701738457e-12
-3.402492480472640857e-12
-3.093757455080448082e-12
-2.774679140962743595e-12
-2.447136677324879273e-12
-2.113040645235209070e-12
-1.774322225603364167e-12
-1.432918996131793410e-12
-1.090764522974907447e-12
-7.497743745310536667e-13
-4.118352523157370326e-13
-7.879206185071319091e-14
2.475632004082795046e-13
5.655027227741138418e-13
8.733728800933149294e-13
1.169603151308928890e-12
1.452715443599206235e-12
1.721328266555965936e-12
1.974166056323278795e-12
2.210058741916598457e-12
2.427947166233623832e-12
2.626884387096906082e-12
2.806033400429286395e-12
2.964669959179544456e-12
3.102177802832839504e-12
3.218047573208537848e-12
3.311875730258040385e-12
3.383358263692182177e-12
3.432290692981232461e-12
3.458565682110115169e-12
3.462167618567546512e-12
3.443172613346034971e-12
3.401745465175798344e-12
3.338136624758680782e-12
3.252680026363807819e-12
3.145790268901937914e-12
3.017960664361551970e-12
2.869760852564073872e-12
2.701829862269966576e-12
2.514878713263946075e-12
2.309679357492822049e-12
2.087065763267670349e-12
1.847925892167756601e-12
1.593199530636191241e-12
1.323870917405156611e-12
1.040967225612865477e-12
7.455525996916123610e-13
4.387234119832689183e-13
1.216070159067855760e-13
-2.046428212434600602e-13
-5.388486965657302008e-13
-8.798107641733166062e-13
-1.226308117552310506e-12
-1.577101405199343720e-12
-1.930931759971943329e-12
-2.286524268535483628e-12
-2.642586236639710151e-12
-2.997811634347646859e-12
-3.350878819211033921e-12
-3.700455306759886653e-12
-4.045197770502495516e-12
-4.383755077691509072e-12
-4.714770674568713460e-12
-5.036889742099370793e-12
-5.348759629653088155e-12
-5.649034191812507544e-12
-5.936383763033292738e-12
-6.209495591324998287e-12
-6.467082078187580407e-12
-6.707887283824431890e-12
-6.930693432355417016e-12
-7.134326983349037477e-12
-7.317667305439812253e-12
-7.479652314179574546e-12
-7.619291482463541598e-12
-7.735664539487707714e-12
-7.827940552707080002e-12
-7.895371856303512459e-12
-7.937314867867417689e-12
-7.953230088397766906e-12
-7.942692510642945791e-12
-7.905395088547706450e-12
-7.841159145594023272e-12
-7.749939578971520859e-12
-7.631826594300950006e-12
-7.487054379251567582e-12
-7.316001970902874518e-12
-7.119200194638519719e-12
-6.897327327337610114e-12
-6.651214301545138596e-12
-6.381841236025032060e-12
-6.090335701036675431e-12
-5.777972284654042667e-12
-5.446163919148316879e-12
-5.096460579945283342e-12
-4.730536708880128671e-12
-4.350188178431357855e-12
-3.957320148656462422e-12
-3.553936008329761087e-12
-3.142127183441978389e-12
-2.724059259412436873e-12
-2.301957235939511293e-12
-1.878091866053255288e-12
-1.454765127806290081e-12
-1.034292551778392966e-12
-6.189891264482549893e-13
-2.111511784646732948e-13
1.869608797205185580e-13
5.731380539435171340e-13
9.452387874156475966e-13
1.301207080452171372e-12
1.639086219182295245e-12
1.957036746200180310e-12
2.253346597855254707e-12
2.526447367284800904e-12
2.774928290621980764e-12
2.997541884847132465e-12
3.193220644501226779e-12
3.361079426930646541e-12
3.500427378511083987e-12
3.610772921977534189e-12
3.691824190105164050e-12
3.743495964603216208e-12
3.765909025593705550e-12
3.759389934770984709e-12
3.724466481752619629e-12
3.661867250398520568e-12
3.572513378874431211e-12
3.457512921800631744e-12
3.318153260836731455e-12
3.155888527936467902e-12
2.972331582251630522e-12
2.769237963939907843e-12
2.548496570026204111e-12
2.312111006125272539e-12
2.062187443377383467e-12
1.800916620692261105e-12
1.530558232237799743e-12
1.253423146524434983e-12
9.718554086490804877e-13
6.882157062119975688e-13
4.048627210394284415e-13
1.241362427347597608e-13
-1.516604631593074237e-13
-4.202772841115781643e-13
-6.795337946854940192e-13
-9.273347064200909706e-13
-1.161684789162398257e-12
-1.380702843722936279e-12
-1.582634414146188995e-12
-1.765863822354718504e-12
-1.928924034388934672e-12
-2.070506526646864742e-12
-2.189469308980229734e-12
-2.284843104646827605e-12
-2.355835795539440447e-12
-2.401837843196696909e-12
-2.422422288803072199e-12
-2.417347572114536547e-12
-2.386556013575513724e-12
-2.330171862754970569e-12
-2.248497395218596040e-12
-2.142009659922283760e-12
-2.011353323477793609e-12
-1.857334164939716814e-12
-1.680910944289182307e-12
-1.483186837236694089e-12
-1.265398051099320131e-12
-1.028905476443964240e-12
-7.751804840389064921e-13
-5.057948417735991242e-13
-2.224076364699609232e-13
7.324758746589388192e-14
3.793762179404858159e-13
6.941359379647460415e-13
1.015649695422504717e-12
1.342018835469305227e-12
1.671336571744397315e-12
2.001701105217024157e-12
2.331228092511405947e-12
2.658061921609333744e-12
2.980387204393197820e-12
3.296441028130536743e-12
3.604522279612720759e-12
3.903000318772331667e-12
4.190326037545322180e-12
4.465036847201009351e-12
4.725766219321192452e-12
4.971248673130146400e-12
5.200325847026787685e-12
5.411950401712495307e-12
5.605191658042407710e-12
5.779234729663684789e-12
5.933387461909411797e-12
6.067080431798599349e-12
6.179866514355314422e-12
6.271423051013025329e-12
6.341548380167649768e-12
6.390163571901030792e-12
6.417308524853115870e-12
6.423141098860218889e-12
6.407931043422854245e-12
6.372059130343998845e-12
6.316008913792581225e-12
6.240364561899136575e-12
6.145801315776688867e-12
6.033080719031191919e-12
5.903043245186756494e-12
5.756601358791746392e-12
5.594728239716184603e-12
5.418453012662194368e-12
5.228850772504012312e-12
5.027036512755822528e-12
4.814154283550031721e-12
4.591372421147710270e-12
4.359873573278605363e-12
4.120851229694189044e-12
3.875500181188540338e-12
3.625014351194000284e-12
3.370578122163792045e-12
3.113364167167675944e-12
2.854528462561956026e-12
2.595205951180790116e-12
2.336507723410541359e-12
2.079516897221522775e-12
1.825284715040176309e-12
1.574828809025596854e-12
1.329127021117149088e-12
1.089116101991860486e-12
8.556867237344278898e-13
6.296801730205914271e-13
4.118847461449109959e-13
2.030321711535970630e-13
3.793822030752911148e-15
-1.852217381206888724e-13
-3.634717581166985179e-13
-5.304812578793560718e-13
-6.858449897416407648e-13
-8.292275828665485182e-13
-9.603648171846446147e-13
-1.079062403666619652e-12
-1.185195604852529172e-12
-1.278707283287883190e-12
-1.359606437850713334e-12
-1.427965384825924389e-12
-1.483917047399863076e-12
-1.527652461995321342e-12
-1.559417308824584403e-12
-1.579509309804216777e-12
-1.588275192788979329e-12
-1.586107005284442817e-12
-1.573440488143729166e-12
-1.550750847179038772e-12
-1.518549934236002041e-12
-1.477383861948899924e-12
-1.427830076394798198e-12
-1.370493562385943775e-12
-1.306004566645202480e-12
-1.235013827316500112e-12
-1.158190405560477476e-12
-1.076218107687321179e-12
-9.897912567682909390e-13
-8.996115484494193737e-13
-8.063848525551031710e-13
-7.108174725906080127e-13
-6.136131641860942398e-13
-5.154709666922718814e-13
-4.170820318890461342e-13
-3.191276724216068894e-13
-2.222783995710006510e-13
-1.271916870871497851e-13
-3.451101912381980552e-14
5.513487886729673271e-14
1.411326025664572104e-13
2.228854850249567532e-13
2.998137762361130498e-13
3.713561576301760425e-13
4.369709618017719732e-13
4.961372567120758692e-13
5.483575290891884446e-13
5.931593107313948288e-13
6.300976992772155949e-13
6.587584210765440318e-13
6.787607585365118545e-13
6.897604232572462912e-13
6.914531881091479093e-13
6.835776519484304536e-13
6.659183838034210545e-13
6.383088502204259385e-13
6.006339631388357692e-13
5.528319230348188729e-13
4.948967125863179550e-13
4.268790182448967130e-13
3.488881004844873734e-13
2.610921732721510624e-13
1.637193934025601982e-13
5.705779951162628927e-14
-5.854425424263107192e-14
-1.826785250846896247e-13
-3.148770035942688450e-13
-4.546126116614784829e-13
-6.012996632727418689e-13
-7.542952807498837231e-13
-9.128998555360534617e-13
-1.076359379230396041e-12
-1.243866771735713250e-12
-1.414564103872917311e-12
-1.587545307886462087e-12
-1.761859863731729536e-12
-1.936515401160243677e-12
-2.110483662831619256e-12
-2.282703323239210214e-12
-2.452086710763579092e-12
-2.617525120263142213e-12
-2.777895535127639093e-12
-2.932067349331601847e-12
-3.078909523168693596e-12
-3.217298172666915868e-12
-3.346123942163381493e-12
-3.464300894762128991e-12
-3.570774101749329965e-12
-3.664526581487193013e-12
-3.744589274073950591e-12
-3.810047329716459430e-12
-3.860048999188014918e-12
-3.893811488520082520e-12
-3.910629632619677665e-12
-3.909882400482400655e-12
-3.891036364639388623e-12
-3.853656109498171389e-12
-3.797407267108754425e-12
-3.722058251887094826e-12
-3.627490018434653685e-12
-3.513694326814920110e-12
-3.380779597245142654e-12
-3.228971343777198300e-12
-3.058612824818895959e-12
-2.870165910495714456e-12
-2.664210865810368034e-12
-2.441443531717157889e-12
-2.202672939877192704e-12
-1.948819361094478175e-12
-1.680908450624185591e-12
-1.400067453465048128e-12
-1.107518482305891450e-12
-8.045725544136850260e-13
-4.926214059071398754e-13
-1.731299158940283189e-13
1.523724316209243423e-13
4.823009396373589830e-13
8.150251307181832772e-13
1.148878626781868473e-12
1.482169638758468189e-12
1.813191632428490241e-12
2.140232652561580018e-12
2.461587357560635070e-12
2.775567102542009223e-12
3.080509155053978709e-12
3.374788296039987756e-12
3.656823975572986996e-12
3.925095491685848259e-12
4.178142207211799075e-12
4.414580680178747940e-12
4.633108133256236272e-12
4.832509392649342317e-12
5.011664694354323046e-12
5.169557056733387057e-12
5.305276617323384514e-12
5.418024102282759102e-12
5.507116897923713950e-12
5.571992953840032570e-12
5.612208614502733894e-12
5.627445124473107185e-12
5.617511230487925999e-12
5.582339712012496236e-12
5.521987381240656134e-12
5.436635516775645272e-12
5.326590730991842548e-12
5.192279765864338259e-12
5.034248191926327110e-12
4.853157372503025258e-12
4.649780560583849365e-12
4.424998995694595649e-12
4.179797133407880949e-12
3.915257441172714792e-12
3.632556495186678447e-12
3.332956740459414036e-12
3.017800852961327607e-12
2.688506752293595703e-12
2.346558928070785477e-12
1.993502151548254275e-12
1.630933994627159489e-12
1.260496589917947663e-12
8.838694207959074678e-13
5.027609730444415614e-13
1.189000883427410171e-13
-2.659713812039332659e-13
-6.501077345726080647e-13
-1.031767661759108723e-12
-1.409222239769081231e-12
-1.780763904390969543e-12
-2.144714744342635093e-12
-2.499433385955152076e-12
-2.843325618354097806e-12
-3.174848405007590912e-12
-3.492521376269319688e-12
-3.794931816708535521e-12
-4.080741820844391299e-12
-4.348695448880279812e-12
-4.597624364555130683e-12
-4.826453906675576278e-12
-5.034207425924641655e-12
-5.220014091117386457e-12
-5.383107588158297929e-12
-5.522836094701277787e-12
-5.638660111745297243e-12
-5.730158535166562928e-12
-5.797026920995040911e-12
-5.839083990627491616e-12
-5.856266426657041890e-12
-5.848632342320136956e-12
-5.816360414134802426e-12
-5.759746412453692344e-12
-5.679204068825827179e-12
-5.575260305507034886e-12
-5.448554801779081913e-12
-5.299832621374900299e-12
-5.129941610393373708e-12
-4.939831096256730447e-12
-4.730540178327080625e-12
-4.503195993182940171e-12
-4.259007209406195926e-12
-3.999256221326463745e-12
-3.725293077488922577e-12
-3.438526590196500088e-12
-3.140418480818141234e-12
-2.832475573533166369e-12
-2.516238953309546389e-12
-2.193278978573909299e-12
-1.865185306551553346e-12
-1.533557785968198139e-12
-1.199998976054994504e-12
-8.661057981917963389e-13
-5.334606996594548622e-13
-2.036236440962693739e-13
1.218753694970028945e-13
4.415450752422167557e-13
7.539398792777429748e-13
1.057666866415007956e-12
1.351393389553701141e-12
1.633852558455273218e-12
1.903850558107600399e-12
2.160271527634760602e-12
2.402082005525940644e-12
2.628336784327167663e-12
2.838183030609564561e-12
3.030862670214129473e-12
3.205716725060425709e-12
3.362188565753099212e-12
3.499822827379706069e-12
3.618269095798098967e-12
3.717282991838599671e-12
3.796725087101826546e-12
3.856560903958694553e-12
3.896861566071718741e-12
3.917798377384151820e-12
3.919644556843460137e-12
3.902770467911764740e-12
3.867640582799758420e-12
3.814811314062360736e-12
3.744924075704814115e-12
3.658700946373993901e-12
3.556941199911456408e-12
3.440514800140404006e-12
3.310354377769608725e-12
3.167451977786894801e-12
3.012850169001324296e-12
2.847635321989727686e-12
2.672931537564537940e-12
2.489891539475541649e-12
2.299692337601189074e-12
2.103523301724696815e-12
1.902583776289268336e-12
1.698071262594413877e-12
1.491177949348998499e-12
1.283081063271906963e-12
1.074937014400312307e-12
8.678752703474013064e-13
6.629915258286878110e-13
4.613414142894123326e-13
2.639355476796029221e-13
7.173396669420475935e-14
-1.143589482008669500e-13
-2.934984883167651715e-13
-4.649037773675479546e-13
-6.278609359852693750e-13
-7.817265172856135980e-13
-9.259297972449842540e-13
-1.059974590739143352e-12
-1.183441148897013129e-12
-1.295986104890567425e-12
-1.397343720767330044e-12
-1.487325562189723005e-12
-1.565818980552025064e-12
-1.632787655081457956e-12
-1.688268340231668940e-12
-1.732368697278385827e-12
-1.765265668016158251e-12
-1.787201571630536723e-12
-1.798481177352206917e-12
-1.799467909749385974e-12
-1.790578644557394572e-12
-1.772281648694529199e-12
-1.745089532947941002e-12
-1.709555674106466583e-12
-1.666269010790200067e-12
-1.615849164540716920e-12
-1.558940585129342526e-12
-1.496207780067593252e-12
-1.428329785176096767e-12
-1.355994960414164119e-12
-1.279896002549796297e-12
-1.200725608350994289e-12
-1.119170077792941420e-12
-1.035906278291920390e-12
-9.515963321146680975e-13
-8.668831169393598213e-13
-7.823872842996348886e-13
-6.987031396163412289e-13
-6.163957148516696627e-13
-5.359982748441571854e-13
-4.580089562819522619e-13
-3.828898190259139023e-13
-3.110645150749408172e-13
-2.429173940991791181e-13
-1.787927444985015768e-13
-1.189942513014213832e-13
-6.378517912420875180e-14
-1.338852802495321681e-14
3.201196022129502994e-14
7.227122275198921697e-14
1.072812086562457967e-13
1.369697676676176479e-13
1.612989798151220899e-13
1.802630581696634815e-13
1.938869529337361453e-13
2.022242372471880212e-13
2.053552640435274412e-13
2.033852958011755918e-13
1.964428646876806295e-13
1.846779700736059238e-13
1.682605606494885775e-13
1.473792062781781320e-13
1.222399189249739893e-13
9.306506845545292617e-14
6.009260336515762080e-14
2.357543922180873469e-14
-1.621907496545185734e-14
-5.900938375089093135e-14
-1.044998912706415761e-13
-1.523806986624895443e-13
-2.023276294768616701e-13
-2.540020060601277940e-13
-3.070501481110959885e-13
-3.611032642607953091e-13
-4.157770861542425811e-13
-4.706716245049535896e-13
-5.253708167292370224e-13
-5.794429606270634636e-13
-6.324404433315222729e-13
-6.839002020947448912e-13
-7.333447542799687024e-13
-7.802825768322974032e-13
-8.242103831032632222e-13
-8.646138275822390362e-13
-9.009705416625213292e-13
-9.327513804738285508e-13
-9.594245970606651852e-13
-9.804588781484047111e-13
-9.953267593801329305e-13
-1.003508907915229287e-12
-1.004499326599794795e-12
-9.978099076157764813e-13
-9.829759619120470582e-13
-9.595615317950501044e-13
-9.271652456205314863e-13
-8.854263351155966522e-13
-8.340313032220714184e-13
-7.727193993174730213e-13
-7.012884739067415385e-13
-6.196014838352748022e-13
-5.275922927705511967e-13
-4.252704687967429065e-13
-3.127266512154697198e-13
-1.901371855100864039e-13
-5.776768766032475133e-14
8.402332378042859373e-14
2.347820830979341356e-13
3.939579511138407986e-13
5.609023445360405979e-13
7.348689799041574489e-13
9.150149171341381837e-13
1.100402646607434587e-12
1.290003910983661406e-12
1.482702740966679311e-12
1.677302285778281554e-12
1.872530776270142638e-12
2.067049005918808469e-12
2.259459546544162478e-12
2.448314988245936519e-12
2.632131708771301426e-12
2.809397029249205424e-12
2.978586344584699397e-12
3.138169845512406297e-12
3.286633118437798373e-12
3.422485385373708056e-12
3.544276200653784237e-12
3.650609762401169078e-12
3.740158356635436832e-12
3.811677102422139640e-12
3.864019347543656835e-12
3.896143824233533337e-12
3.907137634262536352e-12
3.896217549981262351e-12
3.862747795235765835e-12
3.806246550580594246e-12
3.726396795300512821e-12
3.623051728421367024e-12
3.496240840242248460e-12
3.346175116505922809e-12
3.173247038398829822e-12
2.978034268838469778e-12
2.761297917749927500e-12
2.523977554735878925e-12
2.267189474353115131e-12
1.992218022495162444e-12
1.700509958540985522e-12
1.393662529131090011e-12
1.073413276667101179e-12
7.416270830958027194e-13
4.002825902769263644e-13
5.145527287673395955e-14
-3.026986484817167922e-13
-6.599585244612682366e-13
-1.018058575809333011e-12
-1.374706988868656943e-12
-1.727604279251615527e-12
-2.074462997214698845e-12
-2.413026592776312818e-12
-2.741089690297404680e-12
-3.056515544136439999e-12
-3.357254144825683184e-12
-3.641361517869867725e-12
-3.907015336257479987e-12
-4.152527714046394536e-12
-4.376361252556026926e-12
-4.577143351836010510e-12
-4.753673583240969336e-12
-4.904933230409636025e-12
-5.030098299690921593e-12
-5.128537785420439477e-12
-5.199823210899623405e-12
-5.243728628395727398e-12
-5.260229318099218787e-12
-5.249504823889861171e-12
-5.211930279719334536e-12
-5.148072072802545307e-12
-5.058685675213281385e-12
-4.944701332415535333e-12
-4.807217124369600469e-12
-4.647485955106001043e-12
-4.466904277022898384e-12
-4.266996478374807111e-12
-4.049401872846525308e-12
-3.815859087041850728e-12
-3.568187195365779552e-12
-3.308271842236698568e-12
-3.038048979053797893e-12
-2.759483180153621262e-12
-2.474553765022258212e-12
-2.185239402624494787e-12
-1.893498162083839809e-12
-1.601252550692544574e-12
-1.310375202442926046e-12
-1.022673157095865815e-12
-7.398744702839799015e-13
-4.636158536068524239e-13
-1.954304231464865094e-13
6.326203124719376181e-14
3.111644785152439807e-13
5.471105339605042417e-13
7.700708560404168068e-13
9.791581608020738514e-13
1.173631287640364285e-12
1.352896419025417796e-12
1.516509574167601571e-12
1.664174332192958072e-12
1.795741506882553296e-12
1.911205568805307564e-12
2.010700633769957335e-12
2.094493849191803037e-12
2.162980948863801878e-12
2.216677362498753467e-12
2.256209758952354427e-12
2.282307589446253004e-12
2.295793112908062206e-12
2.297570553949634942e-12
2.288615044004904675e-12
2.269962429829464057e-12
2.242696479914929597e-12
2.207936524584175331e-12
2.166827915012214945e-12
2.120527494917090472e-12
2.070193192219016431e-12
2.016972743337785978e-12
1.961991766968873563e-12
1.906343789423448065e-12
1.851079185766213442e-12
1.797195855676725351e-12
1.745630224571359523e-12
1.697247919464628385e-12
1.652837263756146147e-12
1.613101904655855900e-12
1.578655825854036188e-12
1.550015541265659103e-12
1.527598793987783310e-12
1.511720327911081352e-12
1.502588960373973936e-12
1.500307040061543695e-12
1.504869796484231692e-12
1.516166532600227157e-12
1.533980407975032989e-12
1.557993209271024693e-12
1.587787843912447094e-12
1.622852676894104285e-12
1.662586843372004797e-12
1.706306537035962023e-12
1.753251406902411880e-12
1.802592797250923695e-12
1.853441662300059356e-12
1.904857131404535941e-12
1.955857567917385076e-12
2.005427724924291333e-12
2.052531972510096558e-12
2.096123405057048750e-12
2.135154900106961406e-12
2.168589743542503889e-12
2.195412905289795269e-12
2.214642098180563679e-12
2.225338619973871168e-12
2.226616677494797081e-12
2.217654879177466398e-12
2.197705125522864122e-12
2.166100198514042674e-12
2.122265037318715741e-12
2.065721291938382720e-12
1.996095779985274099e-12
1.913125040331475901e-12
1.816661729901747346e-12
1.706677117338517569e-12
1.583263251406230587e-12
1.446635996757428266e-12
1.297134817092315817e-12
1.135222016217241059e-12
9.614805696403494473e-13
7.766112514358269880e-13
5.814281890149930465e-13
3.768537673760896656e-13
1.639120290235565602e-13
-5.627909840629288785e-14
-2.825158997802473815e-13
-5.135185896301686093e-13
-7.479415307584669215e-13
-9.843837984330194857e-13
-1.221401560620727356e-12
-1.457519326585055008e-12
-1.691243065732317419e-12
-1.921072675936663643e-12
-2.145515319226798390e-12
-2.363098215371617350e-12
-2.572380459683887288e-12
-2.771967334488922852e-12
-2.960522235348483910e-12
-3.136777079401631418e-12
-3.299545315790797240e-12
-3.447730599279164032e-12
-3.580337198591521108e-12
-3.696479320552947812e-12
-3.795387181620979433e-12
-3.876415681502987098e-12
-3.939047438922260724e-12
-3.982899079990609437e-12
-4.007722539250968552e-12
-4.013407661762613543e-12
-3.999983937824636016e-12
-3.967616166167253766e-12
-3.916607056037024748e-12
-3.847389420941205174e-12
-3.760524877605142535e-12
-3.656696907078371694e-12
-3.536705000042883462e-12
-3.401455115834006726e-12
-3.251952743546504543e-12
-3.089293361055456266e-12
-2.914650508792360206e-12
-2.729267983489491733e-12
-2.534446394072964459e-12
-2.331531452279267391e-12
-2.121903130633540080e-12
-1.906962218342633797e-12
-1.688119370853169432e-12
-1.466782424686119413e-12
-1.244344471212910364e-12
-1.022172906213481003e-12
-8.015973952321675533e-13
-5.839005494390203665e-13
-3.703073546586221898e-13
-1.619760911768935996e-13
4.000987231409999789e-14
2.346498104328909040e-13
4.210318075084651390e-13
5.983385987194667077e-13
7.658521711771670848e-13
9.229570233082462494e-13
1.069142387469246280e-12
1.204004560981242200e-12
1.327246255608538483e-12
1.438676434928343184e-12
1.538208796447726456e-12
1.625859061098189340e-12
1.701740528006756570e-12
1.766061147150110866e-12
1.819117556242644262e-12
1.861289334464943934e-12
1.893032388830540036e-12
1.914871690031350049e-12
1.927394008283123128e-12
1.931240107069798206e-12
1.927095852685689614e-12
1.915683974298976189e-12
1.897754956653452396e-12
1.874079233812886436e-12
1.845437648181902368e-12
1.812613644250338218e-12
1.776384486555648845e-12
1.737513453427264043e-12
1.696742247571381146e-12
1.654783515075974876e-12
1.612314340197762430e-12
1.569970390670472060e-12
1.528340171433328898e-12
1.487959820460627025e-12
1.449309856155212017e-12
1.412810298438704759e-12
1.378819476129111710e-12
1.347630665914090198e-12
1.319471658670079428e-12
1.294503892100562492e-12
1.272822775996718114e-12
1.254458017498072397e-12
1.239375681076626545e-12
1.227480140100767336e-12
1.218616462080046592e-12
1.212573878112133130e-12
1.209089469170199216e-12
1.207852611331827752e-12
1.208508987327050477e-12
1.210665899128993139e-12
1.213896930023217191e-12
1.217747582459016709e-12
1.221740915900715319e-12
1.225383076258745874e-12
1.228168174799426637e-12
1.229585010198430695e-12
1.229121622189910390e-12
1.226271254678445999e-12
1.220536800967952917e-12
1.211436875293847582e-12
1.198509173849782172e-12
1.181315895798507043e-12
1.159447646399691667e-12
1.132526364355790349e-12
1.100209550200514919e-12
1.062193085224483191e-12
1.018213074618912195e-12
9.680492085023528759e-13
9.115251956015590906e-13
8.485110942861584515e-13
7.789235836191954476e-13
7.027272643997384272e-13
6.199339544314674821e-13
5.306035016743038124e-13
4.348425645169656795e-13
3.328041238859907880e-13
2.246864803587267367e-13
1.107316685176537585e-13
-8.775735672005013921e-15
-1.335106341888298020e-13
-2.631093314140603434e-13
-3.971713908278162730e-13
-5.352620473589309036e-13
-6.769143622367690405e-13
-8.216318250764409470e-13
-9.688904409679843788e-13
-1.118141603612121671e-12
-1.268813938463952962e-12
-1.420316446919256403e-12
-1.572040349458181385e-12
-1.723361904570896996e-12
-1.873644468741719749e-12
-2.022240881693893044e-12
-2.168496068474801142e-12
-2.311749099440096877e-12
-2.451334924977177643e-12
-2.586587628111702841e-12
-2.716840641348028385e-12
-2.841431083477896635e-12
-2.959700193261305401e-12
-3.070995064149983911e-12
-3.174673414776951752e-12
-3.270102071073477390e-12
-3.356661519918202607e-12
-3.433748077541487476e-12
-3.500775190568017337e-12
-3.557175821261582271e-12
-3.602404832769856569e-12
-3.635942458571350677e-12
-3.657295820358452687e-12
-3.666001096441773299e-12
-3.661629593282311745e-12
-3.643786227608414308e-12
-3.612115381107505740e-12
-3.566302635149565248e-12
-3.506079324436250921e-12
-3.431224488564810216e-12
-3.341567474113293912e-12
-3.236992488289680558e-12
-3.117441634697959429e-12
-2.982917732263778987e-12
-2.833486483638791853e-12
-2.669281679371082738e-12
-2.490505197905168444e-12
-2.297430908709818809e-12
-2.090406407001532685e-12
-1.869855832670186402e-12
-1.636280954481206251e-12
-1.390262254277740972e-12
-1.132459360661530745e-12
-8.636124042456228000e-13
-5.845404455612213113e-13
-2.961419358436107041e-13
6.072974239511525277e-16
3.046558773485419369e-13
6.148794581134486847e-13
9.300839178688624642e-13
1.249009684740898241e-12
1.570335333121730681e-12
1.892683709411868698e-12
2.214627353031017876e-12
2.534695543732201628e-12
2.851380806814796109e-12
3.163147044640823857e-12
3.468436909209726693e-12
3.765682210499221583e-12
4.053311072199639042e-12
4.329758773735647992e-12
4.593476207043201143e-12
4.842942019633866835e-12
5.076671288212208921e-12
5.293224192293166652e-12
5.491218157266386513e-12
5.669339130098816071e-12
5.826348518228607887e-12
5.961094031586844366e-12
6.072520524619262616e-12
6.159675200456682376e-12
6.221719753979337852e-12
6.257937744391650625e-12
6.267738064669181597e-12
6.250665783580355850e-12
6.206405615133414599e-12
6.134787990108581113e-12
6.035789923419798697e-12
5.909541085646896619e-12
5.756326838801673063e-12
5.576585200561812172e-12
5.370909446356098016e-12
5.140047675683545592e-12
4.884899342666448874e-12
4.606512220284297854e-12
4.306075895160743627e-12
3.984920032840122417e-12
3.644506571531813677e-12
3.286421048492860209e-12
2.912364793772326266e-12
2.524145822913048676e-12
2.123667561249042990e-12
1.712919194506168363e-12
1.293962333115405983e-12
8.689194112496134714e-13
4.399597006154998269e-13
9.286476210408622922e-15
-4.208770918584514575e-13
-8.483018974769773735e-13
-1.270767779198989089e-12
-1.686077276061292984e-12
-2.092070874176732431e-12
-2.486640450841126615e-12
-2.867742935480643851e-12
-3.233414837960912891e-12
-3.581784608491789257e-12
-3.911085431212990571e-12
-4.219666283056255907e-12
-4.506004510490546622e-12
-4.768711901054212277e-12
-5.006550729547143419e-12
-5.218434191711640580e-12
-5.403439414658484097e-12
-5.560809625271279089e-12
-5.689961956462097348e-12
-5.790485278767132371e-12
-5.862149307644948237e-12
-5.904901567710396648e-12
-5.918864790649402963e-12
-5.904339950985049157e-12
-5.861799760864538911e-12
-5.791884766931376660e-12
-5.695397712474070673e-12
-5.573297899574836123e-12
-5.426691214449608225e-12
-5.256821020149793355e-12
-5.065060350306627157e-12
-4.852898465024235719e-12
-4.621930008857910721e-12
-4.373842434068908602e-12
-4.110404291240987718e-12
-3.833447448364779575e-12
-3.544858634060843450e-12
-3.246561873504472118e-12
-2.940503743276146054e-12
-2.628641661978070587e-12
-2.312927193520719626e-12
-1.995293470377634826e-12
-1.677641532638052269e-12
-1.361826233378660156e-12
-1.049643878758832471e-12
-7.428211149483610054e-13
-4.430025411176347072e-13
-1.517411142484131892e-13
1.295117984211058282e-13
3.994144695974172210e-13
6.567424555570244848e-13
9.003947760988229021e-13
1.129399091609473160e-12
1.342915795926602485e-12
1.540240266058312546e-12
1.720805464268393425e-12
1.884181179134802875e-12
2.030073375028362825e-12
2.158322782649935156e-12
2.268901863264338736e-12
2.361909062428835249e-12
2.437565774227046234e-12
2.496209402375049180e-12
2.538284903444432139e-12
2.564339582691865793e-12
2.575013769920420081e-12
2.571030411138708338e-12
2.553187695986114392e-12
2.522347998870633212e-12
2.479428771670622034e-12
2.425391484872641001e-12
2.361231436071031808e-12
2.287968642669668817e-12
2.206636566179365211e-12
2.118272788079189617e-12
2.023910119358651727e-12
1.924567276379018921e-12
1.821240207255936383e-12
1.714894068763350710e-12
1.606456937960909492e-12
1.496812439619188417e-12
1.386794433629046086e-12
1.277181485570544339e-12
1.168693505686213552e-12
1.061987412072362691e-12
9.576553959556033391e-13
8.562224822379616018e-13
7.581460416059004892e-13
6.638155736898854187e-13
5.735531407452532093e-13
4.876145602746018159e-13
4.061920884281672306e-13
3.294162089374080837e-13
2.573592651922834706e-13
1.900389025831505929e-13
1.274223782044003883e-13
6.943084345303884852e-14
1.594438387472318225e-14
-3.319319848821798702e-14
-7.816926901778320502e-14
-1.191967938197688315e-13
-1.565093405353143452e-13
-1.903558284306952619e-13
-2.209952191948097444e-13
-2.486917735546739783e-13
-2.737102807858632358e-13
-2.963115592734960613e-13
-3.167485804894676349e-13
-3.352623083666128601e-13
-3.520787448477863402e-13
-3.674057314894535464e-13
-3.814306455320742861e-13
-3.943181501805947953e-13
-4.062090561921666287e-13
-4.172188582032138049e-13
-4.274374636788896842e-13
-4.369286779170450385e-13
-4.457308545695315427e-13
-4.538574377432880169e-13
-4.612980462025129125e-13
-4.680202623022489128e-13
-4.739708517158269796e-13
-4.790786907807320638e-13
-4.832563385917532095e-13
-4.864033438176096347e-13
-4.884085215255129508e-13
-4.891530973674673710e-13
-4.885135807160267962e-13
-4.863650714809208964e-13
-4.825836453538345783e-13
-4.770500943059030607e-13
-4.696520949920568455e-13
-4.602876239878650466e-13
-4.488669364585001764e-13
-4.353153579793322958e-13
-4.195753174150024245e-13
-4.016081358530071421e-13
-3.813958968524461257e-13
-3.589425577512489474e-13
-3.342751151835104961e-13
-3.074442556007944694e-13
-2.785245450075135576e-13
-2.476149710620156874e-13
-2.148381299249546572e-13
-1.803399145511655477e-13
-1.442886202228724213e-13
-1.068736435070813395e-13
-6.830408634528328804e-14
-2.880708231635040195e-14
1.137410918759535622e-14
5.198248312376398117e-14
9.274940976919734958e-14
1.333970640112619455e-13
1.736411307708823903e-13
2.131934223343484591e-13
2.517646735620410192e-13
2.890670287771651692e-13
3.248171317419418225e-13
3.587386193226044240e-13
3.905644525240697940e-13
4.200399251509667753e-13
4.469246153715467074e-13
4.709948793826801428e-13
4.920457487636586968e-13
5.098928007249425853e-13
5.243737302013107282e-13
5.353498135247936052e-13
5.427069926268457412e-13
5.463569050304095676e-13
5.462374801611102892e-13
5.423131561876903817e-13
5.345752594927699608e-13
5.230418962526295346e-13
5.077573561260151358e-13
4.887918412035952009e-13
4.662405444361139573e-13
4.402221317513499432e-13
4.108786336338987599e-13
3.783727346197418573e-13
3.428873396153775399e-13
3.046233241783130596e-13
2.637976642683170780e-13
2.206418506017424064e-13
1.753998286673982832e-13
1.283258303222054031e-13
7.968240189849470911e-14
2.973848313328301962e-14
-2.123293233672728791e-14
-7.295651984016299219e-14
-1.251568564498289904e-13
-1.775601963637657432e-13
-2.298963428480627069e-13
-2.819003168917644242e-13
-3.333142952182538421e-13
-3.838886402773161732e-13
-4.333838247039950575e-13
-4.815713257853848628e-13
-5.282347909779661066e-13
-5.731714473704296875e-13
-6.161923727342200063e-13
-6.571235526206531397e-13
-6.958064766721117067e-13
-7.320985723029138637e-13
-7.658733673296391764e-13
-7.970208152317803663e-13
-8.254474577820691827e-13
-8.510762082060419065e-13
-8.738461885517134764e-13
-8.937126212693602412e-13
-9.106467750014113349e-13
-9.246347177499503189e-13
-9.356779673980186729e-13
-9.437917027760311939e-13
-9.490050889224277419e-13
-9.513603013017180032e-13
-9.509117668629607500e-13
-9.477254050982431011e-13
-9.418777606809425329e-13
-9.334553529444233888e-13
-9.225535916798643932e-13
-9.092760724048465359e-13
-8.937336005813978357e-13
-8.760432158340381026e-13
-8.563273787981495744e-13
-8.347128327076958065e-13
-8.113300070840268052e-13
-7.863117709033806690e-13
-7.597927820755800976e-13
-7.319087285025116518e-13
-7.027950812456273955e-13
-6.725864440046414039e-13
-6.414161736467693942e-13
-6.094150249540131181e-13
-5.767107711523999924e-13
-5.434276618108968560e-13
-5.096854470594547326e-13
-4.755992691687915830e-13
-4.412786596633827552e-13
-4.068275664265152969e-13
-3.723433508132784064e-13
-3.379167605455091206e-13
-3.036312520854345109e-13
-2.695628280053458115e-13
-2.357795219915664875e-13
-2.023411548989634268e-13
-1.692989146226051012e-13
-1.366951257047999135e-13
-1.045628427592815157e-13
-7.292564040703788941e-14
-4.179740998840400512e-14
-1.118200296219102816e-14
1.892697153518807518e-14
4.854633473103282804e-14
7.770342122558407394e-14
1.064361543779562824e-13
1.347931640437172174e-13
1.628336408852210093e-13
1.906272177869955398e-13
2.182538817643159268e-13
2.458035944924441552e-13
2.733758315207057699e-13
3.010790943815122578e-13
3.290302600690575563e-13
3.573538220977973134e-13
3.861810773508195238e-13
4.156490147726177309e-13
4.458990685365926687e-13
4.770759525277168400e-13
5.093261424594930364e-13
5.427964393060757953e-13
5.776319093181436770e-13
6.139744745600750342e-13
6.519607445056030404e-13
6.917199560536879677e-13
7.333718593342808401e-13
7.770244408837612138e-13
8.227715384001577092e-13
8.706904554983685429e-13
9.208399017260338049e-13
9.732574988985387421e-13
1.027956799543039423e-12
1.084925769015421260e-12
1.144124074994867790e-12
1.205481027499732960e-12
1.268894277844934138e-12
1.334226891296086404e-12
1.401306588127981811e-12
1.469924225741547907e-12
1.539833256562761488e-12
1.610748210159607119e-12
1.682344801662294387e-12
1.754259498082388902e-12
1.826091361456505524e-12
1.897401289904787625e-12
1.967713969194817558e-12
2.036520691667265126e-12
2.103279356235887576e-12
2.167419455717523036e-12
2.228343161034262998e-12
2.285431392745618240e-12
2.338045338931560302e-12
2.385533177245990899e-12
2.427233110682824879e-12
2.462479872789025137e-12
2.490611016037203029e-12
2.510970381272570329e-12
2.522916988170753605e-12
2.525830022567787658e-12
2.519115558513584929e-12
2.502214798208446389e-12
2.474607758290447990e-12
2.435823027654993034e-12
2.385442754784805608e-12
2.323109152962965496e-12
2.248532089688115576e-12
2.161492989802282771e-12
2.061850690182609469e-12
1.949547944954388434e-12
1.824614894938014764e-12
1.687172211835286095e-12
1.537435218197658049e-12
1.375716272671023699e-12
1.202424986836148069e-12
1.018070827293882097e-12
8.232617604124470301e-13
6.187030054949360647e-13
4.051960047872504855e-13
1.836346965331317471e-13
-4.499853723145819107e-14
-2.796376140628414886e-13
-5.191384973811385972e-13
-7.622862302318622607e-13
-1.007802240098054636e-12
-1.254352958307558552e-12
-1.500558683385777581e-12
-1.745003772556097399e-12
-1.986246236929112285e-12
-2.222829992987174208e-12
-2.453294511983727944e-12
-2.676188264050249899e-12
-2.890079018116886722e-12
-3.093565768136352645e-12
-3.285290659307826822e-12
-3.463951564822154161e-12
-3.628311626840963200e-12
-3.777212050082301431e-12
-3.909580124916711696e-12
-4.024442237793302013e-12
-4.120931026974083977e-12
-4.198292321427876672e-12
-4.255896416532900517e-12
-4.293239375119384249e-12
-4.309953435810420785e-12
-4.305806579341098228e-12
-4.280709033771534777e-12
-4.234713274486878731e-12
-4.168013156835570499e-12
-4.080946951895425556e-12
-3.973993009664944509e-12
-3.847764988573754152e-12
-3.703010554440000490e-12
-3.540602490012534354e-12
-3.361536092885697435e-12
-3.166915731392383471e-12
-2.957951591997520779e-12
-2.735945584669829955e-12
-2.502283753466616467e-12
-2.258423482948135330e-12
-2.005881571953693765e-12
-1.746223174739491846e-12
-1.481047597930162940e-12
-1.211977133236397108e-12
-9.406427459862642948e-13
-6.686716610103393688e-13
-3.976746232661754199e-13
-1.292332668829943021e-13
1.351118517197921753e-13
3.938731122938438078e-13
6.456264017330737293e-13
8.890213326791240878e-13
1.122791204628825756e-12
1.345760959267638945e-12
1.556855122250566659e-12
1.755104308415189607e-12
1.939650263321768264e-12
2.109751175843888049e-12
2.264784713934542282e-12
2.404249108828304671e-12
2.527765973966977775e-12
2.635078353435682530e-12
2.726050288281989253e-12
2.800665081792441669e-12
2.859021396364735956e-12
2.901329133539465310e-12
2.927904012989257510e-12
2.939163018869650479e-12
2.935613774637801932e-12
2.917853458850316883e-12
2.886555144215874336e-12
2.842463460786537333e-12
2.786383753936028107e-12
2.719172760221044705e-12
2.641731017966053585e-12
2.554992892603302757e-12
2.459917252534138399e-12
2.357478795511624980e-12
2.248658724501861883e-12
2.134436507747472511e-12
2.015782072511962397e-12
1.893646480941035826e-12
1.768956400631516157e-12
1.642606189955486684e-12
1.515452151788776458e-12
1.388307220920315110e-12
1.261935976722139419e-12
1.137050306340703365e-12
1.014306152090360680e-12
8.943006925277163788e-13
7.775704450978249138e-13
6.645900735118004388e-13
5.557713035446443239e-13
4.514635464514943353e-13
3.519543055434393164e-13
2.574704772301261713e-13
1.681802077159802455e-13
8.419543409904708953e-14
5.574446222141428778e-15
-6.767464599778325041e-14
-1.355906082941074620e-13
-1.982549188836099652e-13
-2.557880394039174776e-13
-3.083447668202066172e-13
-3.561102422059564399e-13
-3.992953970938240005e-13
-4.381323320638841334e-13
-4.728703865107541926e-13
-5.037715578894153001e-13
-5.311067341126629593e-13
-5.551515193727429853e-13
-5.761826562741823032e-13
-5.944747732272714913e-13
-6.102971318415473245e-13
-6.239107537900356881e-13
-6.355659813543634851e-13
-6.455004174406309136e-13
-6.539366487548492479e-13
-6.610814326513114736e-13
-6.671235829383559413e-13
-6.722338072480404936e-13
-6.765635686238613555e-13
-6.802451939409703829e-13
-6.833916028556319411e-13
-6.860965788557660261e-13
-6.884352029418172592e-13
-6.904645041480583778e-13
-6.922243811144368486e-13
-6.937386320786387284e-13
-6.950159306580439011e-13
-6.960515605732020550e-13
-6.968286624803310403e-13
-6.973194265937066039e-13
-6.974874237203332328e-13
-6.972882015711390213e-13
-6.966719952664068849e-13
-6.955843778570780511e-13
-6.939682660987711582e-13
-6.917659262258013531e-13
-6.889194076320492854e-13
-6.853725486449802062e-13
-6.810722233581423257e-13
-6.759691547827961777e-13
-6.700192701006302265e-13
-6.631842969749557337e-13
-6.554326309124447469e-13
-6.467397147338904695e-13
-6.370888517258366246e-13
-6.264710430102515826e-13
-6.148853670152887307e-13
-6.023389252651778492e-13
-5.888465713296819892e-13
-5.744309108240974737e-13
-5.591217050980590297e-13
-5.429553833445621702e-13
-5.259747173393114483e-13
-5.082281709194169661e-13
-4.897689784115477618e-13
-4.706544399005196944e-13
-4.509453520231548884e-13
-4.307050050812721853e-13
-4.099985054153293396e-13
-3.888918267275220941e-13
-3.674509156149918798e-13
-3.457411494687395725e-13
-3.238261709562900714e-13
-3.017675085509319288e-13
-2.796236820649250499e-13
-2.574496605484144496e-13
-2.352961846630724496e-13
-2.132093736588111521e-13
-1.912303865606035380e-13
-1.693949884876144729e-13
-1.477334286804563024e-13
-1.262703998436073838e-13
-1.050248958438769475e-13
-8.401037434073096999e-14
-6.323501428430813864e-14
-4.270192597959077130e-14
-2.240961864859170038e-14
-2.352407853201902294e-15
1.747892805427538054e-14
3.709667867487186077e-14
5.651534944780926828e-14
7.575113225490731628e-14
9.482100163642898094e-14
1.137421049273584783e-13
1.325309084481904320e-13
1.512023741889051420e-13
1.697693363927194055e-13
1.882418781398373375e-13
2.066263826705494466e-13
2.249252758872166691e-13
2.431361318874780686e-13
2.612514967813978073e-13
2.792581433024715620e-13
2.971367997570834030e-13
3.148621771295601057e-13
3.324021017204331629e-13
3.497180843525793392e-13
3.667648324802430526e-13
3.834904399244165596e-13
3.998364410829485793e-13
4.157380277709787908e-13
4.311243744815895784e-13
4.459189907515120899e-13
4.600402632622124788e-13
4.734017539954893383e-13
4.859131218053203138e-13
4.974807458341112820e-13
5.080082405087282815e-13
5.173976481628872470e-13
5.255499811382402520e-13
5.323666854573083640e-13
5.377499660841333906e-13
5.416044674376452317e-13
5.438379239129653708e-13
5.443621898734707365e-13
5.430946491136179333e-13
5.399590280105726059e-13
5.348864797263819248e-13
5.278165057798211990e-13
5.186980402485663610e-13
5.074903713410405803e-13
4.941639545480436269e-13
4.787007921135122412e-13
4.610956798670184931e-13
4.413564240642042780e-13
4.195041937524873754e-13
3.955741712923649400e-13
3.696156065675221258e-13
3.416919254050493349e-13
3.118807024703879049e-13
2.802735799521671733e-13
2.469760236167156675e-13
2.121069162322464230e-13
1.757980425728250529e-13
1.381934660021205685e-13
9.944900670110987106e-14
5.973112358458737559e-14
1.921627733238867597e-14
-2.191028933805350132e-14
-6.345544613850159776e-14
-1.052194423712023152e-13
-1.469970656699584599e-13
-1.885789701477902369e-13
-2.297529300056971868e-13
-2.703051270227380121e-13
-3.100216210052270105e-13
-3.486896643818682140e-13
-3.860990303514166833e-13
-4.220435036606656753e-13
-4.563219377015648170e-13
-4.887399621296417696e-13
-5.191109586459574654e-13
-5.472574975649846518e-13
-5.730121238611829426e-13
-5.962191461025834194e-13
-6.167349617114403770e-13
-6.344295748472728036e-13
-6.491871927180592472e-13
-6.609070929419758045e-13
-6.695045993293513575e-13
-6.749112987231020711e-13
-6.770759625705780049e-13
-6.759647095538889872e-13
-6.715614934808822323e-13
-6.638686453862285841e-13
-6.529063314303362731e-13
-6.387133660509802802e-13
-6.213466698622160944e-13
-6.008812154442710884e-13
-5.774101357637617671e-13
-5.510439652321730275e-13
-5.219105312856409107e-13
-4.901541412333232373e-13
-4.559350943664219891e-13
-4.194290585419341300e-13
-3.808261486108049931e-13
-3.403301403713532292e-13
-2.981574676822612568e-13
-2.545360027351312171e-13
-2.097042429028556088e-13
-1.639097386464671846e-13
-1.174081448382380266e-13
-7.046163511600228579e-14
-2.333765843878961299e-14
2.369269738082893650e-14
7.035614224461944621e-14
1.163788032956802887e-13
1.614878207285147527e-13
2.054129707041579822e-13
2.478882984296992831e-13
2.886538935393395677e-13
3.274575163976500836e-13
3.640562244028311412e-13
3.982181338152424033e-13
4.297239918505529888e-13
4.583686945627829523e-13
4.839629673576706370e-13
5.063347202453882812e-13
5.253303759882033130e-13
5.408163066683568942e-13
5.526799721003450294e-13
5.608310582431996760e-13
5.652021819319008600e-13
5.657499208694405368e-13
5.624554099380174588e-13
5.553249375102320418e-13
5.443900538693036140e-13
5.297080048899394100e-13
5.113615151979000739e-13
4.894585713295651619e-13
4.641319338409555240e-13
4.355387578369729340e-13
4.038597527147164135e-13
3.692980708562554337e-13
3.320781150062401821e-13
2.924443456495118276e-13
2.506595462876265445e-13
2.070033462133955005e-13
1.617701063166485098e-13
1.152671979132852131e-13
6.781257684291414067e-14
1.973278955329487577e-14
-2.863951887059276724e-14
-7.696800011572357825e-14
-1.249150387077832547e-13
-1.721441321737501862e-13
-2.183227557073230685e-13
-2.631245102444751405e-13
-3.062318736264668662e-13
-3.473384774244081541e-13
-3.861515057365649817e-13
-4.223938364876500540e-13
-4.558064537786565840e-13
-4.861502910305515179e-13
-5.132078572875342637e-13
-5.367851345708385402e-13
-5.567133126022083545e-13
-5.728493309049842441e-13
-5.850775051073620059e-13
-5.933100690434789382e-13
-5.974878794848259567e-13
-5.975809582413338372e-13
-5.935878416400697244e-13
-5.855365563071923685e-13
